188
MN862357_Emilia_sonchifolia_noda-like_virus              0.0000000 0.7290487 0.8441928 0.8705193 1.1259800 1.1691714 1.2516748 1.5176692 1.6309351 1.7149576 1.7250213 1.8440841 1.7521282 1.7271623 1.7383261 1.7553879 1.6520795 1.6020516 1.5172455 1.5614146 1.6128174 1.7242538 2.0819138 2.0419210 2.0490411 1.8239711 1.9601815 2.1021838 1.8202784 1.8135728 1.7954920 1.6656916 1.6417533 1.6430926 1.6300558 1.6690731 1.6308622 1.5728581 1.3276477 1.5864512 1.7425766 2.2081583 2.2139355 2.2125596 2.2086301 2.2101689 2.2619534 2.2207344 2.2225297 2.2225297 2.2216364 2.0361429 2.0356793 2.0227941 1.7866962 1.6557080 2.3108468 1.7479190 1.8311214 1.9662345 1.9798906 2.0760547 2.1184501 2.1257019 2.0823047 2.0593023 2.1379519 1.9647396 2.3692567 2.3692567 2.5060509 2.1412091 1.6698069 1.9899488 1.7095584 1.7769756 1.8088111 1.9664281 2.3438793 2.3076330 2.2922748 2.1569024 2.3494532 2.3549543 2.3118262 2.1853574 1.9091689 2.0256360 2.4501455 3.0632097 3.0660009 3.0550232 3.0569170 3.0634628 3.0598496 3.0671294 3.0646882 3.0646882 3.0674806 3.0465831 3.0658714 3.0658714 3.0687187 3.0737851 3.0456265 3.0637243 3.0610259 2.9484894 3.0720813 2.9969946 3.0549027 3.0670906 3.0665524 3.0684008 3.0921626 3.0760345 3.0724933 3.1187091 3.0978983 3.0972128 3.1071946 3.1145289 3.1046821 3.0966315 3.0842705 3.0579681 3.0367530 2.7307694 2.7305045 2.9570084 3.7609276 3.6099750 2.5449134 2.5449134 2.5342049 2.5382940 2.4873841 2.5424103 2.5393107 2.5786682 2.5779347 2.4775819 2.5307608 2.5334862 2.4944064 2.4981467 2.5035458 2.4663078 2.4985119 2.5315911 2.6457670 2.6728265 2.4717124 2.4582211 2.7504825 2.7609144 2.8475292 2.4535266 2.4800277 2.4707598 2.4059126 2.2752315 2.3423015 2.9345622 2.9275752 2.9205076 2.9186763 2.9327725 2.5732168 2.7635389 2.8603862 2.6426568 2.6476450 2.5513465 2.1728024 2.2715419 2.7128636 2.6970894 3.1617899 3.4929158 3.5845193 3.5362115 3.9083189 4.1682788 3.2265412 3.2055023 2.7128859 2.4783208 
MW239267_Riboviria_sp_                                   0.7290487 0.0000000 0.8037284 0.7858361 1.0734103 1.0018047 1.2026563 1.4721770 1.5299584 1.7061868 1.6669717 1.7655887 1.6759672 1.6627196 1.6884864 1.7166015 1.5114813 1.5585112 1.4936110 1.5929604 1.5960264 1.6397216 2.0619026 2.0368732 2.0439517 1.8556685 1.9647337 2.0239704 1.8124079 1.8000852 1.8615211 1.7426713 1.7250064 1.7340251 1.6930789 1.7531578 1.7376214 1.6622363 1.4551751 1.7143040 1.7548265 2.0884393 2.0843496 2.0804801 2.0768905 2.0782873 2.0923079 2.0709543 2.0877914 2.0877914 2.0888141 1.8848928 1.8578417 1.8946520 1.6723081 1.6553754 2.1443141 1.6632189 1.8853347 1.8649260 1.8713750 2.0320488 2.2127256 2.2319002 2.1804461 2.0762909 2.0883209 2.0571277 2.2721812 2.2721812 2.3104189 2.1448516 1.6335956 1.9235210 1.8273211 1.8662318 1.8081874 1.9805466 2.2893180 2.2154493 2.2975289 2.1057152 2.3139301 2.3285698 2.2064362 2.2735930 1.7715841 1.9284021 2.3644257 3.0089356 3.0116253 2.9993021 3.0034037 3.0105903 3.0057811 3.0150780 3.0103945 3.0103945 3.0130859 2.9942107 3.0086441 3.0086441 3.0244569 3.0193856 2.9936869 3.0098673 3.0072139 2.9015876 3.0068214 2.9551961 2.9989044 3.0127798 3.0101797 3.0146030 3.0329021 3.0214084 3.0202616 3.0284953 3.0214602 3.0280769 3.0156522 3.0111366 3.0097887 3.0068419 2.9862384 2.9877007 2.9772668 2.7578366 2.7575722 2.8895172 3.7716502 3.6599397 2.5263742 2.5263742 2.5028824 2.5186387 2.4413490 2.5261119 2.5260749 2.5765736 2.5758563 2.4493781 2.5427338 2.5351405 2.5092280 2.4904581 2.5123554 2.4929503 2.5160004 2.5469214 2.6104654 2.5610247 2.7479988 2.7050690 2.7528351 2.7326897 2.8651208 2.3415695 2.3180376 2.3092508 2.2777482 2.0534067 2.3576760 2.6952440 2.7041877 2.7073185 2.6886110 2.7015723 2.4125521 2.7631320 3.0124300 2.6687972 2.3830524 2.3189272 2.2071232 2.3325491 2.5598369 2.6905681 3.3655367 3.4415935 3.7598913 3.4830621 3.5946165 3.8086264 3.1368231 2.9039109 2.7607468 2.2725889 
MT482496_PNG_bee_virus_14                                0.8441928 0.8037284 0.0000000 0.8375259 1.0802848 1.0364746 1.2595046 1.4098753 1.5661485 1.6526157 1.6385104 1.7689887 1.5538826 1.5745646 1.5839316 1.6247219 1.4154327 1.4569786 1.4890133 1.6570787 1.5778522 1.6874388 2.0099658 2.0103492 2.0172792 1.7204488 1.9657368 2.0023828 1.8508791 1.8464034 1.8211730 1.5721045 1.6189505 1.5856042 1.5760760 1.5905731 1.5890039 1.6725992 1.3728781 1.6692055 1.7097873 2.0980072 2.1060160 2.1072817 2.1036774 2.1027618 2.0528628 2.0968164 2.1042593 2.1042593 2.1085074 1.9542453 1.9701450 1.9538022 1.7545210 1.6280625 2.2103282 1.6626317 1.8243436 1.9219281 1.9300790 2.1343320 2.1371395 2.1259161 2.0590216 2.0561253 2.0777601 1.9672175 2.2937605 2.2937605 2.4261904 2.1779715 1.8595296 1.9042605 1.7713186 1.7931203 1.8430732 2.0162203 2.3042713 2.2981368 2.3448846 2.1753020 2.2903085 2.3150948 2.2497950 2.2087117 1.8499878 1.9390682 2.4083554 2.9595628 2.9635882 2.9501590 2.9566891 2.9612037 2.9556482 2.9604325 2.9609982 2.9609982 2.9650252 2.9640860 2.9572347 2.9572347 2.9780308 2.9717300 2.9635691 2.9604817 2.9581513 2.8645262 2.9573484 2.9215248 2.9639698 2.9632246 2.9631848 2.9707044 3.0068972 2.9575379 2.9708365 2.9915338 2.9644851 2.9803433 2.9690782 2.9646278 2.9636737 2.9592078 2.9672173 2.8992133 2.8842332 2.6919648 2.6926698 2.8174904 3.7785459 3.5943148 2.4861231 2.4861231 2.4759861 2.4860159 2.4297996 2.4968173 2.4901876 2.5563644 2.5556425 2.4403928 2.5036156 2.5075070 2.4537061 2.4386203 2.4485302 2.4272858 2.4762712 2.5204392 2.5518956 2.6455772 2.5340267 2.4653623 2.7376655 2.7050956 2.7402438 2.3556200 2.4405614 2.4106098 2.3439777 2.1811022 2.3238379 2.7926057 2.7971211 2.8003777 2.7857004 2.7937859 2.3697915 2.7042919 2.7305228 2.6060280 2.5016992 2.2920500 2.1993043 2.2910502 2.5472129 2.6374522 3.1571183 3.3228025 3.4440568 3.3665526 3.7615394 3.7104405 3.1051791 3.1263321 2.5644627 2.3733291 
MT317176_Rice_Noda-like_virus                            0.8705193 0.7858361 0.8375259 0.0000000 1.2111188 1.1667112 1.1551233 1.4909865 1.5911028 1.8051721 1.7227690 1.7893065 1.6387640 1.6421027 1.6318805 1.6784776 1.5856844 1.6319976 1.5136006 1.6676587 1.7177020 1.6894330 2.0155582 2.0310633 2.0380536 1.8509655 1.9994709 2.0357912 1.8596279 1.8535541 1.9144875 1.6804396 1.6812486 1.7058369 1.6892721 1.6878266 1.5952963 1.6656154 1.3515533 1.6956524 1.7647630 2.1149856 2.1218167 2.1178199 2.1142014 2.1156317 2.0776368 2.1219353 2.1108158 2.1108158 2.1150784 1.8806583 1.8705295 1.7639751 1.7353479 1.6323405 2.1749243 1.6421340 2.0658465 2.0676241 2.0749686 2.1980319 2.2844054 2.3053266 2.2050928 2.0729078 2.2317877 2.0564929 2.2505557 2.2505557 2.3571829 2.2661099 1.7825483 2.0516558 1.8347433 1.8628180 2.0642462 2.0781607 2.5385221 2.4842145 2.5801821 2.3613164 2.4028788 2.4194652 2.3149340 2.2369242 1.9725666 2.1292748 2.4482189 3.2320741 3.2350422 3.2215061 3.2287738 3.2316246 3.2239482 3.2371823 3.2336224 3.2336224 3.2365917 3.2358642 3.2348209 3.2348209 3.2392346 3.2421395 3.2344785 3.2322380 3.2286904 3.1497070 3.2349756 3.1874227 3.2192789 3.2366994 3.2366687 3.2089172 3.2228704 3.1930406 3.2071321 3.2603343 3.2375427 3.2372261 3.2355220 3.2307714 3.2317941 3.2247919 3.2277727 3.2222498 3.2183610 2.8967037 2.8975397 3.0786391 4.0561979 3.8374210 2.5599415 2.5599415 2.5319803 2.5520477 2.4604312 2.5606725 2.5661060 2.6246739 2.6236611 2.4586725 2.5539894 2.5569445 2.4995075 2.4792258 2.5002592 2.4733686 2.5048165 2.5645300 2.5229343 2.7886894 2.7098364 2.4878883 2.7393478 2.7354853 2.9431295 2.5522012 2.5561725 2.5305580 2.6175677 2.2440519 2.5745839 2.8651406 2.8564178 2.8727732 2.8638695 2.8666132 2.5526585 3.0101423 3.1204477 2.6980358 2.7609068 2.5909342 2.3622878 2.4661979 2.6486837 3.0204232 3.4833026 3.5306682 3.7281066 3.6382215 3.6679768 4.2308600 3.0618647 3.1020051 2.7610210 2.4553834 
OL472288_Koper_noda-like_virus_2                         1.1259800 1.0734103 1.0802848 1.2111188 0.0000000 0.3712651 1.3151907 1.6991922 1.7468224 1.8738111 1.8994225 1.8330288 1.7319125 1.7672754 1.7449674 1.8299404 1.6849418 1.6716766 1.6994546 1.8609995 1.8916742 1.8265522 2.1310778 2.0893846 2.0828303 1.9406308 2.0975117 2.1353396 1.8970578 1.8965827 1.8825374 2.0015395 2.0274301 1.9618290 1.9442838 1.9998693 1.8565075 1.7469052 1.5234098 1.6877760 1.7950361 2.2611487 2.2701391 2.2665132 2.2708006 2.2723800 2.2409331 2.2652053 2.2761953 2.2761953 2.2738551 1.9117579 1.8779346 2.0400217 1.9047355 1.7559296 2.2604076 1.8598660 2.0361482 2.0182897 2.0275683 2.2275775 2.1444968 2.1314719 2.1389909 2.1103151 2.1248452 2.1114072 2.3268447 2.3268447 2.5564896 2.2416167 2.0370423 2.0531354 1.9215895 2.0128315 1.9066896 2.1830145 2.5273327 2.5215158 2.4778157 2.4873343 2.7280756 2.7483746 2.6803033 2.4241215 1.9494301 2.0454980 2.5164130 3.1845376 3.1938760 3.1770281 3.1786263 3.1862389 3.1750424 3.1863365 3.1860715 3.1860715 3.1877935 3.1823711 3.1821038 3.1821038 3.1808838 3.1973781 3.1795863 3.1832837 3.1706715 3.0500863 3.1900511 3.1622279 3.1688805 3.1875657 3.1875329 3.1819409 3.1833893 3.1653831 3.1826010 3.2165129 3.1840919 3.1938420 3.1941158 3.2017320 3.1921380 3.1849415 3.1648096 3.1664913 3.1787032 2.7334361 2.7349052 2.9883747 3.8993464 3.8489588 2.8220744 2.8220744 2.7948820 2.8122005 2.7478404 2.7907900 2.7861632 2.8765972 2.8758626 2.7420809 2.8011261 2.8008068 2.7732320 2.7538248 2.7720092 2.7248378 2.7759148 2.8383275 3.0788698 2.7771075 2.6676485 2.7315342 2.8409514 2.8072640 2.9988960 2.4208652 2.5689953 2.5865039 2.6641128 2.4003280 2.5260961 2.8987704 2.8982447 2.8999991 2.8943236 2.8941579 2.7078024 2.9350979 2.9166718 3.0118584 2.4783793 2.2336831 2.3411863 2.3827371 2.6968374 2.9620583 3.5964359 3.3751458 4.1798327 3.7365007 4.0335212 4.2749783 3.3520811 3.3647798 2.8337812 2.5826962 
ON260786_rice-associated_noda-like_virus_1               1.1691714 1.0018047 1.0364746 1.1667112 0.3712651 0.0000000 1.3935525 1.7048523 1.6660126 1.8352194 1.8000384 1.7188999 1.7104478 1.7198725 1.6926604 1.7592299 1.7038368 1.5454423 1.6083069 1.7460062 1.8133672 1.7681195 2.0188614 1.9828768 1.9897070 1.8593148 2.0425171 2.0007431 1.8911353 1.8810688 1.9074893 1.8994123 1.8951176 1.8641617 1.8536942 1.8860700 1.8378240 1.7456863 1.4724153 1.6986156 1.7695376 2.2755249 2.2788117 2.2685972 2.2648448 2.2639723 2.2362124 2.2615537 2.2820843 2.2820843 2.2797218 1.9078282 1.8653748 2.0191446 1.8990956 1.8227825 2.3263033 1.7674543 2.0152077 2.0130085 2.0182494 2.2271340 2.2454191 2.2411271 2.1738810 2.1188206 2.2129287 2.2359420 2.3288531 2.3288531 2.5991693 2.3562920 2.0327510 1.8996322 1.9047773 1.9565736 1.8604555 2.1100003 2.5189941 2.4711289 2.5594113 2.3997331 2.7603754 2.7841241 2.7554591 2.3421500 1.9237811 1.9869921 2.5032704 3.1666914 3.1770691 3.1677611 3.1608772 3.1732341 3.1617867 3.1746512 3.1682024 3.1682024 3.1710904 3.1734664 3.1663900 3.1663900 3.1915907 3.1728706 3.1722622 3.1670009 3.1638689 3.0511255 3.1613559 3.1337136 3.1535309 3.1674822 3.1674490 3.1531864 3.1743439 3.1520029 3.1580430 3.2298104 3.1965419 3.2114828 3.2079496 3.2032568 3.2018168 3.1988360 3.1916011 3.1236309 3.1471999 2.9642290 2.9646636 2.8838550 3.9952221 3.5917280 2.8025835 2.8025835 2.7734264 2.7849086 2.7419753 2.7878181 2.7937423 2.8319837 2.8312552 2.7362492 2.7937463 2.7978064 2.7264630 2.7046439 2.7321393 2.7046796 2.7403096 2.7575376 3.0183761 2.7106127 2.7241841 2.7298615 2.7488412 2.7467034 2.9491130 2.3581976 2.5711129 2.5723693 2.6591108 2.3596687 2.6118602 2.9128380 2.9133290 2.9220143 2.9083306 2.9074964 2.6940021 2.8938310 2.9202665 2.9897831 2.5036675 2.2573493 2.3067613 2.3629592 2.6924442 2.9434640 3.3789281 3.5200739 3.9896212 3.4955497 3.9188007 4.1080115 3.2174683 3.3053880 2.7856744 2.5771788 
MW239460_Riboviria_sp_                                   1.2516748 1.2026563 1.2595046 1.1551233 1.3151907 1.3935525 0.0000000 1.4415328 1.5579528 1.6164266 1.7607868 1.8677704 1.6122657 1.6263804 1.6031474 1.7045248 1.3904435 1.5141737 1.5910815 1.6817148 1.5997561 1.6285490 2.0697212 2.0105793 2.0175493 1.9003876 1.9863040 2.0154047 1.9445042 1.9423429 1.8974518 1.8375930 1.8421679 1.8434243 1.8306503 1.7993070 1.7783815 1.7647441 1.4055571 1.7868275 1.8230048 2.1148419 2.1250452 2.1248278 2.1212539 2.1106005 2.0459425 2.1130734 2.1185414 2.1185414 2.1227539 1.8971211 1.9142555 1.9286780 1.7043714 1.7474129 2.2128985 1.7351843 2.0298940 1.6960701 1.7035537 1.9127059 2.2261831 2.2149587 2.2628027 2.1373920 2.2689122 2.2732102 2.3549579 2.3549579 2.3813572 2.3170876 1.5819513 1.8488122 2.0502391 2.0401351 1.9890133 2.1182516 2.4165799 2.4749013 2.3893324 2.3928685 2.4141018 2.4161869 2.4613813 2.2695594 2.1501848 2.2776828 2.6505846 2.9119546 2.9180088 2.9021348 2.9068228 2.9148651 2.9025715 2.9219245 2.9175039 2.9175039 2.9251688 2.9301399 2.9138464 2.9138464 2.9167299 2.9261015 2.9282353 2.9156067 2.9115590 2.8584997 2.9172347 2.9063862 2.9093943 2.9187567 2.9187026 2.9023821 2.9438317 2.9015171 2.9020671 2.9438074 2.9320892 2.9416797 2.9288498 2.9355233 2.9227883 2.9204099 2.8931745 2.9749554 2.9058029 2.8051917 2.8059556 2.8658816 4.0499377 3.5494980 2.4564328 2.4564328 2.4309300 2.4485961 2.4258570 2.4565202 2.4512334 2.5334881 2.5327704 2.4197713 2.4492897 2.4529088 2.3912203 2.3723703 2.4030748 2.3582479 2.3907500 2.4896037 2.6191981 2.7432242 2.7142307 2.6229963 2.7870758 2.8088380 2.7124622 2.5154688 2.5590000 2.5354188 2.6048974 2.3163504 2.3691965 2.9097256 2.9102131 2.9200481 2.9026166 2.9103864 2.4911081 2.7341088 2.9104568 2.6920767 2.6457625 2.5970628 2.1764809 2.2625936 2.7776298 2.6199399 3.6627325 3.8385755 3.9113105 3.6740219 3.8550214 4.1826183 3.1170813 3.0980008 2.8628241 2.4842616 
ON049872_Nodaviridae_sp_                                 1.5176692 1.4721770 1.4098753 1.4909865 1.6991922 1.7048523 1.4415328 0.0000000 1.0182830 1.3816303 1.7701731 1.6082869 1.6054584 1.5846607 1.5619133 1.6283626 1.5664605 1.5946930 1.5011726 1.6205462 1.5545746 1.6646229 2.0946506 2.0597553 2.0548811 1.9723870 1.9310176 2.0647510 1.8113746 1.8129424 1.8048424 1.6805362 1.6406152 1.6694431 1.6690914 1.7262081 1.5908606 1.6679398 1.6610350 1.9070270 1.7419441 2.0061031 2.0061031 2.0061031 2.0004722 2.0004722 1.9611104 2.0091647 2.0046284 2.0046284 2.0113238 1.9081583 1.8932138 1.8888501 1.8881167 1.7520668 2.2973664 1.6535300 1.8278041 1.7403516 1.7403516 1.9171791 1.9302527 1.9431562 2.0650347 1.9836447 1.9855436 1.9361215 2.1052284 2.1052284 1.9798809 2.1693338 1.8342722 1.9226670 1.9616564 2.0752518 2.1979862 1.9664505 2.3838255 2.3287469 2.3727216 2.1735017 2.2439752 2.2340902 2.3582562 2.0524038 1.8665913 1.8642635 2.3232555 2.5725328 2.5725328 2.5701953 2.5660964 2.5747717 2.5620232 2.5725328 2.5725328 2.5725328 2.5725328 2.5725328 2.5730118 2.5730118 2.5768535 2.5684232 2.5682266 2.5682266 2.5682266 2.5681888 2.5681888 2.5709973 2.5620232 2.5926736 2.5725328 2.5682266 2.5767088 2.5820897 2.5579299 2.5970348 2.5700542 2.5777601 2.5815946 2.5815946 2.5815946 2.5669301 2.5843309 2.5564882 2.5684274 2.5576465 2.5576465 2.5221860 3.6143389 3.3436467 2.3832720 2.3832720 2.3832720 2.3763013 2.3759463 2.3805576 2.3805576 2.3793550 2.3823181 2.3823181 2.3915881 2.3823181 2.3918766 2.3918766 2.3884709 2.3826958 2.4236696 2.4233742 2.4495686 2.3922254 2.4902925 2.9116686 2.5249730 2.5397995 2.8283176 2.4628799 2.6495436 2.6256957 2.8712728 2.3161105 2.3360799 2.4941297 2.4941297 2.4966014 2.4966014 2.4966014 2.2875428 2.2336266 2.4751376 2.6796235 2.2694360 2.0981385 2.1940408 2.1793438 2.3876117 2.5656149 3.3746968 3.6322355 3.5253620 3.6238342 3.4440403 3.5878400 3.4951620 3.3631263 2.8173302 2.0794612 
KX883009_Hubei_noda-like_virus_10                        1.6309351 1.5299584 1.5661485 1.5911028 1.7468224 1.6660126 1.5579528 1.0182830 0.0000000 1.2952211 1.4845217 1.6059663 1.5256592 1.5177531 1.5147358 1.5551579 1.4170707 1.3879745 1.4071943 1.5593708 1.5930875 1.5311469 1.7620780 1.8071674 1.8014064 1.7346413 1.8211318 1.8180511 1.7552463 1.7501932 1.7731790 1.6173248 1.5881899 1.5881534 1.6069456 1.6028837 1.6033210 1.6710801 1.4975514 1.6628336 1.7812720 2.0345632 2.0385483 2.0390988 2.0430167 2.0325427 1.9333582 2.0444214 2.0342984 2.0342984 2.0322853 1.8326617 1.8592450 1.9739386 1.6912945 1.6668100 2.2986630 1.6943707 1.8315870 1.8168177 1.8325377 1.8813686 1.9693353 1.9565403 2.0129776 1.9874411 2.0381682 1.9410352 2.2285467 2.2285467 2.2950412 2.3212420 1.7041774 1.8298456 1.8446656 1.8428202 1.9055742 1.8433725 2.2933591 2.2780667 2.3685652 2.2536742 2.2774331 2.2831223 2.2381557 2.2590499 1.9422512 2.0180369 2.5506352 2.7298126 2.7298126 2.7389369 2.7243423 2.7281651 2.7263799 2.7398919 2.7344388 2.7344388 2.7344388 2.7435229 2.7328007 2.7328007 2.7395650 2.7323367 2.7423765 2.7332963 2.7287189 2.6087715 2.7386932 2.6551569 2.7336913 2.7395927 2.7295450 2.7017825 2.6930131 2.7003395 2.7070092 2.7397646 2.7327733 2.7376450 2.7429596 2.7486461 2.7384599 2.7384551 2.7238443 2.6958702 2.7495450 2.5198990 2.5222515 2.7602253 3.5651975 3.4175155 2.3028860 2.3028860 2.2844935 2.2966645 2.2758924 2.3163254 2.3180472 2.3598515 2.3571740 2.2855574 2.3121773 2.3192734 2.3725412 2.3553796 2.3673775 2.3555552 2.3870475 2.4303276 2.4229363 2.4636958 2.4767904 2.5328232 2.4639662 2.4812058 2.7798386 2.3796975 2.5259012 2.4875833 2.3065855 2.1746318 2.2769224 2.5333032 2.5376365 2.5477222 2.5456722 2.5544434 2.3657161 2.4405254 2.6547895 2.7144851 2.3894217 2.2682948 2.1509007 2.2227893 2.4845267 2.6139957 3.2966691 3.3092889 3.5118286 3.6590288 3.3695506 3.7387293 2.8808238 2.9116266 2.5408838 2.2148047 
ON872547_Bat_faecal_associated_nodavirus_3               1.7149576 1.7061868 1.6526157 1.8051721 1.8738111 1.8352194 1.6164266 1.3816303 1.2952211 0.0000000 1.6426684 1.7147025 1.6177792 1.6086951 1.5748594 1.5757966 1.4087012 1.5724141 1.6520165 1.6579823 1.7457865 1.6437848 1.7541517 1.7861947 1.7851020 1.6921211 1.9124800 1.8706795 1.7310958 1.7254308 1.7120472 1.7108743 1.6478432 1.6588060 1.6364598 1.6710691 1.7687076 1.6387991 1.4672529 1.8500116 1.7651376 1.9465005 1.9542114 1.9480637 1.9450476 1.9354465 1.9184790 1.9345150 1.9427140 1.9427140 1.9465860 1.9360265 1.9595519 1.9503609 1.7037561 1.5658594 1.9989154 1.5965591 1.8121729 1.9207387 1.9215504 1.9539809 2.2375075 2.2156356 2.2417486 2.1162402 2.0366744 2.0982825 2.2876947 2.2876947 2.3045738 2.3798358 1.5533040 1.7844390 1.8614152 1.9419033 1.9515573 2.0720790 2.0987729 2.1583016 2.1138938 2.1360589 2.2900337 2.3007242 2.2934534 1.9476147 1.7379085 1.8821695 2.4562101 2.8951213 2.9028972 2.8854153 2.8899649 2.9008973 2.8908319 2.9156918 2.8970295 2.8970295 2.9045961 2.9005938 2.8879821 2.8879821 2.9331022 2.9048612 2.8995290 2.8959666 2.8928705 2.7457970 2.9102400 2.8446092 2.8914908 2.9152535 2.8998442 2.8770770 2.8632452 2.8679241 2.8989314 2.9284524 2.8955683 2.8875469 2.9034987 2.8984946 2.8987756 2.8951459 2.9064628 2.7937910 2.8446203 2.6729553 2.6743705 2.8949436 3.3780162 3.2719954 2.4580876 2.4580876 2.4312740 2.4620464 2.3923717 2.4623871 2.4558041 2.4686604 2.4767181 2.3900693 2.4573295 2.4538294 2.4700679 2.4501946 2.4777391 2.4496196 2.4746501 2.4934152 2.4835594 2.3689402 2.4906531 2.5688675 2.5795270 2.6174934 2.9573349 2.3384634 2.3866473 2.3801245 2.1843316 2.1495478 2.2720172 2.5747715 2.5674166 2.5872305 2.5791975 2.5820810 2.4593051 2.8386321 2.8864010 2.6860754 2.6157212 2.3431829 2.0049187 2.1366527 2.3036909 2.5410101 3.3689013 3.7706579 3.6466336 3.6404892 3.4482793 3.9913554 2.8532667 2.9372221 2.6489879 2.2666807 
MW239448_Riboviria_sp_                                   1.7250213 1.6669717 1.6385104 1.7227690 1.8994225 1.8000384 1.7607868 1.7701731 1.4845217 1.6426684 0.0000000 0.5883169 1.7154927 1.6965401 1.7295818 1.7871573 1.7157837 1.5989131 1.4609325 1.8811773 1.6287671 1.6386657 1.8750496 1.8502924 1.8567181 1.8967937 1.9440649 1.9625206 1.8667358 1.8659130 1.8611492 1.7496559 1.7328509 1.7318851 1.7662157 1.7358049 1.6996246 1.6911338 1.6846335 1.7055021 1.9205744 1.8305672 1.8447994 1.8417864 1.8459094 1.8449236 1.7594342 1.8344741 1.8407161 1.8407161 1.8389766 1.9511576 1.9535549 1.8675294 1.7153313 1.7507330 1.9712550 1.6162214 1.7498691 1.8035768 1.7873763 1.8878843 2.2235060 2.2161666 2.1644743 2.2416067 2.2187056 2.1535502 2.1659734 2.1659734 2.7068330 2.2129203 1.6866286 1.8956004 1.8555034 1.8533848 2.1111603 2.0517670 2.0980715 2.0648303 2.0500817 2.1941747 2.2533220 2.2592087 2.1588844 2.1658964 1.9735942 2.0706833 2.4039512 2.6307041 2.6307041 2.6419889 2.6297558 2.6354061 2.6406958 2.6404794 2.6352226 2.6352226 2.6352226 2.6352226 2.6363913 2.6363913 2.6481118 2.6432392 2.6372692 2.6372692 2.6372692 2.6134499 2.6354012 2.6231130 2.6437283 2.6285860 2.6363430 2.6348579 2.6299286 2.6386259 2.6467966 2.6460267 2.6260797 2.6331910 2.6158973 2.6213193 2.6213193 2.6150853 2.6065728 2.7179938 2.6285582 2.5500063 2.5500063 2.7278677 3.2398601 3.4204980 2.3655056 2.3655056 2.3433514 2.3678588 2.3567973 2.3723516 2.3740936 2.4050513 2.4106167 2.3728343 2.3786140 2.3828650 2.3876540 2.3704574 2.3866107 2.3473883 2.3916181 2.4298395 2.4142344 2.4429946 2.4496035 2.3449863 2.4652473 2.4915474 2.7008713 2.3030554 2.4211661 2.4498689 2.3300652 2.1589463 2.3706011 2.6500639 2.6473547 2.6517438 2.6548248 2.6287928 2.2428611 2.6717732 2.8052447 2.4540796 2.3441121 2.3269516 2.1463714 2.2107183 2.2804048 2.5982825 3.0194503 3.6200953 3.5265832 3.4502794 3.4041496 3.6070957 3.0600450 3.0036406 2.4900266 2.2043545 
MW239466_Riboviria_sp_                                   1.8440841 1.7655887 1.7689887 1.7893065 1.8330288 1.7188999 1.8677704 1.6082869 1.6059663 1.7147025 0.5883169 0.0000000 1.8061140 1.7946485 1.7897593 1.8317051 1.6606521 1.7129948 1.6094317 1.8084410 1.7554158 1.7357951 2.0821022 1.9872247 1.9939869 1.8388499 2.0129242 2.0082120 1.8465528 1.8516731 1.8565351 1.7670488 1.7371738 1.7538503 1.7472010 1.7723905 1.7507014 1.7898517 1.6646169 1.7785720 1.8801291 2.0899988 2.0961376 2.1012526 2.1003934 2.0982262 2.0812987 2.0881456 2.0923451 2.0923451 2.0901816 2.0037059 1.9519097 2.0445259 1.7161079 1.6701179 2.1983845 1.7395342 1.8968561 2.0028131 2.0109467 2.1173663 2.3025387 2.3014454 2.4376713 2.3097927 2.3768147 2.2936071 2.1856284 2.1856284 2.5655864 2.2834204 1.7246105 1.9931881 2.0001269 2.0567617 2.1114044 2.1124905 2.2659715 2.2571407 2.2400577 2.2837766 2.5258895 2.5399959 2.4754590 2.2018344 2.0946373 2.1701017 2.6531005 2.9166123 2.9165214 2.8992915 2.9087707 2.9204555 2.9122618 2.9280152 2.9213319 2.9213319 2.9213319 2.9287024 2.9224780 2.9224780 2.9373124 2.9236834 2.9276209 2.9202537 2.9317938 2.7772439 2.9215548 2.8549018 2.9168295 2.9140741 2.9281476 2.9172388 2.9184136 2.9298472 2.9188610 2.9560233 2.9303095 2.9412759 2.9368652 2.9435620 2.9348628 2.9284078 2.9150793 2.9454601 2.8754053 2.5227525 2.5241091 3.0239894 3.3145060 3.6023338 2.3438289 2.3438289 2.3113330 2.3433853 2.3006292 2.3347983 2.3364972 2.3796309 2.3851417 2.3101052 2.3408358 2.3410645 2.3336334 2.3090660 2.3361996 2.3097395 2.3460327 2.3894033 2.3544241 2.4444075 2.5288080 2.6943277 2.3665604 2.3709212 2.7824444 2.3726369 2.3626889 2.3926161 2.2022859 2.0658930 2.3308174 2.8191144 2.8150006 2.8339813 2.8322481 2.8159055 2.5257324 2.8485612 2.9242996 2.6670289 2.5182262 2.4932771 2.1782387 2.2182357 2.4419556 2.7837257 3.4097537 3.7017695 3.7134104 3.6669225 3.6316463 3.6896524 3.1443141 3.0604255 2.7012518 2.4638967 
MW826495_Nodaviridae_sp_                                 1.7521282 1.6759672 1.5538826 1.6387640 1.7319125 1.7104478 1.6122657 1.6054584 1.5256592 1.6177792 1.7154927 1.8061140 0.0000000 0.0426368 0.0677525 0.3957387 0.5072561 0.6655701 0.8763912 1.2785608 1.4269591 1.2682815 1.7317079 1.7989968 1.7964633 1.6777461 1.7100722 1.6834157 1.5797060 1.5733032 1.5662813 1.5065377 1.4763187 1.5118590 1.4901394 1.4501976 1.4931854 1.3122190 1.2190451 1.6555168 1.6622804 2.1051930 2.1131550 2.1102864 2.1094302 2.0989276 1.9583932 2.1097845 2.1196238 2.1196238 2.1309309 1.9395251 1.9526416 1.9776116 1.6368991 1.6124210 2.1863386 1.6379367 2.0546431 1.9177582 1.9274677 2.0581622 2.0793108 2.0680032 2.0151014 2.1167675 2.1181366 2.0548200 2.3707759 2.3707759 2.5054086 2.3645690 1.5167483 1.9366425 1.8011790 1.8327688 1.9748013 1.9511678 2.2439251 2.3200730 2.2846219 2.1791866 2.4409496 2.4613187 2.4405547 2.2360088 1.9359907 2.0476206 2.3614727 3.0779876 3.0919100 3.0611016 3.0718414 3.0756759 3.0733270 3.0879607 3.0785845 3.0785845 3.0826971 3.1338829 3.0797444 3.0797444 3.0662520 3.0821622 3.1327113 3.0774390 3.0725373 2.9388390 3.0932098 2.9928614 3.0753036 3.0825830 3.0799800 3.0705959 3.0766004 3.0534770 3.0641609 3.0996655 3.0690729 3.0924117 3.0796354 3.0859312 3.0795399 3.0751793 3.0651022 3.1147787 3.1732797 3.0219389 3.0230593 2.9830963 3.5619146 3.6407251 2.5221388 2.5221388 2.5103217 2.5249736 2.4399705 2.5287790 2.5305710 2.5304446 2.5334093 2.4380989 2.5210061 2.5219674 2.4729229 2.4668738 2.4788988 2.4641251 2.4838724 2.4890322 2.3681253 2.4844707 2.4274865 2.5585886 2.4955304 2.4847984 2.8842842 2.6108557 2.5513260 2.5356943 2.5109862 2.3231764 2.4050964 2.6815089 2.6780042 2.6960860 2.6940165 2.7101533 2.4917373 2.8570881 2.6963829 2.3781404 2.5540043 2.3053446 2.0720015 2.1598399 2.5597296 2.6022269 3.4222945 3.7695015 4.3192589 3.6877771 3.9912450 4.0170380 2.9136421 3.0913718 2.5280890 2.4096360 
MW897079_Guangxi_forest_noda-like_virus                  1.7271623 1.6627196 1.5745646 1.6421027 1.7672754 1.7198725 1.6263804 1.5846607 1.5177531 1.6086951 1.6965401 1.7946485 0.0426368 0.0000000 0.0598601 0.3908798 0.5040927 0.6527418 0.8617608 1.2851083 1.4333468 1.2527729 1.7355735 1.7942108 1.7916849 1.6690318 1.7206189 1.6890443 1.5806664 1.5749999 1.5665297 1.5152337 1.4814341 1.5101475 1.4932260 1.4362465 1.5079470 1.2979330 1.2016110 1.6473239 1.6723675 2.1330934 2.1514434 2.1484197 2.1475411 2.1368204 2.0199353 2.1377411 2.1476319 2.1476319 2.1590930 1.9275585 1.9351819 1.9898784 1.6380783 1.6176509 2.1767542 1.5897794 2.0894463 1.9374506 1.9367116 2.0559007 2.0766064 2.0828917 2.0274093 2.1166062 2.1182354 2.0362827 2.3680289 2.3680289 2.5204926 2.3763910 1.4759019 1.9491321 1.8178297 1.8447223 1.9443109 1.9730028 2.2380351 2.3150416 2.3004449 2.1557924 2.4510804 2.4716690 2.4340655 2.2223566 1.9382432 2.0534599 2.3286416 3.0560486 3.0684480 3.0393332 3.0499647 3.0537524 3.0514358 3.0608954 3.0566417 3.0566417 3.0593328 3.0911495 3.0577984 3.0577984 3.0505079 3.0601849 3.0899984 3.0555070 3.0506417 2.9036368 3.0711474 2.9818193 3.0533869 3.0606044 3.0580296 3.0521650 3.0452679 3.0352027 3.0486002 3.0784830 3.0471910 3.0675117 3.0576652 3.0638995 3.0575676 3.0532203 3.0432492 3.0859799 3.1475220 3.0218617 3.0229831 2.9759076 3.4776272 3.5897148 2.5417289 2.5417289 2.5299738 2.5446345 2.4593526 2.5484338 2.5502360 2.5455874 2.5485608 2.4574499 2.5405986 2.5415656 2.4869932 2.4810196 2.4930270 2.4700826 2.4899024 2.4908722 2.3551855 2.4556112 2.3849955 2.5278738 2.4708438 2.4766805 2.8515550 2.6007789 2.4964849 2.4802221 2.4070225 2.2617016 2.3472817 2.6603831 2.6569205 2.6747979 2.6727788 2.6887268 2.4907625 2.8384629 2.6484562 2.3474299 2.4803359 2.2812442 2.0921855 2.1810533 2.5796114 2.5335574 3.3253642 3.7478679 4.2383200 3.6173884 4.0410127 3.9076654 2.9732897 3.0609240 2.4587856 2.4121553 
MW897128_Henan_sediment_noda-like_virus_4                1.7383261 1.6884864 1.5839316 1.6318805 1.7449674 1.6926604 1.6031474 1.5619133 1.5147358 1.5748594 1.7295818 1.7897593 0.0677525 0.0598601 0.0000000 0.3876842 0.5066378 0.6518799 0.8312426 1.2809007 1.3987188 1.2514269 1.7221787 1.7837843 1.7812800 1.6695918 1.7209251 1.6721299 1.5423397 1.5367528 1.5401635 1.4946338 1.4820584 1.5003002 1.4833420 1.4431218 1.5121553 1.3112189 1.2173620 1.6387681 1.6732388 2.1360656 2.1568465 2.1537809 2.1501755 2.1393603 2.0200125 2.1486762 2.1517976 2.1517976 2.1562737 1.9228230 1.9309198 1.9963917 1.6947118 1.6285937 2.1789991 1.6265865 2.0970033 1.9260959 1.9275139 2.1074555 2.0691934 2.0709711 2.0091918 2.0981201 2.1061226 2.0215422 2.3395962 2.3395962 2.4890814 2.3480268 1.5158305 1.9714561 1.8299790 1.8481854 1.9406211 1.9370699 2.2075508 2.3078655 2.2669717 2.1461665 2.4444998 2.4650344 2.4127673 2.2572025 1.9276277 2.0561222 2.2963683 3.0679364 3.0720630 3.0679213 3.0624009 3.0682102 3.0632627 3.0722469 3.0685361 3.0685361 3.0726632 3.0879879 3.0697033 3.0697033 3.0783569 3.0721249 3.0868281 3.0673869 3.0624649 2.9438984 3.0832167 3.0045649 3.0652425 3.0725483 3.0699386 3.0605035 3.0603937 3.0433389 3.0589977 3.0897006 3.0589807 3.0824101 3.0695823 3.0758973 3.0694851 3.0608057 3.0549933 3.0923615 3.1502043 2.9637251 2.9648171 2.8785055 3.4813994 3.5118310 2.5412913 2.5412913 2.5295849 2.5441830 2.4592745 2.5467286 2.5485231 2.5439187 2.5468798 2.4561228 2.5350637 2.5398915 2.5011573 2.4952895 2.5072194 2.4804604 2.5040782 2.5048764 2.3909876 2.4310300 2.3807627 2.5483098 2.4504002 2.4573322 2.8263827 2.5443925 2.4838907 2.4674799 2.3997117 2.2429668 2.3019726 2.5961640 2.5927895 2.6102535 2.6083627 2.6239231 2.4430156 2.8627249 2.6556581 2.3601007 2.5176174 2.2835734 2.0793872 2.1609682 2.5272870 2.6511389 3.3465065 3.7382563 4.2509869 3.6090035 3.9608993 3.9116704 2.9936747 3.1035925 2.5152953 2.3977533 
MW314615_Lasius_neglectus_noda-like_virus_1              1.7553879 1.7166015 1.6247219 1.6784776 1.8299404 1.7592299 1.7045248 1.6283626 1.5551579 1.5757966 1.7871573 1.8317051 0.3957387 0.3908798 0.3876842 0.0000000 0.5251755 0.7120962 0.8987462 1.3291311 1.4164191 1.2501235 1.6454479 1.7402623 1.7377747 1.7555431 1.7524312 1.7914454 1.5647000 1.5650089 1.5410192 1.5013201 1.4723121 1.4975141 1.4780406 1.4503605 1.5102342 1.4051789 1.3031463 1.6915020 1.6971540 2.1244930 2.1244930 2.1238137 2.1210311 2.1103355 1.9919912 2.1276378 2.1215538 2.1215538 2.1329944 1.9048457 1.9146140 2.0326047 1.6144171 1.6475124 2.2036878 1.6234704 2.1046260 2.0233776 2.0153768 2.1322775 2.1197048 2.1173220 2.1873488 2.2258237 2.2354631 2.0834372 2.3324948 2.3324948 2.5280435 2.3268796 1.5612042 1.9756839 1.7275384 1.7382811 1.9086877 1.9531624 2.1894914 2.2861516 2.3379437 2.1890196 2.4698030 2.4634655 2.4058770 2.2381791 1.9657675 2.1186138 2.3356257 3.0676395 3.0718014 3.0615657 3.0620570 3.0618037 3.0626763 3.0669555 3.0682444 3.0682444 3.0724069 3.0656282 3.0675138 3.0675138 3.0891712 3.0758437 3.0644688 3.0670854 3.0796729 2.9675307 3.0824893 2.9994549 3.0621045 3.0728758 3.0821783 3.0538840 3.0445996 3.0629609 3.0734249 3.1267896 3.0930139 3.1133656 3.1022367 3.1001763 3.1021421 3.0933262 3.0836985 3.1575225 3.1773623 2.9046509 2.9050715 2.8684511 3.5432132 3.4967694 2.5939914 2.5939914 2.5746566 2.5995846 2.5332434 2.5955448 2.5973730 2.5752613 2.5866478 2.5275913 2.5881749 2.5885343 2.5613997 2.5544264 2.5722903 2.5473718 2.5492528 2.5382987 2.4363607 2.5499051 2.4411445 2.5100213 2.5220366 2.4918579 2.7321777 2.7364706 2.5170954 2.5042728 2.4898213 2.2992981 2.4528896 2.5543821 2.5482131 2.5598766 2.5664146 2.5691347 2.4071451 2.7497972 2.6710199 2.4448723 2.6667495 2.3994139 2.2015240 2.2548423 2.5419287 2.6725819 3.3154302 3.8135865 3.8888658 3.5016541 3.9226415 3.6774845 3.0640777 3.1015217 2.6446627 2.4389082 
OP884074_Army_ant_associated_Nodavirus_3                 1.6520795 1.5114813 1.4154327 1.5856844 1.6849418 1.7038368 1.3904435 1.5664605 1.4170707 1.4087012 1.7157837 1.6606521 0.5072561 0.5040927 0.5066378 0.5251755 0.0000000 0.6854665 0.9128251 1.2944734 1.2201117 1.1619147 1.8403505 1.9334611 1.9313240 1.8467594 1.8735690 2.0466470 1.6697909 1.6779878 1.6670627 1.5255297 1.5144385 1.5440441 1.5364883 1.4663390 1.4809300 1.3103572 1.4000328 1.7625332 1.5807902 2.1190690 2.1173239 2.1170499 2.1224490 2.1224490 1.9772247 2.1180333 2.1083523 2.1083523 2.1083523 1.8245489 1.8525338 1.7812117 1.7187334 1.7316762 2.2662920 1.6609192 2.0363256 1.9160600 1.9375682 1.8469146 2.1315328 2.1242455 1.9491580 2.2156539 2.0773349 1.9041193 2.2577179 2.2577179 2.3012810 2.2449365 1.5824040 1.9047196 1.5783354 1.5860197 1.8357931 1.7760722 2.1181650 2.1766864 2.0997629 2.1777323 2.2376005 2.2418769 2.1144837 2.0938737 1.8399852 2.1240823 2.2042111 2.9977911 2.9977911 2.9977708 2.9931152 3.0037916 2.9896409 2.9977911 2.9977911 2.9977911 2.9977911 2.9977911 2.9968044 2.9968044 3.0024537 3.0088245 2.9970724 2.9970724 2.9970724 2.8500755 2.9912483 2.8655905 2.9896409 2.9995968 2.9977911 2.9970724 2.9875291 2.9925688 3.0006479 3.0227427 3.0008678 3.0116503 3.0153235 3.0153235 3.0153235 3.0091138 3.0155817 2.9209548 2.9479947 2.7690873 2.7690873 2.7719103 3.5788496 3.5497147 2.5369491 2.5369491 2.5369491 2.5475561 2.4593087 2.5483915 2.5483915 2.5344887 2.5360246 2.4654207 2.5556968 2.5498566 2.5069205 2.5069205 2.5086278 2.5170271 2.5099481 2.4685845 2.4655106 2.3580248 2.3420476 2.5952750 2.5120238 2.5143696 2.6532418 2.6462000 2.4995958 2.4905559 2.3420286 2.2045576 2.3905832 2.5458517 2.5453634 2.5517784 2.5517784 2.5523448 2.4045201 2.4512727 2.5244190 2.6285040 2.5162053 2.3342348 2.0321544 2.1151181 2.3298339 2.4281641 3.3743095 3.9922841 4.2782833 3.8913816 3.5065062 3.7243177 2.9356714 2.9689723 2.5507290 2.4341151 
KJ632942_Mosinovirus                                     1.6020516 1.5585112 1.4569786 1.6319976 1.6716766 1.5454423 1.5141737 1.5946930 1.3879745 1.5724141 1.5989131 1.7129948 0.6655701 0.6527418 0.6518799 0.7120962 0.6854665 0.0000000 0.7966920 1.1260876 1.2120491 1.2190716 1.5805995 1.6235044 1.6288326 1.6024866 1.6548845 1.6189261 1.4733202 1.4650188 1.4723465 1.3866393 1.3466682 1.3546248 1.3671651 1.3506296 1.3802497 1.2782515 1.2010366 1.5317457 1.5774440 1.9662693 1.9662693 1.9595355 1.9561199 1.9462981 1.9475717 1.9599264 1.9513503 1.9513503 1.9415659 1.8177145 1.8641187 1.7945155 1.4750980 1.4759378 2.1995593 1.5131087 1.9229001 1.7725011 1.7665480 1.9083477 2.0866954 2.0730636 2.0257070 2.1038744 2.0576045 1.9477704 2.1442299 2.1442299 2.2161664 2.3019319 1.4961873 1.7620119 1.8609999 1.9065730 1.8378001 1.8515902 2.1162118 2.0980022 2.1588593 2.1024364 2.2474940 2.2559232 2.1827181 2.1953705 1.9038031 2.0499082 2.5576905 2.8593000 2.8633682 2.8609430 2.8541311 2.8550898 2.8550090 2.8535096 2.8598741 2.8598741 2.8637247 2.8747108 2.8610283 2.8610283 2.8757236 2.8669310 2.8736403 2.8588094 2.8562327 2.6695983 2.8555737 2.7984931 2.8487924 2.8589285 2.8612260 2.8448395 2.8621198 2.8410497 2.8650406 2.8944813 2.8692667 2.8626870 2.8792470 2.8755607 2.8794617 2.8708104 2.8654764 2.7895424 2.8406178 2.6961672 2.6970623 2.7220692 3.4659678 3.3356469 2.4596131 2.4596131 2.4401610 2.4647478 2.3917121 2.4645284 2.4663007 2.4793067 2.4822681 2.4071656 2.4821904 2.4732203 2.4467423 2.4391665 2.4508621 2.4307722 2.4285504 2.4473688 2.3885749 2.4837329 2.3986898 2.2935667 2.4047771 2.3798000 2.7296648 2.3371706 2.3110827 2.2992151 2.2937986 2.0880528 2.2305462 2.5459983 2.5463568 2.5426382 2.5507490 2.5645973 2.3270889 2.6767571 2.6555670 2.5211334 2.5524558 2.3556545 1.9857295 2.0577890 2.3151033 2.4198705 3.1363803 3.7148177 3.9180402 3.4998874 3.7541325 3.7285308 2.9618796 3.0192722 2.3149310 2.4271181 
NC_033311_Hubei_orthoptera_virus_4                       1.5172455 1.4936110 1.4890133 1.5136006 1.6994546 1.6083069 1.5910815 1.5011726 1.4071943 1.6520165 1.4609325 1.6094317 0.8763912 0.8617608 0.8312426 0.8987462 0.9128251 0.7966920 0.0000000 1.1631977 1.2422048 1.1509530 1.5768593 1.6419811 1.6472548 1.6274814 1.6722066 1.7274505 1.4870847 1.4823217 1.4888769 1.3840224 1.3691844 1.3670886 1.3489119 1.3471708 1.3130707 1.3367179 1.2069921 1.4707328 1.4866484 1.9564222 1.9636454 1.9607991 1.9574526 1.9478259 1.9157676 1.9581344 1.9552674 1.9552674 1.9591617 1.7856314 1.7836727 1.8119749 1.5229308 1.5067105 2.0343805 1.5864429 1.8392634 1.8232820 1.8197585 1.9394043 1.8561794 1.8492294 1.8908346 1.8791034 1.9105054 1.7802157 2.0604793 2.0604793 2.1426557 2.1673105 1.4643266 1.7384899 1.7144437 1.7754587 1.7102948 1.7517908 2.0114323 2.0696874 2.0320483 2.0209386 2.2674009 2.2699721 2.2814736 1.9619216 1.7673989 1.8696525 2.3195492 3.0164201 3.0199492 3.0063254 3.0110440 3.0166494 3.0132318 3.0079858 3.0170032 3.0170032 3.0209935 3.0220623 3.0163097 3.0163097 3.0075297 3.0242806 3.0211412 3.0160838 3.0079108 2.7932660 3.0140776 2.9552499 3.0166176 3.0223708 3.0198597 2.9953720 3.0451648 2.9907406 3.0269543 3.0273774 3.0161285 3.0211731 3.0306040 3.0274859 3.0265497 3.0220450 3.0164286 2.9648586 2.9660437 2.6746577 2.6782539 2.7306411 3.5088055 3.2609901 2.4391532 2.4391532 2.4181187 2.4372303 2.3639738 2.4423973 2.4441609 2.5018746 2.5079223 2.3695654 2.4406939 2.4431216 2.3842627 2.3698039 2.3892071 2.3579786 2.3626998 2.4246048 2.3680629 2.4401087 2.3862009 2.2470544 2.3960711 2.4023474 2.5006983 2.3092962 2.2314327 2.2486999 2.3063260 2.1266707 2.1406241 2.6295277 2.6237421 2.6303779 2.6342707 2.6257252 2.2795689 2.5653667 2.6975120 2.3006365 2.3901089 2.3049703 2.0080105 2.1103149 2.4402725 2.5367968 3.0404265 3.6949267 3.9147512 3.2601446 3.7174238 3.7485887 2.8509840 2.9128582 2.4148341 2.3085567 
OM954255_Flumine_nodavirus_27                            1.5614146 1.5929604 1.6570787 1.6676587 1.8609995 1.7460062 1.6817148 1.6205462 1.5593708 1.6579823 1.8811773 1.8084410 1.2785608 1.2851083 1.2809007 1.3291311 1.2944734 1.1260876 1.1631977 0.0000000 1.3059758 1.4179930 1.9258022 1.8148601 1.8130865 1.7539028 1.7910248 1.8625356 1.7521289 1.7491060 1.7546306 1.5126414 1.5080535 1.4972917 1.5051541 1.4807144 1.5542406 1.4598543 1.2969790 1.6445616 1.4880363 2.0646465 2.0700187 2.0750280 2.0750280 2.0750280 2.1130152 2.0667599 2.0637292 2.0637292 2.0637292 1.9813963 2.0529417 1.9766119 2.0043098 1.8652580 2.1754660 1.9847107 1.8990187 2.0773993 2.1046398 2.2257735 2.1448008 2.1474760 2.0287844 2.1348115 2.0799422 1.9316737 2.2190074 2.2190074 2.3936626 2.1366064 2.0817805 2.1701170 1.4383305 1.4783431 2.0115529 1.7990030 2.1639558 2.1965010 2.2070503 2.0137148 2.1143982 2.1071794 2.0238761 2.1014921 1.8496931 1.9820860 2.2214803 2.7826201 2.7826201 2.7695625 2.7770307 2.7858101 2.7723283 2.7826201 2.7826201 2.7826201 2.7826201 2.7826201 2.7816073 2.7816073 2.7667917 2.7785073 2.7810525 2.7810525 2.7810525 2.6218148 2.7779902 2.6642981 2.7723283 2.7843626 2.7826201 2.7810525 2.7780168 2.7783155 2.7682301 2.7980337 2.7959356 2.7974281 2.8113901 2.8113901 2.8113901 2.8106662 2.8080408 2.6361640 2.7614508 2.5831288 2.5831288 3.1156292 3.7495898 3.8920833 2.6813560 2.6813560 2.6813560 2.6616844 2.6032711 2.6923818 2.6923818 2.6828378 2.6889290 2.6076186 2.6946208 2.6933759 2.6844439 2.6844439 2.6768787 2.6512157 2.6595463 2.6514536 2.7337983 2.6900837 2.8376450 2.6196133 2.9257555 2.9277632 3.1990397 2.4902434 2.6676501 2.7397263 2.8231522 2.3496032 2.5831076 2.6858080 2.6916939 2.6765739 2.6765739 2.6772007 2.4662788 2.5656264 2.5863212 2.5083769 2.8431417 2.7640226 2.5348775 2.6026754 2.6926978 2.6549151 3.3929066 4.2727095 3.9661042 3.4723810 3.5461829 3.2810529 3.0368148 3.3602914 2.4664238 2.4846701 
