10
LC512857_Wenzhou_sobemo-like_virus_3           0.0000000 0.2584840 0.2583755 0.2490711 0.2726224 0.2741372 0.2568901 0.2729556 0.2671965 0.2680144 
Culex_associated_Luteo_like_virus_F1042C4F1042 0.2584840 0.0000000 0.0787114 0.0803510 0.0910216 0.0916978 0.0840207 0.0921869 0.1203456 0.1571152 
MH188016_Culex-associated_Luteo-like_virus     0.2583755 0.0787114 0.0000000 0.0184583 0.0163963 0.0246750 0.0133136 0.0205041 0.1193740 0.1563735 
MW434131_Culex-associated_Luteo-like_virus     0.2490711 0.0803510 0.0184583 0.0000000 0.0344625 0.0391580 0.0266761 0.0368175 0.1187435 0.1542384 
MW434130_Culex-associated_Luteo-like_virus     0.2726224 0.0910216 0.0163963 0.0344625 0.0000000 0.0346428 0.0246165 0.0323623 0.1258907 0.1708446 
MW434132_Culex-associated_Luteo-like_virus     0.2741372 0.0916978 0.0246750 0.0391580 0.0346428 0.0000000 0.0331727 0.0428788 0.1269969 0.1665722 
MW434133_Culex-associated_Luteo-like_virus     0.2568901 0.0840207 0.0133136 0.0266761 0.0246165 0.0331727 0.0000000 0.0310143 0.1292112 0.1562021 
MW434129_Culex-associated_Luteo-like_virus     0.2729556 0.0921869 0.0205041 0.0368175 0.0323623 0.0428788 0.0310143 0.0000000 0.1350890 0.1758595 
MW317137_Luteoviridae_sp.                      0.2671965 0.1203456 0.1193740 0.1187435 0.1258907 0.1269969 0.1292112 0.1350890 0.0000000 0.1587024 
MK440647_Culex_associated_luteo_like_virus     0.2680144 0.1571152 0.1563735 0.1542384 0.1708446 0.1665722 0.1562021 0.1758595 0.1587024 0.0000000 
