65
Tanay_virus_F1530C2F1532                 0.0000000 1.2426444 1.2471729 1.4414857 1.4416862 1.4630392 1.4640486 1.4608819 1.4561573 1.2391567 0.0548514 0.0543383 0.0543436 0.0542446 0.0536979 1.2456261 1.1876354 1.2402419 1.4641774 1.4624461 1.4375881 1.4500944 1.4546906 1.4536900 1.4537445 1.4578005 1.4514817 1.4544416 0.0030490 0.0027754 1.2439421 1.2428210 1.2508097 1.2412667 1.1517557 1.1482303 1.4381229 1.2394858 0.0041645 0.0005060 0.0012504 0.0004615 0.0009235 1.2484299 1.2537038 1.2539253 1.2403425 1.2380199 1.2418954 1.2396607 1.2483488 1.2412531 1.2780074 1.1773993 1.1510036 1.1586224 1.2409927 1.3365961 0.0542450 0.0536951 0.1212392 0.1224162 0.1208708 1.0595279 1.4902941 
MZ615329_Wallerfield_virus               1.2426444 0.0000000 0.0013455 1.2145902 1.2101471 1.1024378 1.1006999 1.1033136 1.1015494 0.0031434 1.2271838 1.2287966 1.2276732 1.2271574 1.2274481 0.0090334 0.7741014 0.0072034 1.0997088 1.0998799 1.0919841 1.1050208 1.1069297 1.1077402 1.1072928 1.1092208 1.1043200 1.1053452 1.2679312 1.2451188 0.0017955 0.0008955 0.0031511 0.0090401 0.7498569 0.7494177 1.3220883 1.0186662 1.2464146 1.2450394 1.2368839 1.2413986 1.2425878 0.0177559 1.0330331 1.0332789 0.0085800 0.0094866 0.0127188 0.0122510 0.0172752 0.0072044 0.7807782 0.7670073 0.7492373 0.7659442 1.0253928 1.0642727 1.2299217 1.2263302 1.2160369 1.2164102 1.2142554 1.1917260 1.5677389 
KM350505_Wallerfield_virus               1.2471729 0.0013455 0.0000000 1.2198770 1.2154183 1.1063716 1.1046284 1.1072522 1.1054835 0.0035973 1.2315903 1.2332077 1.2320834 1.2315643 1.2318560 0.0094976 0.7767867 0.0076638 1.1036379 1.1038029 1.0957525 1.1088158 1.1107309 1.1115456 1.1110950 1.1130248 1.1081199 1.1091428 1.2729393 1.2495958 0.0022478 0.0013451 0.0036060 0.0104234 0.7524545 0.7520154 1.3247518 1.0214768 1.2508966 1.2499835 1.2419952 1.2458603 1.2470529 0.0182350 1.0358838 1.0361300 0.0099608 0.0108703 0.0141182 0.0136477 0.0177530 0.0076649 0.7835494 0.7698021 0.7518301 0.7689202 1.0282268 1.0672578 1.2343384 1.2307349 1.2204453 1.2208208 1.2186617 1.1968462 1.5729138 
MZ615321_Feitosa_virus                   1.4414857 1.2145902 1.2198770 0.0000000 0.0022449 1.2481255 1.2462194 1.2442069 1.2472301 1.2108914 1.4414533 1.4397706 1.4389738 1.4393847 1.4357563 1.2069258 1.0183088 1.2116529 1.2456475 1.2475573 1.2587439 1.2962598 1.2967497 1.2957671 1.2953453 1.3003868 1.2984917 1.2970032 1.4519459 1.4452679 1.2176836 1.2150556 1.2219769 1.2063124 1.0089132 1.0114787 0.9258930 0.6872035 1.4440621 1.4159095 1.4777483 1.4439150 1.4454971 1.2138411 0.7118566 0.7119554 1.2054227 1.2049732 1.2009147 1.2025951 1.2111839 1.2131866 1.2719159 1.0315292 1.0029245 1.0833812 0.6881948 0.6561906 1.4385737 1.4368619 1.4478228 1.4474924 1.4464045 1.2720303 1.6870977 
MZ615326_Feitosa_virus                   1.4416862 1.2101471 1.2154183 0.0022449 0.0000000 1.2494491 1.2475412 1.2455262 1.2485530 1.2064561 1.4425313 1.4408477 1.4400510 1.4404619 1.4368307 1.2025048 1.0163633 1.2072196 1.2469695 1.2488793 1.2580928 1.2963371 1.2968270 1.2958444 1.2954226 1.3004641 1.2985690 1.2970805 1.4521652 1.4454663 1.2132298 1.2106107 1.2175107 1.2018957 1.0071263 1.0095645 0.9284131 0.6842843 1.4442602 1.4168873 1.4780277 1.4441130 1.4456953 1.2094032 0.7088729 0.7089712 1.2010077 1.2005576 1.1965158 1.1981890 1.2067537 1.2087501 1.2680001 1.0294627 1.0010285 1.0793496 0.6852761 0.6546007 1.4396499 1.4379371 1.4512918 1.4509616 1.4498734 1.2772301 1.6889112 
MF281709_Biggievirus_Mos11               1.4630392 1.1024378 1.1063716 1.2481255 1.2494491 0.0000000 0.0004505 0.0018057 0.0036229 1.0970796 1.4497265 1.4480271 1.4491538 1.4502399 1.4465588 1.1099458 1.0588590 1.1025977 0.0036224 0.0086839 0.0548232 0.4525048 0.4536089 0.4538604 0.4541152 0.4565966 0.4537672 0.4537265 1.4656670 1.4568963 1.1043623 1.1031083 1.1071179 1.1034615 1.0231370 1.0223595 1.3939513 1.1885332 1.4540989 1.4467438 1.4764622 1.4544730 1.4550142 1.1071895 1.2046730 1.2048806 1.1031299 1.1021544 1.1035101 1.1046679 1.1066355 1.1040485 1.1889127 1.0470714 1.0239069 1.0585081 1.1955463 1.1937187 1.4494132 1.4496093 1.4594321 1.4575725 1.4612968 1.2769521 1.6420825 
MF281708_Biggievirus_Mos11               1.4640486 1.1006999 1.1046284 1.2462194 1.2475412 0.0004505 0.0000000 0.0013531 0.0031673 1.0953459 1.4507155 1.4490157 1.4501435 1.4512302 1.4475473 1.1082021 1.0571658 1.1008625 0.0031668 0.0082198 0.0542957 0.4514921 0.4525951 0.4528459 0.4531014 0.4555800 0.4527517 0.4527124 1.4667588 1.4578888 1.1026216 1.1013701 1.1053746 1.1017245 1.0214805 1.0207017 1.3960173 1.1866754 1.4550902 1.4478363 1.4778290 1.4554639 1.4560052 1.1054477 1.2027929 1.2030000 1.1013934 1.1004188 1.1017737 1.1029299 1.1048944 1.1023124 1.1870654 1.0452918 1.0222485 1.0593361 1.1936739 1.1955676 1.4504027 1.4505993 1.4604289 1.4585689 1.4622946 1.2769521 1.6423175 
KX924639_Biggievirus_Mos11               1.4608819 1.1033136 1.1072522 1.2442069 1.2455262 0.0018057 0.0013531 0.0000000 0.0027114 1.0979502 1.4472712 1.4455747 1.4466972 1.4477809 1.4441085 1.1108286 1.0534564 1.1034722 0.0036185 0.0086745 0.0547700 0.4501287 0.4512298 0.4514795 0.4517359 0.4542097 0.4513840 0.4513466 1.4629355 1.4544237 1.1052406 1.1039847 1.1079989 1.1043374 1.0191194 1.0183395 1.3939840 1.1834806 1.4516325 1.4451354 1.4769343 1.4523618 1.4529022 1.1080698 1.1983822 1.1985881 1.1040054 1.1030289 1.1043858 1.1055450 1.1075153 1.1049242 1.1859350 1.0427275 1.0198838 1.0577033 1.1889543 1.1917856 1.4469570 1.4471517 1.4586023 1.4567450 1.4604641 1.2771047 1.6421448 
MH188028_Culex_Biggie-like_virus         1.4561573 1.1015494 1.1054835 1.2472301 1.2485530 0.0036229 0.0031673 0.0027114 0.0000000 1.0961893 1.4453956 1.4436992 1.4448199 1.4459031 1.4422326 1.1090603 1.0508143 1.1017108 0.0040912 0.0086939 0.0548097 0.4506688 0.4517700 0.4520200 0.4522758 0.4532950 0.4519250 0.4518869 1.4640699 1.4501382 1.1034740 1.1022203 1.1062304 1.1025744 1.0151940 1.0144110 1.3933656 1.1835745 1.4501489 1.4393212 1.4705196 1.4477285 1.4482679 1.1063028 1.1984765 1.1986824 1.1022428 1.1012670 1.1026234 1.1037812 1.1057487 1.1031622 1.1821199 1.0385094 1.0159538 1.0514989 1.1890486 1.1936047 1.4450803 1.4452742 1.4566557 1.4547982 1.4585165 1.2757106 1.6390987 
KM350507_Wallerfield_virus               1.2391567 0.0031434 0.0035973 1.2108914 1.2064561 1.0970796 1.0953459 1.0979502 1.0961893 0.0000000 1.2275143 1.2291288 1.2280045 1.2274880 1.2277790 0.0104076 0.7739048 0.0067566 1.0943523 1.0945321 1.0872624 1.0991512 1.1010543 1.1018599 1.1014166 1.1033457 1.0984414 1.0994723 1.2641102 1.2416739 0.0040481 0.0022439 0.0045093 0.0104258 0.7496653 0.7492261 1.3207180 1.0172017 1.2429675 1.2418146 1.2313180 1.2379607 1.2391488 0.0173094 1.0308419 1.0310877 0.0099631 0.0108728 0.0131968 0.0127276 0.0168291 0.0076644 0.7803784 0.7664816 0.7490460 0.7654028 1.0239241 1.0635932 1.2302552 1.2266600 1.2130575 1.2134296 1.2112764 1.1923162 1.5673769 
MG551501_Tanay_virus                     0.0548514 1.2271838 1.2315903 1.4414533 1.4425313 1.4497265 1.4507155 1.4472712 1.4453956 1.2275143 0.0000000 0.0004542 0.0013643 0.0013675 0.0009108 1.2295157 1.1967805 1.2308834 1.4472900 1.4474568 1.4294162 1.4398249 1.4443345 1.4433455 1.4434052 1.4468705 1.4411709 1.4440884 0.0548582 0.0529714 1.2284370 1.2273526 1.2329864 1.2256076 1.1570926 1.1536049 1.4550359 1.2364991 0.0534571 0.0536156 0.0499734 0.0534376 0.0539451 1.2382874 1.2585954 1.2588152 1.2247033 1.2214076 1.2312171 1.2299030 1.2382033 1.2318483 1.2761848 1.1713146 1.1554528 1.1538392 1.2375203 1.3408653 0.0013676 0.0018234 0.1272348 0.1284048 0.1268634 1.0625089 1.4794000 
MG551502_Tanay_virus                     0.0543383 1.2287966 1.2332077 1.4397706 1.4408477 1.4480271 1.4490157 1.4455747 1.4436992 1.2291288 0.0004542 0.0000000 0.0009092 0.0009113 0.0004552 1.2311312 1.1952891 1.2324978 1.4455921 1.4457604 1.4277262 1.4381266 1.4426326 1.4416432 1.4417038 1.4451666 1.4394691 1.4423864 0.0543051 0.0524675 1.2300521 1.2289659 1.2346046 1.2272197 1.1556329 1.1521477 1.4568471 1.2349711 0.0529530 0.0530593 0.0492850 0.0529336 0.0534407 1.2399073 1.2570514 1.2572709 1.2263150 1.2230171 1.2328356 1.2315201 1.2398239 1.2334633 1.2746312 1.1697597 1.1539954 1.1523679 1.2359912 1.3392516 0.0009114 0.0013671 0.1266597 0.1278289 0.1262891 1.0610683 1.4812400 
MG551500_Tanay_virus                     0.0543436 1.2276732 1.2320834 1.4389738 1.4400510 1.4491538 1.4501435 1.4466972 1.4448199 1.2280045 0.0013643 0.0009092 0.0000000 0.0018247 0.0013672 1.2300071 1.1931559 1.2313752 1.4467156 1.4468830 1.4288281 1.4390986 1.4436108 1.4426207 1.4426809 1.4461483 1.4404453 1.4433645 0.0537477 0.0524726 1.2289278 1.2278423 1.2334804 1.2260961 1.1545174 1.1488153 1.4574815 1.2385962 0.0529581 0.0530650 0.0492916 0.0529387 0.0534459 1.2387844 1.2607309 1.2609514 1.2251912 1.2218933 1.2317103 1.2303952 1.2387005 1.2323407 1.2735061 1.1685792 1.1528807 1.1499737 1.2396197 1.3409539 0.0018248 0.0013672 0.1266716 0.1278409 0.1263009 1.0587761 1.4848620 
MG551503_Tanay_virus                     0.0542446 1.2271574 1.2315643 1.4393847 1.4404619 1.4502399 1.4512302 1.4477809 1.4459031 1.2274880 0.0013675 0.0009113 0.0018247 0.0000000 0.0004543 1.2294895 1.1936773 1.2308574 1.4478002 1.4479667 1.4299036 1.4403266 1.4448425 1.4438525 1.4439120 1.4473820 1.4416762 1.4445962 0.0542042 0.0523780 1.2284107 1.2273262 1.2329605 1.2255811 1.1540520 1.1505692 1.4581757 1.2342761 0.0528627 0.0529597 0.0491687 0.0528435 0.0533498 1.2382619 1.2588584 1.2590785 1.2246767 1.2213808 1.2290544 1.2277434 1.2381778 1.2318223 1.2729616 1.1680770 1.1524168 1.1507741 1.2352960 1.3375267 0.0009096 0.0013644 0.1267201 0.1278876 0.1263499 1.0625545 1.4793291 
MG551504_Tanay_virus                     0.0536979 1.2274481 1.2318560 1.4357563 1.4368307 1.4465588 1.4475473 1.4441085 1.4422326 1.2277790 0.0009108 0.0004552 0.0013672 0.0004543 0.0000000 1.2297808 1.1939620 1.2311485 1.4441246 1.4442943 1.4262619 1.4366573 1.4411600 1.4401700 1.4402315 1.4436939 1.4379970 1.4409147 0.0536150 0.0518422 1.2287019 1.2276170 1.2332523 1.2258716 1.1543300 1.1508466 1.4585076 1.2311648 0.0523264 0.0523680 0.0484403 0.0523073 0.0528130 1.2385542 1.2556857 1.2559049 1.2249672 1.2216708 1.2293458 1.2280344 1.2384702 1.2321136 1.2732595 1.1683733 1.1526942 1.1510542 1.2321815 1.3378372 0.0004544 0.0009087 0.1260590 0.1272248 0.1256899 1.0597750 1.4767139 
NC_023440_Wallerfield_virus              1.2456261 0.0090334 0.0094976 1.2069258 1.2025048 1.1099458 1.1082021 1.1108286 1.1090603 0.0104076 1.2295157 1.2311312 1.2300071 1.2294895 1.2297808 0.0000000 0.7673183 0.0131910 1.1072146 1.1073737 1.1002261 1.1036205 1.1055292 1.1063389 1.1058923 1.1078217 1.1029171 1.1039443 1.2712417 1.2480671 0.0090438 0.0090306 0.0104294 0.0054013 0.7447794 0.7443389 1.3236433 1.0174457 1.2493665 1.2468371 1.2372540 1.2443360 1.2455277 0.0154290 1.0307580 1.0310038 0.0049472 0.0076721 0.0085858 0.0081248 0.0144974 0.0141127 0.7836604 0.7615845 0.7441678 0.7615848 1.0241699 1.0635569 1.2322596 1.2286609 1.2206534 1.2210287 1.2188710 1.1939056 1.5685268 
ON949943_Dezidougou_virus                1.1876354 0.7741014 0.7767867 1.0183088 1.0163633 1.0588590 1.0571658 1.0534564 1.0508143 0.7739048 1.1967805 1.1952891 1.1931559 1.1936773 1.1939620 0.7673183 0.0000000 0.7722217 1.0608663 1.0629997 1.0535087 1.0430205 1.0461393 1.0468909 1.0462856 1.0533148 1.0433218 1.0446366 1.2025298 1.1978928 0.7745926 0.7741246 0.7742206 0.7659572 0.1141252 0.1140920 1.1679072 0.9045576 1.1939937 1.1903559 1.1761758 1.1947846 1.1961990 0.7735373 0.9125023 0.9106304 0.7645767 0.7621382 0.7683096 0.7688344 0.7751370 0.7729600 0.7966095 0.1157786 0.1123115 0.4357060 0.9114617 0.9509389 1.1963755 1.1928648 1.1700421 1.1697039 1.1690412 1.0688237 1.5101226 
KX518836_Wallerfield_virus               1.2402419 0.0072034 0.0076638 1.2116529 1.2072196 1.1025977 1.1008625 1.1034722 1.1017108 0.0067566 1.2308834 1.2324978 1.2313752 1.2308574 1.2311485 0.0131910 0.7722217 0.0000000 1.0998731 1.1002918 1.0907455 1.1024352 1.1043392 1.1051465 1.1047015 1.1066276 1.1017313 1.1027577 1.2661021 1.2427428 0.0081215 0.0062991 0.0085942 0.0132139 0.7465511 0.7471098 1.3195808 1.0163971 1.2440355 1.2426404 1.2328253 1.2390319 1.2402188 0.0191932 1.0332102 1.0334559 0.0127465 0.0140625 0.0160100 0.0155354 0.0187078 0.0008958 0.7777961 0.7644308 0.7459372 0.7621175 1.0233397 1.0646667 1.2336260 1.2300295 1.2115156 1.2118867 1.2097365 1.1913000 1.5656653 
MH603566_Biggievirus_Mos11               1.4641774 1.0997088 1.1036379 1.2456475 1.2469695 0.0036224 0.0031668 0.0036185 0.0040912 1.0943523 1.4472900 1.4455921 1.4467156 1.4478002 1.4441246 1.1072146 1.0608663 1.0998731 0.0000000 0.0077568 0.0552252 0.4486924 0.4497912 0.4500399 0.4502970 0.4527653 0.4499429 0.4499076 1.4652282 1.4580122 1.1016306 1.1003793 1.1043847 1.1007348 1.0244047 1.0236277 1.3976895 1.1881031 1.4552120 1.4463074 1.4785496 1.4555859 1.4561275 1.1044588 1.2042852 1.2044928 1.1004036 1.0994287 1.1007845 1.1019408 1.1039053 1.1013237 1.1858802 1.0484534 1.0251767 1.0594499 1.1951179 1.1945470 1.4469756 1.4471705 1.4623380 1.4604754 1.4642074 1.2742944 1.6431683 
MK440620_Biggie_virus                    1.4624461 1.0998799 1.1038029 1.2475573 1.2488793 0.0086839 0.0082198 0.0086745 0.0086939 1.0945321 1.4474568 1.4457604 1.4468830 1.4479667 1.4442943 1.1073737 1.0629997 1.1002918 0.0077568 0.0000000 0.0572994 0.4547193 0.4558241 0.4560767 0.4563297 0.4588134 0.4559861 0.4559422 1.4607670 1.4556753 1.1017988 1.1005494 1.1045485 1.1009041 1.0281988 1.0273622 1.3982923 1.1855766 1.4528813 1.4468811 1.4759991 1.4532557 1.4537962 1.1046223 1.1961101 1.1963154 1.1005735 1.0978257 1.1009537 1.1021082 1.1040697 1.1017401 1.1875984 1.0525814 1.0289742 1.0608059 1.1907291 1.1918948 1.4471427 1.4473375 1.4634560 1.4615958 1.4653237 1.2784692 1.6516310 
NC_035129_Culex_negev-like_virus_3       1.4375881 1.0919841 1.0957525 1.2587439 1.2580928 0.0548232 0.0542957 0.0547700 0.0548097 1.0872624 1.4294162 1.4277262 1.4288281 1.4299036 1.4262619 1.1002261 1.0535087 1.0907455 0.0552252 0.0572994 0.0000000 0.4591744 0.4602835 0.4605390 0.4607889 0.4610675 0.4577254 0.4587539 1.4368512 1.4342626 1.0946668 1.0925235 1.0974043 1.0957809 1.0082576 1.0072151 1.4107626 1.2028979 1.4342765 1.4160973 1.4489345 1.4294997 1.4300361 1.0971570 1.2235613 1.2237734 1.0954518 1.0925882 1.0932656 1.0944125 1.0966074 1.0921879 1.1885745 1.0322587 1.0104105 1.0540458 1.2147625 1.1977337 1.4290931 1.4292791 1.4478856 1.4460284 1.4476595 1.2915822 1.6374307 
KF588036_Goutanap_virus                  1.4500944 1.1050208 1.1088158 1.2962598 1.2963371 0.4525048 0.4514921 0.4501287 0.4506688 1.0991512 1.4398249 1.4381266 1.4390986 1.4403266 1.4366573 1.1036205 1.0430205 1.1024352 0.4486924 0.4547193 0.4591744 0.0000000 0.0004493 0.0004495 0.0013476 0.0008989 0.0013505 0.0013487 1.4610327 1.4443493 1.1067683 1.1050210 1.1091856 1.0960882 1.0017557 0.9979031 1.4446787 1.2396428 1.4405496 1.4381014 1.4887150 1.4411741 1.4417123 1.1022511 1.2455532 1.2457678 1.0957599 1.0983211 1.0949178 1.0965758 1.1017003 1.1038804 1.1444086 1.0249566 0.9983051 1.0455972 1.2445484 1.2202602 1.4395061 1.4397729 1.4341467 1.4351369 1.4368794 1.3020043 1.5458344 
NC_025357_Goutanap_virus                 1.4546906 1.1069297 1.1107309 1.2967497 1.2968270 0.4536089 0.4525951 0.4512298 0.4517700 1.1010543 1.4443345 1.4426326 1.4436108 1.4448425 1.4411600 1.1055292 1.0461393 1.1043392 0.4497912 0.4558241 0.4602835 0.0004493 0.0000000 0.0000010 0.0008985 0.0004491 0.0008997 0.0008985 1.4660391 1.4488626 1.1086808 1.1069302 1.1111009 1.0979862 1.0047901 1.0009280 1.4450565 1.2444989 1.4450524 1.4430843 1.4900724 1.4456774 1.4462169 1.1041598 1.2462894 1.2465041 1.0976573 1.1002226 1.0968156 1.0984764 1.1036083 1.1057857 1.1459575 1.0282217 1.0013316 1.0470209 1.2452853 1.2205465 1.4440176 1.4442864 1.4386276 1.4396187 1.4413664 1.3038813 1.5468829 
KF588037_Goutanap_virus                  1.4536900 1.1077402 1.1115456 1.2957671 1.2958444 0.4538604 0.4528459 0.4514795 0.4520200 1.1018599 1.4433455 1.4416432 1.4426207 1.4438525 1.4401700 1.1063389 1.0468909 1.1051465 0.4500399 0.4560767 0.4605390 0.0004495 0.0000010 0.0000000 0.0008989 0.0004493 0.0009001 0.0008989 1.4649580 1.4478758 1.1094934 1.1077408 1.1119158 1.0987884 1.0055050 1.0016391 1.4462193 1.2435079 1.4440652 1.4419901 1.4887317 1.4446905 1.4452302 1.1049691 1.2452987 1.2455132 1.0984591 1.1010272 1.0976172 1.0992799 1.1044170 1.1065941 1.1468114 1.0290010 1.0020432 1.0477680 1.2442936 1.2195545 1.4430280 1.4432966 1.4376406 1.4386322 1.4403800 1.3028556 1.5459051 
LC504569_Goutanap_virus                  1.4537445 1.1072928 1.1110950 1.2953453 1.2954226 0.4541152 0.4531014 0.4517359 0.4522758 1.1014166 1.4434052 1.4417038 1.4426809 1.4439120 1.4402315 1.1058923 1.0462856 1.1047015 0.4502970 0.4563297 0.4607889 0.0013476 0.0008985 0.0008989 0.0000000 0.0013481 0.0018003 0.0017965 1.4647015 1.4479329 1.1090444 1.1072934 1.1114650 1.0983477 1.0049409 1.0010792 1.4457495 1.2433636 1.4441244 1.4420570 1.4904592 1.4447493 1.4452887 1.1045231 1.2451532 1.2453676 1.0980187 1.1005847 1.0971771 1.0988384 1.1039714 1.1061482 1.1460954 1.0283787 1.0014828 1.0471661 1.2441487 1.2215544 1.4430879 1.4433564 1.4377033 1.4386944 1.4404412 1.3050170 1.5474418 
KM249339_Goutanap_virus                  1.4578005 1.1092208 1.1130248 1.3003868 1.3004641 0.4565966 0.4555800 0.4542097 0.4532950 1.1033457 1.4468705 1.4451666 1.4461483 1.4473820 1.4436939 1.1078217 1.0533148 1.1066276 0.4527653 0.4588134 0.4610675 0.0008989 0.0004491 0.0004493 0.0013481 0.0000000 0.0008997 0.0013492 1.4678483 1.4519193 1.1109738 1.1092217 1.1133945 1.1002752 1.0115786 1.0076984 1.4490777 1.2469993 1.4475851 1.4464640 1.4943137 1.4487295 1.4492696 1.1064542 1.2498191 1.2500348 1.0999461 1.1025131 1.0991058 1.1007680 1.1059024 1.1080738 1.1550808 1.0355079 1.0081054 1.0512611 1.2468795 1.2240124 1.4465547 1.4468247 1.4411483 1.4421399 1.4438904 1.3002734 1.5560993 
KF588038_Goutanap_virus                  1.4514817 1.1043200 1.1081199 1.2984917 1.2985690 0.4537672 0.4527517 0.4513840 0.4519250 1.0984414 1.4411709 1.4394691 1.4404453 1.4416762 1.4379970 1.1029171 1.0433218 1.1017313 0.4499429 0.4559861 0.4577254 0.0013505 0.0008997 0.0009001 0.0018003 0.0008997 0.0000000 0.0000010 1.4611133 1.4457032 1.1060696 1.1043201 1.1084904 1.0953744 1.0024418 0.9985808 1.4473117 1.2452094 1.4418949 1.4381564 1.4857304 1.4425204 1.4430598 1.1015451 1.2492959 1.2495117 1.0950457 1.0976103 1.0942019 1.0958619 1.1009935 1.1031788 1.1425269 1.0257340 0.9989838 1.0453833 1.2468805 1.2202624 1.4408522 1.4411211 1.4354762 1.4364682 1.4382147 1.3005351 1.5457927 
KF588039_Goutanap_virus                  1.4544416 1.1053452 1.1091428 1.2970032 1.2970805 0.4537265 0.4527124 0.4513466 0.4518869 1.0994723 1.4440884 1.4423864 1.4433645 1.4445962 1.4409147 1.1039443 1.0446366 1.1027577 0.4499076 0.4559422 0.4587539 0.0013487 0.0008985 0.0008989 0.0017965 0.0013492 0.0000010 0.0000000 1.4657701 1.4486171 1.1070940 1.1053455 1.1095128 1.0964071 1.0033111 0.9994519 1.4453166 1.2441010 1.4448068 1.4428120 1.4897386 1.4454318 1.4459714 1.1025743 1.2458918 1.2461065 1.0960786 1.0986416 1.0952363 1.0968954 1.1020232 1.1042037 1.1437194 1.0266406 0.9998549 1.0449083 1.2448872 1.2189173 1.4437714 1.4440402 1.4383820 1.4393733 1.4411209 1.3041463 1.5441912 
Tanay_virus_F1530C2F1212                 0.0030490 1.2679312 1.2729393 1.4519459 1.4521652 1.4656670 1.4667588 1.4629355 1.4640699 1.2641102 0.0548582 0.0543051 0.0537477 0.0542042 0.0536150 1.2712417 1.2025298 1.2661021 1.4652282 1.4607670 1.4368512 1.4610327 1.4660391 1.4649580 1.4647015 1.4678483 1.4611133 1.4657701 0.0000000 0.0000010 1.2693836 1.2681319 1.2757347 1.2664351 1.1677194 1.1644334 1.4600864 1.2611092 0.0039978 0.0026582 0.0039943 0.0024966 0.0029974 1.2769432 1.2787629 1.2790106 1.2654229 1.2625153 1.2671317 1.2646687 1.2768682 1.2672096 1.3173794 1.1805597 1.1668819 1.1872275 1.2628220 1.3639290 0.0536150 0.0536119 0.1209812 0.1222522 0.1205837 1.1101547 1.4283547 
Tanay_virus_F1530C2F1217                 0.0027754 1.2451188 1.2495958 1.4452679 1.4454663 1.4568963 1.4578888 1.4544237 1.4501382 1.2416739 0.0529714 0.0524675 0.0524726 0.0523780 0.0518422 1.2480671 1.1978928 1.2427428 1.4580122 1.4556753 1.4342626 1.4443493 1.4488626 1.4478758 1.4479329 1.4519193 1.4457032 1.4486171 0.0000010 0.0000000 1.2464032 1.2452939 1.2531885 1.2437585 1.1625678 1.1590671 1.4453519 1.2474986 0.0041028 0.0025129 0.0037531 0.0022757 0.0027321 1.2532245 1.2621112 1.2623317 1.2428457 1.2405509 1.2443802 1.2421716 1.2531463 1.2437415 1.2856941 1.1745848 1.1618136 1.1726228 1.2489925 1.3414561 0.0523784 0.0518395 0.1186146 0.1197695 0.1182554 1.0695117 1.4837755 
KM350506_Wallerfield_virus               1.2439421 0.0017955 0.0022478 1.2176836 1.2132298 1.1043623 1.1026216 1.1052406 1.1034740 0.0040481 1.2284370 1.2300521 1.2289278 1.2284107 1.2287019 0.0090438 0.7745926 0.0081215 1.1016306 1.1017988 1.0946668 1.1067683 1.1086808 1.1094934 1.1090444 1.1109738 1.1060696 1.1070940 1.2693836 1.2464032 0.0000000 0.0017949 0.0031529 0.0099685 0.7503194 0.7498799 1.3258905 1.0196495 1.2477013 1.2464577 1.2346748 1.2426764 1.2438672 0.0187070 1.0340351 1.0342811 0.0095065 0.0104156 0.0141104 0.0136402 0.0182240 0.0081227 0.7806726 0.7675146 0.7496986 0.7671256 1.0263865 1.0653661 1.2311795 1.2275824 1.2173040 1.2176781 1.2155210 1.1929650 1.5745156 
MZ615323_Wallerfield_virus               1.2428210 0.0008955 0.0013451 1.2150556 1.2106107 1.1031083 1.1013701 1.1039847 1.1022203 0.0022439 1.2273526 1.2289659 1.2278423 1.2273262 1.2276170 0.0090306 0.7741246 0.0062991 1.1003793 1.1005494 1.0925235 1.1050210 1.1069302 1.1077408 1.1072934 1.1092217 1.1043201 1.1053455 1.2681319 1.2452939 0.0017949 0.0000000 0.0022494 0.0090464 0.7498758 0.7494365 1.3225964 1.0189179 1.2465901 1.2458122 1.2361728 1.2415723 1.2427619 0.0168352 1.0332885 1.0335343 0.0085860 0.0094932 0.0127276 0.0122595 0.0163561 0.0063000 0.7808354 0.7670304 0.7492561 0.7657194 1.0256466 1.0645877 1.2300914 1.2264988 1.2162308 1.2166042 1.2144492 1.1913196 1.5680888 
KM350504_Wallerfield_virus               1.2508097 0.0031511 0.0036060 1.2219769 1.2175107 1.1071179 1.1053746 1.1079989 1.1062304 0.0045093 1.2329864 1.2346046 1.2334804 1.2329605 1.2332523 0.0104294 0.7742206 0.0085942 1.1043847 1.1045485 1.0974043 1.1091856 1.1111009 1.1119158 1.1114650 1.1133945 1.1084904 1.1095128 1.2757347 1.2531885 0.0031529 0.0022494 0.0000000 0.0104476 0.7521429 0.7517036 1.3327058 1.0235190 1.2544919 1.2545341 1.2384316 1.2494447 1.2506387 0.0192113 1.0379414 1.0381877 0.0099840 0.0108955 0.0146025 0.0141296 0.0187261 0.0085955 0.7844858 0.7694788 0.7515187 0.7695917 1.0302795 1.0715570 1.2357367 1.2321307 1.2239919 1.2243686 1.2222083 1.1955987 1.5797212 
KX518839_Wallerfield_virus               1.2412667 0.0090401 0.0104234 1.2063124 1.2018957 1.1034615 1.1017245 1.1043374 1.1025744 0.0104258 1.2256076 1.2272197 1.2260961 1.2255811 1.2258716 0.0054013 0.7659572 0.0132139 1.1007348 1.1009041 1.0957809 1.0960882 1.0979862 1.0987884 1.0983477 1.1002752 1.0953744 1.0964071 1.2664351 1.2437585 0.0099685 0.0090464 0.0104476 0.0000000 0.7415441 0.7411032 1.3219141 1.0125225 1.2450538 1.2426644 1.2354600 1.2400403 1.2412293 0.0154559 1.0262483 1.0264936 0.0004476 0.0049576 0.0076847 0.0072245 0.0145227 0.0141382 0.7748747 0.7585356 0.7413320 0.7595656 1.0192140 1.0580338 1.2283434 1.2247543 1.2149720 1.2153448 1.2131910 1.1912561 1.5674235 
JQ675604_Dezidougou_virus                1.1517557 0.7498569 0.7524545 1.0089132 1.0071263 1.0231370 1.0214805 1.0191194 1.0151940 0.7496653 1.1570926 1.1556329 1.1545174 1.1540520 1.1543300 0.7447794 0.1141252 0.7465511 1.0244047 1.0281988 1.0082576 1.0017557 1.0047901 1.0055050 1.0049409 1.0115786 1.0024418 1.0033111 1.1677194 1.1625678 0.7503194 0.7498758 0.7521429 0.7415441 0.0000000 0.0058511 1.1461154 0.8738963 1.1608142 1.1430512 1.1533192 1.1593575 1.1607472 0.7492980 0.8818162 0.8799967 0.7408890 0.7390658 0.7442555 0.7447587 0.7508498 0.7472627 0.7927768 0.0118995 0.0112802 0.4193882 0.8745145 0.9383531 1.1566760 1.1532552 1.1437604 1.1434202 1.1412256 1.0699573 1.4650645 
KY968698_Dezidougou_virus                1.1482303 0.7494177 0.7520154 1.0114787 1.0095645 1.0223595 1.0207017 1.0183395 1.0144110 0.7492261 1.1536049 1.1521477 1.1488153 1.1505692 1.1508466 0.7443389 0.1140920 0.7471098 1.0236277 1.0273622 1.0072151 0.9979031 1.0009280 1.0016391 1.0010792 1.0076984 0.9985808 0.9994519 1.1644334 1.1590671 0.7498799 0.7494365 0.7517036 0.7411032 0.0058511 0.0000000 1.1386833 0.8685241 1.1573156 1.1415476 1.1457103 1.1558640 1.1572517 0.7488593 0.8769369 0.8751256 0.7404479 0.7386243 0.7438149 0.7443181 0.7504113 0.7478225 0.7890118 0.0123852 0.0117399 0.4225290 0.8683398 0.9348770 1.1531873 1.1497736 1.1417039 1.1413632 1.1391684 1.0632415 1.4634006 
JQ675606_Santana_virus                   1.4381229 1.3220883 1.3247518 0.9258930 0.9284131 1.3939513 1.3960173 1.3939840 1.3933656 1.3207180 1.4550359 1.4568471 1.4574815 1.4581757 1.4585076 1.3236433 1.1679072 1.3195808 1.3976895 1.3982923 1.4107626 1.4446787 1.4450565 1.4462193 1.4457495 1.4490777 1.4473117 1.4453166 1.4600864 1.4453519 1.3258905 1.3225964 1.3327058 1.3219141 1.1461154 1.1386833 0.0000000 0.9491021 1.4412840 1.4223258 1.4565352 1.4398690 1.4405433 1.3413748 0.9663514 0.9644383 1.3213410 1.3233532 1.3159811 1.3184454 1.3409694 1.3202473 1.3260010 1.1583106 1.1394814 1.2000061 0.9471283 0.8695108 1.4613898 1.4582671 1.4604247 1.4600914 1.4593515 1.4539042 1.6691783 
LC103139_Bustos_virus                    1.2394858 1.0186662 1.0214768 0.6872035 0.6842843 1.1885332 1.1866754 1.1834806 1.1835745 1.0172017 1.2364991 1.2349711 1.2385962 1.2342761 1.2311648 1.0174457 0.9045576 1.0163971 1.1881031 1.1855766 1.2028979 1.2396428 1.2444989 1.2435079 1.2433636 1.2469993 1.2452094 1.2441010 1.2611092 1.2474986 1.0196495 1.0189179 1.0235190 1.0125225 0.8738963 0.8685241 0.9491021 0.0000000 1.2428453 1.2176393 1.1983780 1.2439786 1.2451698 1.0199966 0.0713639 0.0719349 1.0117064 1.0118380 1.0204841 1.0185972 1.0202313 1.0164671 1.0911205 0.8947255 0.8710318 0.9016787 0.0170318 0.5108241 1.2336483 1.2340489 1.2651445 1.2648094 1.2641212 1.2192370 1.6022217 
MG673930_Tanay_virus                     0.0041645 1.2464146 1.2508966 1.4440621 1.4442602 1.4540989 1.4550902 1.4516325 1.4501489 1.2429675 0.0534571 0.0529530 0.0529581 0.0528627 0.0523264 1.2493665 1.1939937 1.2440355 1.4552120 1.4528813 1.4342765 1.4405496 1.4450524 1.4440652 1.4441244 1.4475851 1.4418949 1.4448068 0.0039978 0.0041028 1.2477013 1.2465901 1.2544919 1.2450538 1.1608142 1.1573156 1.4412840 1.2428453 0.0000000 0.0030146 0.0043789 0.0036423 0.0040995 1.2545265 1.2561470 1.2563662 1.2441404 1.2418437 1.2456762 1.2434654 1.2544489 1.2450349 1.2820267 1.1727216 1.1600615 1.1706554 1.2443351 1.3400130 0.0528632 0.0523237 0.1190798 0.1202347 0.1187203 1.0700329 1.4797044 
Tanay_virus_F1530C2F1219                 0.0005060 1.2450394 1.2499835 1.4159095 1.4168873 1.4467438 1.4478363 1.4451354 1.4393212 1.2418146 0.0536156 0.0530593 0.0530650 0.0529597 0.0523680 1.2468371 1.1903559 1.2426404 1.4463074 1.4468811 1.4160973 1.4381014 1.4430843 1.4419901 1.4420570 1.4464640 1.4381564 1.4428120 0.0026582 0.0025129 1.2464577 1.2458122 1.2545341 1.2426644 1.1430512 1.1415476 1.4223258 1.2176393 0.0030146 0.0000000 0.0006755 0.0005015 0.0010035 1.2504625 1.2331381 1.2333736 1.2416574 1.2402286 1.2433499 1.2409141 1.2503750 1.2437431 1.2813706 1.1716861 1.1469273 1.1333346 1.2235547 1.3304340 0.0529601 0.0523650 0.1236886 0.1249720 0.1232847 1.0629952 1.4680571 
Tanay_virus_F1530C2F1533                 0.0012504 1.2368839 1.2419952 1.4777483 1.4780277 1.4764622 1.4778290 1.4769343 1.4705196 1.2313180 0.0499734 0.0492850 0.0492916 0.0491687 0.0484403 1.2372540 1.1761758 1.2328253 1.4785496 1.4759991 1.4489345 1.4887150 1.4900724 1.4887317 1.4904592 1.4943137 1.4857304 1.4897386 0.0039943 0.0037531 1.2346748 1.2361728 1.2384316 1.2354600 1.1533192 1.1457103 1.4565352 1.1983780 0.0043789 0.0006755 0.0000000 0.0006237 0.0006237 1.2424970 1.2233181 1.2236068 1.2342216 1.2297715 1.2389634 1.2359691 1.2423846 1.2341792 1.2840750 1.1770684 1.1472280 1.1523302 1.1975812 1.3883263 0.0484403 0.0484368 0.1099564 0.1115131 0.1094837 1.0484566 1.5091592 
Tanay_virus_F1530C2F1215                 0.0004615 1.2413986 1.2458603 1.4439150 1.4441130 1.4544730 1.4554639 1.4523618 1.4477285 1.2379607 0.0534376 0.0529336 0.0529387 0.0528435 0.0523073 1.2443360 1.1947846 1.2390319 1.4555859 1.4532557 1.4294997 1.4411741 1.4456774 1.4446905 1.4447493 1.4487295 1.4425204 1.4454318 0.0024966 0.0022757 1.2426764 1.2415723 1.2494447 1.2400403 1.1593575 1.1558640 1.4398690 1.2439786 0.0036423 0.0005015 0.0006237 0.0000000 0.0004543 1.2494848 1.2580272 1.2582467 1.2391293 1.2368402 1.2406597 1.2384575 1.2494051 1.2400287 1.2818461 1.1711617 1.1586070 1.1691565 1.2454688 1.3404192 0.0528439 0.0523046 0.1191042 0.1202593 0.1187445 1.0674139 1.4832135 
Tanay_virus_F1530C2F1530                 0.0009235 1.2425878 1.2470529 1.4454971 1.4456953 1.4550142 1.4560052 1.4529022 1.4482679 1.2391488 0.0539451 0.0534407 0.0534459 0.0533498 0.0528130 1.2455277 1.1961990 1.2402188 1.4561275 1.4537962 1.4300361 1.4417123 1.4462169 1.4452302 1.4452887 1.4492696 1.4430598 1.4459714 0.0029974 0.0027321 1.2438672 1.2427619 1.2506387 1.2412293 1.1607472 1.1572517 1.4405433 1.2451698 0.0040995 0.0010035 0.0006237 0.0004543 0.0000000 1.2506775 1.2592246 1.2594444 1.2403180 1.2380278 1.2418492 1.2396457 1.2505983 1.2412160 1.2833189 1.1726393 1.1599953 1.1705629 1.2466610 1.3416703 0.0533502 0.0528102 0.1185305 0.1196848 0.1181717 1.0685293 1.4820932 
KX518833_Wallerfield_virus               1.2484299 0.0177559 0.0182350 1.2138411 1.2094032 1.1071895 1.1054477 1.1080698 1.1063028 0.0173094 1.2382874 1.2399073 1.2387844 1.2382619 1.2385542 0.0154290 0.7735373 0.0191932 1.1044588 1.1046223 1.0971570 1.1022511 1.1041598 1.1049691 1.1045231 1.1064542 1.1015451 1.1025743 1.2769432 1.2532245 0.0187070 0.0168352 0.0192113 0.0154559 0.7492980 0.7488593 1.3413748 1.0199966 1.2545265 1.2504625 1.2424970 1.2494848 1.2506775 0.0000000 1.0315034 1.0317489 0.0149873 0.0159014 0.0155022 0.0150297 0.0008970 0.0201242 0.7815239 0.7664342 0.7482464 0.7658362 1.0267136 1.0774526 1.2410435 1.2374312 1.2285875 1.2289657 1.2268056 1.2096324 1.5650878 
KX518758_Biratnagar_virus                1.2537038 1.0330331 1.0358838 0.7118566 0.7088729 1.2046730 1.2027929 1.1983822 1.1984765 1.0308419 1.2585954 1.2570514 1.2607309 1.2588584 1.2556857 1.0307580 0.9125023 1.0332102 1.2042852 1.1961101 1.2235613 1.2455532 1.2462894 1.2452987 1.2451532 1.2498191 1.2492959 1.2458918 1.2787629 1.2621112 1.0340351 1.0332885 1.0379414 1.0262483 0.8818162 0.8769369 0.9663514 0.0713639 1.2561470 1.2331381 1.2233181 1.2580272 1.2592246 1.0315034 0.0000000 0.0004519 1.0254269 1.0248445 1.0358782 1.0353077 1.0317436 1.0332707 1.0986058 0.9026805 0.8766573 0.9118243 0.0643106 0.5233857 1.2582095 1.2586173 1.2741292 1.2737949 1.2731055 1.2264623 1.6080421 
NC_034153_Biratnagar_virus               1.2539253 1.0332789 1.0361300 0.7119554 0.7089712 1.2048806 1.2030000 1.1985881 1.1986824 1.0310877 1.2588152 1.2572709 1.2609514 1.2590785 1.2559049 1.0310038 0.9106304 1.0334559 1.2044928 1.1963154 1.2237734 1.2457678 1.2465041 1.2455132 1.2453676 1.2500348 1.2495117 1.2461065 1.2790106 1.2623317 1.0342811 1.0335343 1.0381877 1.0264936 0.8799967 0.8751256 0.9644383 0.0719349 1.2563662 1.2333736 1.2236068 1.2582467 1.2594444 1.0317489 0.0004519 0.0000000 1.0256722 1.0250897 1.0361242 1.0355536 1.0319892 1.0335162 1.0981148 0.9007186 0.8748473 0.9126993 0.0648687 0.5234547 1.2584293 1.2588373 1.2743541 1.2740198 1.2733303 1.2267793 1.6109920 
KX518837_Wallerfield_virus               1.2403425 0.0085800 0.0099608 1.2054227 1.2010077 1.1031299 1.1013934 1.1040054 1.1022428 0.0099631 1.2247033 1.2263150 1.2251912 1.2246767 1.2249672 0.0049472 0.7645767 0.0127465 1.1004036 1.1005735 1.0954518 1.0957599 1.0976573 1.0984591 1.0980187 1.0999461 1.0950457 1.0960786 1.2654229 1.2428457 0.0095065 0.0085860 0.0099840 0.0004476 0.7408890 0.7404479 1.3213410 1.0117064 1.2441404 1.2416574 1.2342216 1.2391293 1.2403180 0.0149873 1.0254269 1.0256722 0.0000000 0.0045027 0.0072258 0.0067666 0.0140557 0.0136686 0.7747572 0.7578350 0.7406777 0.7581948 1.0183940 1.0572023 1.2274380 1.2238502 1.2140694 1.2144419 1.2122883 1.1925094 1.5675737 
MK959117_Wallerfield_virus               1.2380199 0.0094866 0.0108703 1.2049732 1.2005576 1.1021544 1.1004188 1.1030289 1.1012670 0.0108728 1.2214076 1.2230171 1.2218933 1.2213808 1.2216708 0.0076721 0.7621382 0.0140625 1.0994287 1.0978257 1.0925882 1.0983211 1.1002226 1.1010272 1.1005847 1.1025131 1.0976103 1.0986416 1.2625153 1.2405509 0.0104156 0.0094932 0.0108955 0.0049576 0.7390658 0.7386243 1.3233532 1.0118380 1.2418437 1.2402286 1.2297715 1.2368402 1.2380278 0.0159014 1.0248445 1.0250897 0.0045027 0.0000000 0.0099695 0.0095057 0.0149680 0.0149830 0.7745773 0.7558835 0.7388569 0.7571739 1.0182741 1.0593366 1.2241368 1.2205553 1.2115229 1.2118944 1.2097420 1.1913296 1.5660862 
KX518823_Wallerfield_virus               1.2418954 0.0127188 0.0141182 1.2009147 1.1965158 1.1035101 1.1017737 1.1043858 1.1026234 0.0131968 1.2312171 1.2328356 1.2317103 1.2290544 1.2293458 0.0085858 0.7683096 0.0160100 1.1007845 1.1009537 1.0932656 1.0949178 1.0968156 1.0976172 1.0971771 1.0991058 1.0942019 1.0952363 1.2671317 1.2443802 0.0141104 0.0127276 0.0146025 0.0076847 0.7442555 0.7438149 1.3159811 1.0204841 1.2456762 1.2433499 1.2389634 1.2406597 1.2418492 0.0155022 1.0358782 1.0361242 0.0072258 0.0099695 0.0000000 0.0004477 0.0145664 0.0169392 0.7769528 0.7611241 0.7440396 0.7562767 1.0272161 1.0641395 1.2318247 1.2282258 1.2163016 1.2166751 1.2145196 1.1972736 1.5595971 
KX518829_Wallerfield_virus               1.2396607 0.0122510 0.0136477 1.2025951 1.1981890 1.1046679 1.1029299 1.1055450 1.1037812 0.0127276 1.2299030 1.2315201 1.2303952 1.2277434 1.2280344 0.0081248 0.7688344 0.0155354 1.1019408 1.1021082 1.0944125 1.0965758 1.0984764 1.0992799 1.0988384 1.1007680 1.0958619 1.0968954 1.2646687 1.2421716 0.0136402 0.0122595 0.0141296 0.0072245 0.7447587 0.7443181 1.3184454 1.0185972 1.2434654 1.2409141 1.2359691 1.2384575 1.2396457 0.0150297 1.0353077 1.0355536 0.0067666 0.0095057 0.0004477 0.0000000 0.0140956 0.0164633 0.7781230 0.7616685 0.7445420 0.7569768 1.0253180 1.0662323 1.2305106 1.2269155 1.2156010 1.2159741 1.2138197 1.1985903 1.5624685 
KX518832_Wallerfield_virus               1.2483488 0.0172752 0.0177530 1.2111839 1.2067537 1.1066355 1.1048944 1.1075153 1.1057487 0.0168291 1.2382033 1.2398239 1.2387005 1.2381778 1.2384702 0.0144974 0.7751370 0.0187078 1.1039053 1.1040697 1.0966074 1.1017003 1.1036083 1.1044170 1.1039714 1.1059024 1.1009935 1.1020232 1.2768682 1.2531463 0.0182240 0.0163561 0.0187261 0.0145227 0.7508498 0.7504113 1.3409694 1.0202313 1.2544489 1.2503750 1.2423846 1.2494051 1.2505983 0.0008970 1.0317436 1.0319892 0.0140557 0.0149680 0.0145664 0.0140956 0.0000000 0.0196380 0.7823379 0.7681000 0.7497944 0.7654784 1.0269518 1.0750266 1.2409605 1.2373468 1.2258800 1.2262570 1.2240989 1.2064209 1.5604814 
KX518835_Wallerfield_virus               1.2412531 0.0072044 0.0076649 1.2131866 1.2087501 1.1040485 1.1023124 1.1049242 1.1031622 0.0076644 1.2318483 1.2334633 1.2323407 1.2318223 1.2321136 0.0141127 0.7729600 0.0008958 1.1013237 1.1017401 1.0921879 1.1038804 1.1057857 1.1065941 1.1061482 1.1080738 1.1031788 1.1042037 1.2672096 1.2437415 0.0081227 0.0063000 0.0085955 0.0141382 0.7472627 0.7478225 1.3202473 1.0164671 1.2450349 1.2437431 1.2341792 1.2400287 1.2412160 0.0201242 1.0332707 1.0335162 0.0136686 0.0149830 0.0169392 0.0164633 0.0196380 0.0000000 0.7774997 0.7651982 0.7466476 0.7631854 1.0234059 1.0643535 1.2345925 1.2309941 1.2126656 1.2130372 1.2108859 1.1900249 1.5684445 
MH719095_Uxmal_virus                     1.2780074 0.7807782 0.7835494 1.2719159 1.2680001 1.1889127 1.1870654 1.1859350 1.1821199 0.7803784 1.2761848 1.2746312 1.2735061 1.2729616 1.2732595 0.7836604 0.7966095 0.7777961 1.1858802 1.1875984 1.1885745 1.1444086 1.1459575 1.1468114 1.1460954 1.1550808 1.1425269 1.1437194 1.3173794 1.2856941 0.7806726 0.7808354 0.7844858 0.7748747 0.7927768 0.7890118 1.3260010 1.0911205 1.2820267 1.2813706 1.2840750 1.2818461 1.2833189 0.7815239 1.0986058 1.0981148 0.7747572 0.7745773 0.7769528 0.7781230 0.7823379 0.7774997 0.0000000 0.8178956 0.7897172 0.7962714 1.0917364 1.1628679 1.2758060 1.2723603 1.2857351 1.2880583 1.2895763 1.2149065 1.6560069 
OP264896_Dezidougou_virus                1.1773993 0.7670073 0.7698021 1.0315292 1.0294627 1.0470714 1.0452918 1.0427275 1.0385094 0.7664816 1.1713146 1.1697597 1.1685792 1.1680770 1.1683733 0.7615845 0.1157786 0.7644308 1.0484534 1.0525814 1.0322587 1.0249566 1.0282217 1.0290010 1.0283787 1.0355079 1.0257340 1.0266406 1.1805597 1.1745848 0.7675146 0.7670304 0.7694788 0.7585356 0.0118995 0.0123852 1.1583106 0.8947255 1.1727216 1.1716861 1.1770684 1.1711617 1.1726393 0.7664342 0.9026805 0.9007186 0.7578350 0.7558835 0.7611241 0.7616685 0.7681000 0.7651982 0.8178956 0.0000000 0.0000010 0.4289592 0.8968202 0.9638645 1.1708785 1.1672290 1.1473392 1.1469798 1.1446552 1.1205325 1.4786754 
MT096525_Dezidougou_virus                1.1510036 0.7492373 0.7518301 1.0029245 1.0010285 1.0239069 1.0222485 1.0198838 1.0159538 0.7490460 1.1554528 1.1539954 1.1528807 1.1524168 1.1526942 0.7441678 0.1123115 0.7459372 1.0251767 1.0289742 1.0104105 0.9983051 1.0013316 1.0020432 1.0014828 1.0081054 0.9989838 0.9998549 1.1668819 1.1618136 0.7496986 0.7492561 0.7515187 0.7413320 0.0112802 0.0117399 1.1394814 0.8710318 1.1600615 1.1469273 1.1472280 1.1586070 1.1599953 0.7482464 0.8766573 0.8748473 0.7406777 0.7388569 0.7440396 0.7445420 0.7497944 0.7466476 0.7897172 0.0000010 0.0000000 0.4218245 0.8730281 0.9302990 1.1550360 1.1516211 1.1411132 1.1407731 1.1385831 1.0729482 1.4622557 
ON949944_Kustavi_negevirus               1.1586224 0.7659442 0.7689202 1.0833812 1.0793496 1.0585081 1.0593361 1.0577033 1.0514989 0.7654028 1.1538392 1.1523679 1.1499737 1.1507741 1.1510542 0.7615848 0.4357060 0.7621175 1.0594499 1.0608059 1.0540458 1.0455972 1.0470209 1.0477680 1.0471661 1.0512611 1.0453833 1.0449083 1.1872275 1.1726228 0.7671256 0.7657194 0.7695917 0.7595656 0.4193882 0.4225290 1.2000061 0.9016787 1.1706554 1.1333346 1.1523302 1.1691565 1.1705629 0.7658362 0.9118243 0.9126993 0.7581948 0.7571739 0.7562767 0.7569768 0.7654784 0.7631854 0.7962714 0.4289592 0.4218245 0.0000000 0.9071264 0.9568386 1.1534176 1.1499708 1.1568128 1.1564709 1.1550379 1.0473850 1.4966944 
MN101546_Bustos_virus                    1.2409927 1.0253928 1.0282268 0.6881948 0.6852761 1.1955463 1.1936739 1.1889543 1.1890486 1.0239241 1.2375203 1.2359912 1.2396197 1.2352960 1.2321815 1.0241699 0.9114617 1.0233397 1.1951179 1.1907291 1.2147625 1.2445484 1.2452853 1.2442936 1.2441487 1.2468795 1.2468805 1.2448872 1.2628220 1.2489925 1.0263865 1.0256466 1.0302795 1.0192140 0.8745145 0.8683398 0.9471283 0.0170318 1.2443351 1.2235547 1.1975812 1.2454688 1.2466610 1.0267136 0.0643106 0.0648687 1.0183940 1.0182741 1.0272161 1.0253180 1.0269518 1.0234059 1.0917364 0.8968202 0.8730281 0.9071264 0.0000000 0.5112574 1.2346672 1.2350681 1.2671925 1.2668579 1.2645290 1.2119099 1.6099118 
