41
MZ218742_Permutotetraviridae_sp_                0.0000000 0.0071285 0.0118214 0.0082870 0.2109267 0.2034852 0.1949984 0.1972632 0.3080083 0.3375522 0.3516776 0.6729797 0.9917541 1.1405361 0.9946123 0.9887516 0.6755488 0.9418741 0.6389805 0.9657374 1.6127860 2.7596354 2.7639356 3.0542782 2.7292387 2.6630460 2.7438911 2.9037886 2.8519370 2.7445874 2.5729523 2.6492453 2.6414816 2.7190985 2.6606930 2.4733042 2.4851093 2.5290921 2.4966426 2.6176368 2.8518813 
OL700211_XiangYun_permutotetra-like_virus       0.0071285 0.0000000 0.0161171 0.0125180 0.2805920 0.2709337 0.2821724 0.2816952 0.4473329 0.5165484 0.5400149 1.0064772 1.5339022 1.5339022 1.5423863 1.5260690 0.8784039 1.4100914 1.1430248 1.4553493 2.0549765 3.5415768 3.5589614 9.0000000 3.5070916 3.4952837 3.5593223 3.7965281 3.9812341 3.5314873 3.3051167 3.4201552 3.3535582 3.7255995 3.4418794 3.3167786 3.3408436 3.3823785 3.3309508 3.3114171 3.4146073 
MZ209846_Sanya_permutotetravirus_1              0.0118214 0.0161171 0.0000000 0.0032085 0.2204791 0.2132204 0.2097570 0.2078514 0.3061099 0.3574853 0.3732500 0.7051680 1.0237142 1.1632799 1.0263501 1.0205307 0.6871890 0.9678195 0.6355303 0.9906496 1.6371886 2.8054311 2.8206421 3.1459854 2.7833507 2.6854795 2.7988398 2.9384486 2.8840130 2.7996755 2.6452709 2.7050867 2.6896136 2.7763720 2.7056104 2.5007672 2.5131441 2.5592248 2.5150303 2.6479198 2.8584095 
MZ209962_Sanya_permutotetravirus_1              0.0082870 0.0125180 0.0032085 0.0000000 0.2070152 0.1996609 0.1966922 0.1989897 0.3014384 0.3393421 0.3544410 0.6714366 0.9997682 1.1515719 1.0022682 0.9967498 0.6785476 0.9448689 0.6289463 0.9638331 1.6153670 2.7721373 2.7764448 3.0542782 2.7416029 2.6765456 2.7563139 2.9074800 2.8644641 2.7570345 2.5913107 2.6669015 2.6504585 2.7383665 2.6664143 2.4711239 2.4829152 2.5268490 2.4948910 2.6170910 2.8667847 
Hubei_permutotetra_like_virus_2_F1357C9F1357    0.2109267 0.2805920 0.2204791 0.2070152 0.0000000 0.0000010 0.1201310 0.1239946 0.2878434 0.3133203 0.3321711 0.6438402 1.0018691 1.1420427 0.9964406 0.9988087 0.6818660 0.9313458 0.6135669 0.9384166 1.6537304 2.7390253 2.7379233 3.2140928 2.7304281 2.6400547 2.7275934 2.9067944 2.8115123 2.7312589 2.6269612 2.7088315 2.6856131 2.7514813 2.6416565 2.3828875 2.3934932 2.4298281 2.3155139 2.5668857 2.6504691 
Hubei_permutotetra_like_virus_2_F1357C9F1441    0.2034852 0.2709337 0.2132204 0.1996609 0.0000010 0.0000000 0.1142429 0.1181034 0.2842381 0.3164664 0.3319020 0.6213504 0.9467261 1.0716589 0.9413349 0.9436863 0.6804003 0.8692934 0.6135669 0.8825774 1.6051427 2.7238840 2.7058627 3.2140928 2.7101363 2.6160326 2.6888651 2.8500143 2.7901729 2.7035212 2.6202495 2.6763859 2.6800345 2.7162984 2.6098748 2.3122275 2.3227963 2.3473616 2.2301414 2.4990395 2.6092546 
KX883455_Hubei_permutotetra-like_virus_2        0.1949984 0.2821724 0.2097570 0.1966922 0.1201310 0.1142429 0.0000000 0.0053255 0.3009115 0.3127019 0.3249749 0.6835095 0.9759679 1.1142705 0.9706387 0.9729645 0.6948002 0.9275392 0.6105439 0.9449010 1.6477494 2.8179343 2.8009297 3.1570977 2.7902996 2.7249950 2.7888135 2.9094229 2.8931527 2.7917285 2.6087758 2.6965965 2.6915966 2.7515552 2.6590848 2.4648674 2.4758509 2.4924578 2.4044699 2.6160546 2.7318501 
NC_033121_Hubei_permutotetra-like_virus_2       0.1972632 0.2816952 0.2078514 0.1989897 0.1239946 0.1181034 0.0053255 0.0000000 0.3031178 0.3179943 0.3323382 0.7023049 0.9938787 1.1154907 0.9883738 0.9907757 0.6981445 0.9480648 0.6081626 0.9687182 1.6663613 2.8516051 2.8339904 3.2932747 2.8231322 2.7139366 2.8216067 2.9724474 2.8793442 2.8246579 2.6068045 2.7191466 2.7151315 2.7769918 2.6909420 2.5154084 2.5268112 2.5440190 2.4268055 2.6665231 2.7066024 
MZ218732_Permutotetraviridae_sp_                0.3080083 0.4473329 0.3061099 0.3014384 0.2878434 0.2842381 0.3009115 0.3031178 0.0000000 0.3752641 0.3770716 0.7165265 1.0279428 1.1664268 1.0305601 1.0257324 0.7312705 1.0172145 0.6361016 1.0388491 1.7006420 2.8436089 2.8307043 3.2278262 2.8252924 2.7072737 2.8355131 2.9560526 2.9195417 2.8545441 2.6734999 2.7486346 2.7488431 2.8048271 2.7564717 2.4994314 2.5109365 2.5220804 2.3973250 2.7611891 2.7514540 
MT753154_Sanxia_permutotetra-like_virus_1       0.3375522 0.5165484 0.3574853 0.3393421 0.3133203 0.3164664 0.3127019 0.3179943 0.3752641 0.0000000 0.0644465 0.6264886 0.9567842 1.0634006 0.9654538 0.9557975 0.7031698 0.9379463 0.5111128 0.9525962 1.6521258 2.7117460 2.6924869 3.0430844 2.6949815 2.6219612 2.6974279 2.8978557 2.7663810 2.7016297 2.5900837 2.6626746 2.6512383 2.7398457 2.6386902 2.3885700 2.3998817 2.3893924 2.4329230 2.5308624 2.7796965 
NC_033188_Sanxia_permutotetra-like_virus_1      0.3516776 0.5400149 0.3732500 0.3544410 0.3321711 0.3319020 0.3249749 0.3323382 0.3770716 0.0644465 0.0000000 0.6065194 0.9593810 1.0652164 0.9680646 0.9583934 0.7065317 0.9346698 0.5259193 0.9518628 1.6456842 2.6602994 2.6432841 2.9578626 2.6468790 2.6068636 2.6516853 2.8188012 2.7046719 2.6488586 2.6060969 2.6710250 2.6570826 2.7536898 2.6270849 2.4369167 2.4484477 2.4464317 2.5178354 2.5719466 2.7463643 
MZ209963_Sanya_permutotetravirus_2              0.6729797 1.0064772 0.7051680 0.6714366 0.6438402 0.6213504 0.6835095 0.7023049 0.7165265 0.6264886 0.6065194 0.0000000 0.8979214 0.9876201 0.8945293 0.8974500 0.6938266 0.8912715 0.5640078 0.8750043 1.5899761 2.7018526 2.6998070 2.9562620 2.6854145 2.6705294 2.7083172 2.8635686 2.7979428 2.6552665 2.6461396 2.7183778 2.7026243 2.7965268 2.7646441 2.5127011 2.5200816 2.5633745 2.6244525 2.6705299 2.7683737 
KX883446_Hubei_permutotetra-like_virus_1        0.9917541 1.5339022 1.0237142 0.9997682 1.0018691 0.9467261 0.9759679 0.9938787 1.0279428 0.9567842 0.9593810 0.8979214 0.0000000 0.0000010 0.0073010 0.0031160 0.0810667 0.1501046 0.1399656 0.1782283 1.7351029 3.2256470 3.2456370 3.4378017 3.2394859 3.1598050 3.2023455 3.4435437 3.1849482 3.2038502 2.9543042 2.9879708 2.9637148 3.1133588 3.0711357 2.6037634 2.6120298 2.6015984 2.6512985 2.9220389 2.8878665 
KX883457_Hubei_permutotetra-like_virus_1        1.1405361 1.5339022 1.1632799 1.1515719 1.1420427 1.0716589 1.1142705 1.1154907 1.1664268 1.0634006 1.0652164 0.9876201 0.0000010 0.0000000 0.0091429 0.0038980 0.1036473 0.1734978 0.1399656 0.2020064 1.8433602 3.2548262 3.2788208 9.0000000 3.2682906 3.3033753 3.2264019 3.4712086 3.2999621 3.2196094 3.0075204 3.0227612 3.0140699 3.2001266 3.1060941 2.6235225 2.6308021 2.5937867 2.7312000 2.8000016 2.9797521 
NC_033105_Hubei_permutotetra-like_virus_1       0.9946123 1.5423863 1.0263501 1.0022682 0.9964406 0.9413349 0.9706387 0.9883738 1.0305601 0.9654538 0.9680646 0.8945293 0.0073010 0.0091429 0.0000000 0.0083509 0.0819548 0.1524938 0.1399656 0.1757313 1.7421582 3.2304151 3.2504302 3.4378017 3.2442748 3.1695741 3.2070672 3.4449926 3.1877526 3.2080014 2.9552507 2.9838878 2.9594377 3.1089593 3.0688834 2.6070358 2.6153207 2.6117439 2.6548751 2.9126662 2.8973115 
KX883448_Hubei_permutotetra-like_virus_1        0.9887516 1.5260690 1.0205307 0.9967498 0.9988087 0.9436863 0.9729645 0.9907757 1.0257324 0.9557975 0.9583934 0.8974500 0.0031160 0.0038980 0.0083509 0.0000000 0.0790409 0.1524732 0.1402914 0.1780375 1.7375937 3.2212446 3.2412220 3.4378017 3.2350716 3.1549849 3.1979733 3.4401913 3.1792557 3.1994874 2.9409026 2.9753402 2.9505682 3.0993053 3.0580813 2.6001839 2.6084466 2.5964713 2.6465004 2.9286824 2.8870439 
MZ218708_Permutotetraviridae_sp_                0.6755488 0.8784039 0.6871890 0.6785476 0.6818660 0.6804003 0.6948002 0.6981445 0.7312705 0.7031698 0.7065317 0.6938266 0.0810667 0.1036473 0.0819548 0.0790409 0.0000000 0.0664766 0.0650593 0.0896534 1.2837437 2.5114121 2.5151152 3.3949949 2.5033453 2.3622882 2.4787192 2.6430536 2.4727441 2.4487464 2.2459555 2.3055079 2.3398349 2.4064237 2.3138803 1.9289043 1.9369224 1.9224738 1.8288037 2.2117200 2.1564896 
MZ209964_Sanya_permutotetravirus_3              0.9418741 1.4100914 0.9678195 0.9448689 0.9313458 0.8692934 0.9275392 0.9480648 1.0172145 0.9379463 0.9346698 0.8912715 0.1501046 0.1734978 0.1524938 0.1524732 0.0664766 0.0000000 0.1041460 0.1137639 1.7708790 3.1933196 3.2011867 3.3227136 3.2402638 3.1615711 3.1854110 3.5194045 3.1748861 3.1704225 2.9305359 2.9601624 2.9427708 3.0941852 3.0058200 2.5027160 2.5107316 2.5038609 2.4911325 2.8983504 2.8080980 
MZ218721_Permutotetraviridae_sp_                0.6389805 1.1430248 0.6355303 0.6289463 0.6135669 0.6135669 0.6105439 0.6081626 0.6361016 0.5111128 0.5259193 0.5640078 0.1399656 0.1399656 0.1399656 0.1402914 0.0650593 0.1041460 0.0000000 0.1098469 1.0115891 1.8255793 1.8178344 9.0000000 1.8026570 1.8592820 1.7916878 1.5644862 1.8114480 1.7738804 1.5644835 1.6605890 1.6977361 1.6700200 1.6461167 1.4103948 1.4103948 1.4106087 1.4276368 1.2904132 1.7358599 
MZ218726_Permutotetraviridae_sp_                0.9657374 1.4553493 0.9906496 0.9638331 0.9384166 0.8825774 0.9449010 0.9687182 1.0388491 0.9525962 0.9518628 0.8750043 0.1782283 0.2020064 0.1757313 0.1780375 0.0896534 0.1137639 0.1098469 0.0000000 1.7428190 3.0807045 3.1007311 3.1093136 3.1108578 3.0144461 3.0573975 3.3301502 3.0537306 3.0630970 2.9027737 2.9131498 2.8858455 3.0395199 2.9472147 2.5344823 2.5423457 2.5349707 2.5755938 2.8915890 2.7558507 
NC_033470_Wuhan_house_centipede_virus_9         1.6127860 2.0549765 1.6371886 1.6153670 1.6537304 1.6051427 1.6477494 1.6663613 1.7006420 1.6521258 1.6456842 1.5899761 1.7351029 1.8433602 1.7421582 1.7375937 1.2837437 1.7708790 1.0115891 1.7428190 0.0000000 2.9987919 3.0034282 2.9303290 3.0057193 3.0180249 2.9780372 3.3434136 3.0665582 2.9643330 2.6730712 2.7679124 2.7248071 2.9013467 2.8006917 2.4935325 2.4984395 2.5299239 2.4852397 2.4334184 2.6544539 
Sarawak_virus_F1348C1F1006                      2.7596354 3.5415768 2.8054311 2.7721373 2.7390253 2.7238840 2.8179343 2.8516051 2.8436089 2.7117460 2.6602994 2.7018526 3.2256470 3.2548262 3.2304151 3.2212446 2.5114121 3.1933196 1.8255793 3.0807045 2.9987919 0.0000000 0.0087613 0.0054231 0.0279439 0.0384382 0.0267457 0.0332190 0.0295948 0.0429683 0.2565358 0.2587638 0.2421933 0.2634437 0.2694060 1.9974499 2.0009892 1.9889903 2.0011656 2.0211136 2.9345261 
Sarawak_virus_F1348C1F1508                      2.7639356 3.5589614 2.8206421 2.7764448 2.7379233 2.7058627 2.8009297 2.8339904 2.8307043 2.6924869 2.6432841 2.6998070 3.2456370 3.2788208 3.2504302 3.2412220 2.5151152 3.2011867 1.8178344 3.1007311 3.0034282 0.0087613 0.0000000 0.0054484 0.0269773 0.0422719 0.0280513 0.0331627 0.0280627 0.0443782 0.2613336 0.2642926 0.2452599 0.2693423 0.2736907 2.0126574 2.0162131 2.0040876 2.0229750 2.0185636 2.9421272 
OP858841_Sarawak_virus                          3.0542782 9.0000000 3.1459854 3.0542782 3.2140928 3.2140928 3.1570977 3.2932747 3.2278262 3.0430844 2.9578626 2.9562620 3.4378017 9.0000000 3.4378017 3.4378017 3.3949949 3.3227136 9.0000000 3.1093136 2.9303290 0.0054231 0.0054484 0.0000000 0.0219089 0.0109511 0.0108956 0.0192367 0.0172391 0.0277794 0.2509588 0.2236265 0.2190721 0.2216758 0.2263482 1.7026803 1.7158666 1.7157399 0.6852452 2.0226738 2.2983564 
NC_040540_Sarawak_virus                         2.7292387 3.5070916 2.7833507 2.7416029 2.7304281 2.7101363 2.7902996 2.8231322 2.8252924 2.6949815 2.6468790 2.6854145 3.2394859 3.2682906 3.2442748 3.2350716 2.5033453 3.2402638 1.8026570 3.1108578 3.0057193 0.0279439 0.0269773 0.0219089 0.0000000 0.0419327 0.0359303 0.0374123 0.0384936 0.0430762 0.2538082 0.2541210 0.2355887 0.2585415 0.2712021 2.0067432 2.0102921 2.0100768 2.0319244 2.0250904 2.9220029 
NC_040795_Shinobi_tetravirus                    2.6630460 3.4952837 2.6854795 2.6765456 2.6400547 2.6160326 2.7249950 2.7139366 2.7072737 2.6219612 2.6068636 2.6705294 3.1598050 3.3033753 3.1695741 3.1549849 2.3622882 3.1615711 1.8592820 3.0144461 3.0180249 0.0384382 0.0422719 0.0109511 0.0419327 0.0000000 0.0484843 0.0571548 0.0523028 0.0513330 0.2682673 0.2772505 0.2593874 0.2798511 0.2810872 2.0355039 2.0390786 2.0364097 2.0236010 2.0602135 2.9392277 
Sarawak_virus_F1348C1F1348                      2.7438911 3.5593223 2.7988398 2.7563139 2.7275934 2.6888651 2.7888135 2.8216067 2.8355131 2.6974279 2.6516853 2.7083172 3.2023455 3.2264019 3.2070672 3.1979733 2.4787192 3.1854110 1.7916878 3.0573975 2.9780372 0.0267457 0.0280513 0.0108956 0.0359303 0.0484843 0.0000000 0.0000010 0.0057728 0.0475157 0.2530056 0.2548933 0.2402902 0.2607591 0.2717215 2.0002261 2.0037672 2.0050538 2.0355568 2.0146210 2.9359830 
Sarawak_virus_F1348C1F1346                      2.9037886 3.7965281 2.9384486 2.9074800 2.9067944 2.8500143 2.9094229 2.9724474 2.9560526 2.8978557 2.8188012 2.8635686 3.4435437 3.4712086 3.4449926 3.4401913 2.6430536 3.5194045 1.5644862 3.3301502 3.3434136 0.0332190 0.0331627 0.0192367 0.0374123 0.0571548 0.0000010 0.0000000 0.0046957 0.0447311 0.2913324 0.2846208 0.2729623 0.2963804 0.3125680 2.1457578 2.1516342 2.2236897 2.2138095 2.1927116 3.0901232 
Sarawak_virus_F1348C1F1183                      2.8519370 3.9812341 2.8840130 2.8644641 2.8115123 2.7901729 2.8931527 2.8793442 2.9195417 2.7663810 2.7046719 2.7979428 3.1849482 3.2999621 3.1877526 3.1792557 2.4727441 3.1748861 1.8114480 3.0537306 3.0665582 0.0295948 0.0280627 0.0172391 0.0384936 0.0523028 0.0057728 0.0046957 0.0000000 0.0573934 0.2492081 0.2456130 0.2471305 0.2573444 0.2686316 2.0612427 2.0659579 2.0654913 2.0686600 2.0193109 3.0519233 
LC536111_Permutotetraviridae_sp_                2.7445874 3.5314873 2.7996755 2.7570345 2.7312589 2.7035212 2.7917285 2.8246579 2.8545441 2.7016297 2.6488586 2.6552665 3.2038502 3.2196094 3.2080014 3.1994874 2.4487464 3.1704225 1.7738804 3.0630970 2.9643330 0.0429683 0.0443782 0.0277794 0.0430762 0.0513330 0.0475157 0.0447311 0.0573934 0.0000000 0.2521028 0.2537771 0.2380303 0.2585581 0.2671878 1.9957654 1.9993012 1.9886083 2.0451353 1.9958293 2.9047572 
Culex_permutotetra_like_virus_F1052C13C663F1276 2.5729523 3.3051167 2.6452709 2.5913107 2.6269612 2.6202495 2.6087758 2.6068045 2.6734999 2.5900837 2.6060969 2.6461396 2.9543042 3.0075204 2.9552507 2.9409026 2.2459555 2.9305359 1.5644835 2.9027737 2.6730712 0.2565358 0.2613336 0.2509588 0.2538082 0.2682673 0.2530056 0.2913324 0.2492081 0.2521028 0.0000000 0.0000010 0.0000010 0.0037139 0.1284434 1.8930099 1.8973526 1.9261298 1.8821347 1.9121407 2.6697380 
Culex_permutotetra_like_virus_F1052C13C663F1052 2.6492453 3.4201552 2.7050867 2.6669015 2.7088315 2.6763859 2.6965965 2.7191466 2.7486346 2.6626746 2.6710250 2.7183778 2.9879708 3.0227612 2.9838878 2.9753402 2.3055079 2.9601624 1.6605890 2.9131498 2.7679124 0.2587638 0.2642926 0.2236265 0.2541210 0.2772505 0.2548933 0.2846208 0.2456130 0.2537771 0.0000010 0.0000000 0.0000010 0.0034656 0.1380192 1.9137808 1.9178372 1.9415194 1.9112938 1.9161311 2.7358599 
Culex_permutotetra_like_virus_F1052C13C663F1322 2.6414816 3.3535582 2.6896136 2.6504585 2.6856131 2.6800345 2.6915966 2.7151315 2.7488431 2.6512383 2.6570826 2.7026243 2.9637148 3.0140699 2.9594377 2.9505682 2.3398349 2.9427708 1.6977361 2.8858455 2.7248071 0.2421933 0.2452599 0.2190721 0.2355887 0.2593874 0.2402902 0.2729623 0.2471305 0.2380303 0.0000010 0.0000010 0.0000000 0.0036145 0.1198079 1.9096318 1.9139027 1.9418033 1.9281819 1.9102445 2.6986555 
Culex_permutotetra_like_virus_F1052C13C663F1332 2.7190985 3.7255995 2.7763720 2.7383665 2.7514813 2.7162984 2.7515552 2.7769918 2.8048271 2.7398457 2.7536898 2.7965268 3.1133588 3.2001266 3.1089593 3.0993053 2.4064237 3.0941852 1.6700200 3.0395199 2.9013467 0.2634437 0.2693423 0.2216758 0.2585415 0.2798511 0.2607591 0.2963804 0.2573444 0.2585581 0.0037139 0.0034656 0.0036145 0.0000000 0.1355353 1.9315252 1.9356167 1.9590048 1.9381647 1.9659447 2.7739496 
LC505019_Culex_permutotetra-like_virus          2.6606930 3.4418794 2.7056104 2.6664143 2.6416565 2.6098748 2.6590848 2.6909420 2.7564717 2.6386902 2.6270849 2.7646441 3.0711357 3.1060941 3.0688834 3.0580813 2.3138803 3.0058200 1.6461167 2.9472147 2.8006917 0.2694060 0.2736907 0.2263482 0.2712021 0.2810872 0.2717215 0.3125680 0.2686316 0.2671878 0.1284434 0.1380192 0.1198079 0.1355353 0.0000000 1.8680893 1.8713823 1.8851227 1.8858922 1.9816968 2.8787437 
MH384302_Newfield_virus                         2.4733042 3.3167786 2.5007672 2.4711239 2.3828875 2.3122275 2.4648674 2.5154084 2.4994314 2.3885700 2.4369167 2.5127011 2.6037634 2.6235225 2.6070358 2.6001839 1.9289043 2.5027160 1.4103948 2.5344823 2.4935325 1.9974499 2.0126574 1.7026803 2.0067432 2.0355039 2.0002261 2.1457578 2.0612427 1.9957654 1.8930099 1.9137808 1.9096318 1.9315252 1.8680893 0.0000000 0.0042330 0.0626767 0.1723772 1.2262731 2.8562780 
MH384307_Newfield_virus                         2.4851093 3.3408436 2.5131441 2.4829152 2.3934932 2.3227963 2.4758509 2.5268112 2.5109365 2.3998817 2.4484477 2.5200816 2.6120298 2.6308021 2.6153207 2.6084466 1.9369224 2.5107316 1.4103948 2.5423457 2.4984395 2.0009892 2.0162131 1.7158666 2.0102921 2.0390786 2.0037672 2.1516342 2.0659579 1.9993012 1.8973526 1.9178372 1.9139027 1.9356167 1.8713823 0.0042330 0.0000000 0.0661927 0.1746402 1.2312289 2.8710832 
KP714070_Newfield_virus                         2.5290921 3.3823785 2.5592248 2.5268490 2.4298281 2.3473616 2.4924578 2.5440190 2.5220804 2.3893924 2.4464317 2.5633745 2.6015984 2.5937867 2.6117439 2.5964713 1.9224738 2.5038609 1.4106087 2.5349707 2.5299239 1.9889903 2.0040876 1.7157399 2.0100768 2.0364097 2.0050538 2.2236897 2.0654913 1.9886083 1.9261298 1.9415194 1.9418033 1.9590048 1.8851227 0.0626767 0.0661927 0.0000000 0.1777288 1.2468279 2.8468652 
MZ218743_Permutotetraviridae_sp_                2.4966426 3.3309508 2.5150303 2.4948910 2.3155139 2.2301414 2.4044699 2.4268055 2.3973250 2.4329230 2.5178354 2.6244525 2.6512985 2.7312000 2.6548751 2.6465004 1.8288037 2.4911325 1.4276368 2.5755938 2.4852397 2.0011656 2.0229750 0.6852452 2.0319244 2.0236010 2.0355568 2.2138095 2.0686600 2.0451353 1.8821347 1.9112938 1.9281819 1.9381647 1.8858922 0.1723772 0.1746402 0.1777288 0.0000000 1.2417934 2.8928989 
NC_033179_Hubei_permutotetra-like_virus_3       2.6176368 3.3114171 2.6479198 2.6170910 2.5668857 2.4990395 2.6160546 2.6665231 2.7611891 2.5308624 2.5719466 2.6705299 2.9220389 2.8000016 2.9126662 2.9286824 2.2117200 2.8983504 1.2904132 2.8915890 2.4334184 2.0211136 2.0185636 2.0226738 2.0250904 2.0602135 2.0146210 2.1927116 2.0193109 1.9958293 1.9121407 1.9161311 1.9102445 1.9659447 1.9816968 1.2262731 1.2312289 1.2468279 1.2417934 0.0000000 2.5949375 
NC_030845_Egaro_virus                           2.8518813 3.4146073 2.8584095 2.8667847 2.6504691 2.6092546 2.7318501 2.7066024 2.7514540 2.7796965 2.7463643 2.7683737 2.8878665 2.9797521 2.8973115 2.8870439 2.1564896 2.8080980 1.7358599 2.7558507 2.6544539 2.9345261 2.9421272 2.2983564 2.9220029 2.9392277 2.9359830 3.0901232 3.0519233 2.9047572 2.6697380 2.7358599 2.6986555 2.7739496 2.8787437 2.8562780 2.8710832 2.8468652 2.8928989 2.5949375 0.0000000 
