32
MF176261_Hubei_chryso-like_virus_1      0.0000000 0.0008981 0.0008984 0.0000010 0.0118007 0.0090802 0.0127260 0.0077513 0.0155194 0.0118446 0.0118446 0.0119833 0.0408948 0.1209134 0.1175336 0.1140481 0.1236996 0.1356372 0.2070679 0.2083201 0.2196048 0.1957340 0.5042974 0.5827896 0.6681297 0.6895071 0.6783385 0.6631190 0.6729564 0.8641898 1.4079095 2.8794281 
MF176280_Hubei_chryso-like_virus_1      0.0008981 0.0000000 0.0017980 0.0000010 0.0127180 0.0099962 0.0136443 0.0088660 0.0164435 0.0127645 0.0127645 0.0129140 0.0399472 0.1198438 0.1162824 0.1128075 0.1226236 0.1345486 0.2070679 0.2095207 0.2208236 0.1971056 0.5060887 0.5827896 0.6682121 0.6895831 0.6773857 0.6621774 0.6730358 0.8618151 1.4074827 2.8785006 
MF176388_Hubei_chryso-like_virus_1      0.0008984 0.0017980 0.0000000 0.0000010 0.0127220 0.0099992 0.0136486 0.0077513 0.0164487 0.0127685 0.0127685 0.0129181 0.0409054 0.1220596 0.1175336 0.1140481 0.1248544 0.1356376 0.2070679 0.2096330 0.2209445 0.1957340 0.5020813 0.5800333 0.6663177 0.6895071 0.6756191 0.6657652 0.6711322 0.8612210 1.4047579 2.8794281 
MH085092_Hubei_chryso-like_virus_1      0.0000010 0.0000010 0.0000010 0.0000000 0.0102328 0.0123509 0.0164607 0.0102354 0.0123085 0.0144559 0.0144559 0.0144559 0.0270246 0.1209969 0.1281833 0.1281833 0.1303386 0.1304172 0.1856400 0.1928334 0.2146756 0.1940934 0.4689950 0.3994212 0.5887236 0.6195710 0.6560451 0.6442939 0.6369698 0.7679961 1.1458053 2.3994689 
MW452288_Chrysoviridae_sp_              0.0118007 0.0127180 0.0127220 0.0102328 0.0000000 0.0081413 0.0117712 0.0077272 0.0127259 0.0108906 0.0108906 0.0110178 0.0408266 0.1201057 0.1176581 0.1141693 0.1238531 0.1360272 0.2020049 0.2046269 0.2158585 0.1914411 0.5058849 0.5713498 0.6660594 0.6832086 0.6770161 0.6574233 0.6643652 0.8631037 1.4050453 2.8786573 
MW434089_Hubei_chryso-like_virus_1      0.0090802 0.0099962 0.0099992 0.0123509 0.0081413 0.0000000 0.0072376 0.0044160 0.0099951 0.0045234 0.0045234 0.0045760 0.0390239 0.1173931 0.1138624 0.1104056 0.1195556 0.1332963 0.2042254 0.2061126 0.2173770 0.1943659 0.5010897 0.5794433 0.6721288 0.6917947 0.6764249 0.6575913 0.6705822 0.8628917 1.4007214 2.8617259 
OL700058_Hubei_chryso-like_virus_1      0.0127260 0.0136443 0.0136486 0.0164607 0.0117712 0.0072376 0.0000000 0.0055130 0.0118101 0.0081595 0.0081595 0.0082547 0.0417738 0.1211933 0.1202471 0.1167342 0.1261504 0.1393306 0.2050781 0.2079282 0.2191957 0.1951004 0.5032545 0.5852378 0.6707287 0.6903814 0.6764394 0.6604412 0.6741851 0.8658108 1.4133239 2.8637414 
KX882962_Hubei_chryso-like_virus_1      0.0077513 0.0088660 0.0077513 0.0102354 0.0077272 0.0044160 0.0055130 0.0000000 0.0088608 0.0066393 0.0066393 0.0066393 0.0223914 0.1030027 0.1009740 0.1021526 0.1039203 0.1115796 0.1550197 0.1727128 0.1855365 0.1733414 0.4566598 0.3809019 0.5736940 0.5902850 0.5839658 0.5566736 0.5557396 0.7243894 1.1788803 2.3678393 
OK413943_Hubei_chryso-like_virus_1      0.0155194 0.0164435 0.0164487 0.0123085 0.0127259 0.0099951 0.0118101 0.0088608 0.0000000 0.0072559 0.0072559 0.0073406 0.0418674 0.1179497 0.1178040 0.1129921 0.1228985 0.1383743 0.1991661 0.2035881 0.2148120 0.1901191 0.5051070 0.5723629 0.6614449 0.6802336 0.6684362 0.6619335 0.6758809 0.8721200 1.4085099 2.8676111 
Hubei_chryso_like_virus_1_F1427C12F1427 0.0118446 0.0127645 0.0127685 0.0144559 0.0108906 0.0045234 0.0081595 0.0066393 0.0072559 0.0000000 0.0000010 0.0000010 0.0399791 0.1196423 0.1190141 0.1155118 0.1239887 0.1378065 0.2054850 0.2082407 0.2195227 0.1968136 0.5056561 0.5813586 0.6684729 0.6884331 0.6704523 0.6605474 0.6732657 0.8681975 1.4023209 2.8553296 
Hubei_chryso_like_virus_1_F1427C12F1431 0.0118446 0.0127645 0.0127685 0.0144559 0.0108906 0.0045234 0.0081595 0.0066393 0.0072559 0.0000010 0.0000000 0.0000010 0.0399791 0.1196423 0.1190141 0.1155118 0.1239887 0.1378065 0.2054850 0.2082407 0.2195227 0.1968136 0.5056561 0.5813586 0.6684729 0.6884331 0.6704523 0.6605474 0.6732657 0.8681975 1.4023209 2.8553296 
Hubei_chryso_like_virus_1_F1427C12F1425 0.0119833 0.0129140 0.0129181 0.0144559 0.0110178 0.0045760 0.0082547 0.0066393 0.0073406 0.0000010 0.0000010 0.0000000 0.0394949 0.1201197 0.1186252 0.1155118 0.1245230 0.1362403 0.2004639 0.2055039 0.2168510 0.1924020 0.5006060 0.5710063 0.6670947 0.6815995 0.6642644 0.6534298 0.6674526 0.8502919 1.3888840 2.8016304 
LC514396_Hubei_chryso-like_virus_1      0.0408948 0.0399472 0.0409054 0.0270246 0.0408266 0.0390239 0.0417738 0.0223914 0.0418674 0.0399791 0.0399791 0.0394949 0.0000000 0.1231756 0.1189167 0.1167450 0.1252913 0.1420418 0.1971877 0.2004238 0.2115627 0.1887859 0.5165288 0.5724095 0.6662030 0.6967478 0.6863765 0.6629537 0.6635484 0.8575138 1.4101558 2.8683139 
MW520399_Soufli_chryso-like_virus       0.1209134 0.1198438 0.1220596 0.1209969 0.1201057 0.1173931 0.1211933 0.1030027 0.1179497 0.1196423 0.1196423 0.1201197 0.1231756 0.0000000 0.0272089 0.0259144 0.0352867 0.0913512 0.1867838 0.1904911 0.2014033 0.1750637 0.5066480 0.5681160 0.6747305 0.6829374 0.6618123 0.6549642 0.6710907 0.8538454 1.4188332 2.8498985 
OP264884_Eskilstorp_virus               0.1175336 0.1162824 0.1175336 0.1281833 0.1176581 0.1138624 0.1202471 0.1009740 0.1178040 0.1190141 0.1190141 0.1186252 0.1189167 0.0272089 0.0000000 0.0000010 0.0117994 0.0792880 0.1557045 0.1696661 0.1820265 0.1640199 0.4835940 0.4809505 0.6327444 0.6184158 0.6205966 0.6118144 0.6236349 0.7446680 1.2271112 2.4704192 
MK440655_Eskilstorp_virus               0.1140481 0.1128075 0.1140481 0.1281833 0.1141693 0.1104056 0.1167342 0.1021526 0.1129921 0.1155118 0.1155118 0.1155118 0.1167450 0.0259144 0.0000010 0.0000000 0.0095420 0.0763807 0.1514369 0.1645566 0.1767761 0.1632111 0.4816143 0.4549061 0.6254396 0.6228117 0.6032846 0.5916307 0.6104237 0.7460138 1.2381683 2.4745624 
MW520400_Xanthi_chryso-like_virus       0.1236996 0.1226236 0.1248544 0.1303386 0.1238531 0.1195556 0.1261504 0.1039203 0.1228985 0.1239887 0.1239887 0.1245230 0.1252913 0.0352867 0.0117994 0.0095420 0.0000000 0.0875841 0.1937847 0.1950898 0.2061449 0.1746300 0.5096798 0.5674817 0.6740387 0.6857058 0.6564682 0.6534880 0.6785350 0.8533796 1.3993455 2.8072591 
MT498826_Broome_chryso-like_virus_1     0.1356372 0.1345486 0.1356376 0.1304172 0.1360272 0.1332963 0.1393306 0.1115796 0.1383743 0.1378065 0.1378065 0.1362403 0.1420418 0.0913512 0.0792880 0.0763807 0.0875841 0.0000000 0.1991229 0.2002505 0.2112354 0.1788189 0.5208975 0.5615941 0.6668035 0.6738679 0.6614234 0.6658995 0.6678126 0.8447123 1.4467282 2.8519666 
KX882959_Alphachrysovirus_shuangaoense  0.2070679 0.2070679 0.2070679 0.1856400 0.2020049 0.2042254 0.2050781 0.1550197 0.1991661 0.2054850 0.2054850 0.2004639 0.1971877 0.1867838 0.1557045 0.1514369 0.1937847 0.1991229 0.0000000 0.0023488 0.0143070 0.0000010 0.4716213 0.6121518 0.6725766 0.6587197 0.6419851 0.6662054 0.6661966 0.7937686 1.2605497 2.5039789 
NC_055224_Alphachrysovirus_shuangaoense 0.2083201 0.2095207 0.2096330 0.1928334 0.2046269 0.2061126 0.2079282 0.1727128 0.2035881 0.2082407 0.2082407 0.2055039 0.2004238 0.1904911 0.1696661 0.1645566 0.1950898 0.2002505 0.0023488 0.0000000 0.0090203 0.0010361 0.4703284 0.6077259 0.6969513 0.6864898 0.6565395 0.6734970 0.6654511 0.8471028 1.4392358 2.7931326 
MH745159_Alphachrysovirus_shuangaoense  0.2196048 0.2208236 0.2209445 0.2146756 0.2158585 0.2173770 0.2191957 0.1855365 0.2148120 0.2195227 0.2195227 0.2168510 0.2115627 0.2014033 0.1820265 0.1767761 0.2061449 0.2112354 0.0143070 0.0090203 0.0000000 0.0115481 0.4718197 0.6441235 0.7189546 0.7095142 0.6782937 0.6930372 0.6843838 0.8689310 1.4795217 2.8744064 
KX882964_Alphachrysovirus_shuangaoense  0.1957340 0.1971056 0.1957340 0.1940934 0.1914411 0.1943659 0.1951004 0.1733414 0.1901191 0.1968136 0.1968136 0.1924020 0.1887859 0.1750637 0.1640199 0.1632111 0.1746300 0.1788189 0.0000010 0.0010361 0.0115481 0.0000000 0.4595622 0.5036961 0.6542268 0.6419408 0.6155533 0.6076634 0.6097839 0.7621655 1.2672306 2.4436214 
MW520414_Evros_chryso-like_virus        0.5042974 0.5060887 0.5020813 0.4689950 0.5058849 0.5010897 0.5032545 0.4566598 0.5051070 0.5056561 0.5056561 0.5006060 0.5165288 0.5066480 0.4835940 0.4816143 0.5096798 0.5208975 0.4716213 0.4703284 0.4718197 0.4595622 0.0000000 0.8129331 0.8308201 0.8680445 0.8162774 0.8436680 0.8101189 1.0573897 1.7069093 3.3979253 
OP019910_Lestijarvi_alphachrysovirus    0.5827896 0.5827896 0.5800333 0.3994212 0.5713498 0.5794433 0.5852378 0.3809019 0.5723629 0.5813586 0.5813586 0.5710063 0.5724095 0.5681160 0.4809505 0.4549061 0.5674817 0.5615941 0.6121518 0.6077259 0.6441235 0.5036961 0.8129331 0.0000000 0.0030382 0.0891660 0.2251905 0.3681786 0.3825220 0.6157379 1.0362496 2.1726042 
OP019845_Lestijarvi_alphachrysovirus    0.6681297 0.6682121 0.6663177 0.5887236 0.6660594 0.6721288 0.6707287 0.5736940 0.6614449 0.6684729 0.6684729 0.6670947 0.6662030 0.6747305 0.6327444 0.6254396 0.6740387 0.6668035 0.6725766 0.6969513 0.7189546 0.6542268 0.8308201 0.0030382 0.0000000 0.1167536 0.2623195 0.4127889 0.4268296 0.7403194 1.3446287 2.8331644 
OP019911_Lestijarvi_alphachrysovirus    0.6895071 0.6895831 0.6895071 0.6195710 0.6832086 0.6917947 0.6903814 0.5902850 0.6802336 0.6884331 0.6884331 0.6815995 0.6967478 0.6829374 0.6184158 0.6228117 0.6857058 0.6738679 0.6587197 0.6864898 0.7095142 0.6419408 0.8680445 0.0891660 0.1167536 0.0000000 0.2561711 0.3815936 0.4061262 0.7257297 1.2982837 2.6062872 
OP019837_Enontekio_alphachrysovirus     0.6783385 0.6773857 0.6756191 0.6560451 0.6770161 0.6764249 0.6764394 0.5839658 0.6684362 0.6704523 0.6704523 0.6642644 0.6863765 0.6618123 0.6205966 0.6032846 0.6564682 0.6614234 0.6419851 0.6565395 0.6782937 0.6155533 0.8162774 0.2251905 0.2623195 0.2561711 0.0000000 0.3619956 0.4028473 0.6953493 1.3625891 2.9933332 
OP019841_Hanko_alphachrysovirus         0.6631190 0.6621774 0.6657652 0.6442939 0.6574233 0.6575913 0.6604412 0.5566736 0.6619335 0.6605474 0.6605474 0.6534298 0.6629537 0.6549642 0.6118144 0.5916307 0.6534880 0.6658995 0.6662054 0.6734970 0.6930372 0.6076634 0.8436680 0.3681786 0.4127889 0.3815936 0.3619956 0.0000000 0.3259750 0.6942880 1.2919064 2.8018279 
MW434094_Keturi_virus                   0.6729564 0.6730358 0.6711322 0.6369698 0.6643652 0.6705822 0.6741851 0.5557396 0.6758809 0.6732657 0.6732657 0.6674526 0.6635484 0.6710907 0.6236349 0.6104237 0.6785350 0.6678126 0.6661966 0.6654511 0.6843838 0.6097839 0.8101189 0.3825220 0.4268296 0.4061262 0.4028473 0.3259750 0.0000000 0.7293601 1.4028439 2.7970873 
MN661047_Alphachrysovirus_saladoense    0.8641898 0.8618151 0.8612210 0.7679961 0.8631037 0.8628917 0.8658108 0.7243894 0.8721200 0.8681975 0.8681975 0.8502919 0.8575138 0.8538454 0.7446680 0.7460138 0.8533796 0.8447123 0.7937686 0.8471028 0.8689310 0.7621655 1.0573897 0.6157379 0.7403194 0.7257297 0.6953493 0.6942880 0.7293601 0.0000000 1.5164462 2.8394712 
KX882973_Hubei_chryso-like_virus_2      1.4079095 1.4074827 1.4047579 1.1458053 1.4050453 1.4007214 1.4133239 1.1788803 1.4085099 1.4023209 1.4023209 1.3888840 1.4101558 1.4188332 1.2271112 1.2381683 1.3993455 1.4467282 1.2605497 1.4392358 1.4795217 1.2672306 1.7069093 1.0362496 1.3446287 1.2982837 1.3625891 1.2919064 1.4028439 1.5164462 0.0000000 3.0485304 
LC516853_Barley_aphid_RNA_virus_8       2.8794281 2.8785006 2.8794281 2.3994689 2.8786573 2.8617259 2.8637414 2.3678393 2.8676111 2.8553296 2.8553296 2.8016304 2.8683139 2.8498985 2.4704192 2.4745624 2.8072591 2.8519666 2.5039789 2.7931326 2.8744064 2.4436214 3.3979253 2.1726042 2.8331644 2.6062872 2.9933332 2.8018279 2.7970873 2.8394712 3.0485304 0.0000000 
