159
MW588192_Mute_swan_feces_associated_toti-like_virus_1 0.0000000 0.0384156 0.0991979 1.1508377 1.4105148 1.4105148 1.4134169 2.0941221 2.4938159 2.5832880 2.2599974 2.1424866 2.3986818 2.4025297 2.4510055 2.4467832 2.4664619 1.9946764 2.4508924 2.4500660 2.4464010 2.1036534 2.4517130 2.4448688 2.7146419 2.5614451 2.5698119 2.5671744 2.5095222 2.5134819 2.3312957 2.7798870 2.7910720 2.5955342 3.0714360 2.6731782 3.1545856 1.9936016 2.6054832 2.7231574 2.6872839 2.4594028 2.7003370 2.4808272 2.6476000 2.7195778 2.5563955 2.5660937 2.2569786 2.5286223 2.5394012 2.5405034 2.1601282 2.4994392 2.6111995 2.8215742 2.8681979 2.8237608 2.6969616 2.7419643 2.7326889 2.7457444 2.0439724 3.2556625 2.7887493 2.8151793 2.8018885 2.8274591 2.8238827 2.7803351 2.7865691 2.7784643 2.8926764 2.8941025 2.8866915 2.8996555 2.8800932 2.3267495 2.7354481 2.9178350 2.8971907 2.9303766 2.9421001 2.8997726 2.7633145 2.0493925 2.5761951 2.1636193 2.7742144 2.2023369 1.8499392 2.9385147 2.9219267 2.9122198 2.9230243 1.7165032 2.7603420 2.1740491 2.6788717 2.6788717 2.6819107 2.6788717 2.2758176 2.6823199 2.1431159 2.6902330 2.6925743 2.6620032 1.7721006 2.9600557 2.5657978 2.6832976 2.5639625 2.5648679 2.5657924 2.8578772 2.0570932 2.9435422 2.1281750 2.7104667 2.1284634 2.7254655 2.7334314 2.7475952 2.6457096 2.7846626 2.7868398 2.7844230 2.6981854 2.7161354 2.6968036 2.7154275 2.7080436 2.7093475 2.6965076 2.7008005 2.7029476 2.7255438 2.2278773 1.6905623 2.0974442 2.0219462 2.4125557 2.5187374 2.5204751 2.5066500 2.0749801 2.7317296 2.7133853 1.8076391 1.7484226 2.1777067 2.6006984 1.6216221 1.6798440 2.5827028 2.8688284 2.8714449 1.9265001 
MW588193_Mute_swan_feces_associated_toti-like_virus_1 0.0384156 0.0000000 0.1024662 1.1499777 1.3926022 1.3926022 1.3996584 2.0110338 2.5168942 2.6117601 2.2445843 2.1359935 2.4667533 2.4682259 2.4798339 2.4755862 2.4955302 2.0314363 2.4797463 2.4789127 2.4752026 2.1346128 2.4805632 2.4736482 2.7728286 2.5725709 2.5711941 2.5711562 2.5235771 2.5275592 2.3330761 2.8005245 2.8117891 2.6013053 3.0857671 2.6200248 3.1827879 2.0129522 2.5802449 2.6952506 2.6631598 2.4354776 2.6941621 2.4792830 2.6845196 2.7530971 2.5571598 2.5693418 2.2730239 2.5419917 2.5528129 2.5562481 2.1930206 2.5101233 2.5885321 2.8239468 2.8706623 2.8240659 2.7001139 2.7247932 2.7155716 2.7285487 2.0749382 3.3379209 2.8395964 2.8436169 2.8301725 2.8560952 2.8524606 2.8052615 2.8022818 2.7909698 2.8798435 2.8812604 2.8738829 2.8857316 2.8517776 2.3552653 2.7715262 2.9113621 2.8907104 2.9239051 2.9245026 2.8771288 2.7703596 2.0537230 2.5689057 2.1665609 2.7916442 2.2396060 1.8718581 2.9564613 2.9490580 2.9401092 2.9510861 1.7137063 2.7338713 2.1820620 2.6341141 2.6341141 2.6370970 2.6341141 2.2285988 2.6374950 2.0906394 2.6439311 2.6468339 2.6160065 1.7205468 2.9235263 2.5223213 2.6376770 2.5204933 2.5214040 2.5212398 2.7955145 1.9809040 2.9072352 2.0936361 2.6785169 2.0616738 2.7254018 2.7353810 2.7469009 2.5930206 2.7550273 2.7571880 2.7547842 2.6654987 2.6832766 2.6641603 2.6825819 2.6753022 2.6765575 2.6641131 2.6680769 2.6698770 2.6887591 2.1895629 1.6710995 2.0607490 2.0061011 2.3867607 2.5097462 2.5114950 2.4976854 2.0431810 2.6554136 2.6375080 1.7440603 1.7527164 2.1849567 2.5922425 1.6171216 1.6022406 2.5262122 2.8586715 2.8631381 1.9294520 
MW588191_Mute_swan_feces_associated_toti-like_virus_1 0.0991979 0.1024662 0.0000000 1.1529738 1.4525092 1.4525092 1.4341858 2.1139996 2.5849917 2.6572509 2.3675777 2.1661795 2.4725575 2.4908399 2.5585481 2.5542563 2.5748189 2.0815337 2.5585340 2.5576855 2.5538710 2.2395970 2.5593369 2.5522656 2.7482001 2.6583226 2.6568529 2.6331605 2.5990128 2.6030903 2.4295776 2.8566320 2.8601586 2.6571414 3.1140946 2.6854108 3.2746312 2.0291363 2.6480085 2.7718367 2.7481474 2.5235379 2.7706039 2.5661082 2.7660947 2.8862043 2.6127382 2.6196931 2.2933906 2.5650903 2.5760044 2.5811070 2.2093753 2.5447929 2.5615293 2.8089400 2.8549739 2.8090615 2.7313349 2.7041533 2.6950590 2.7060250 2.0766932 3.4033714 2.8763781 2.8804063 2.8668403 2.8655580 2.8619248 2.8632851 2.8009469 2.8112170 2.8650632 2.8459539 2.8387139 2.8636130 2.8405482 2.3589894 2.7337531 2.9902265 2.9822967 3.0048095 3.0075898 2.9357005 2.8401966 2.0730773 2.5868515 2.1441593 2.8424099 2.2343446 1.8446143 2.9879198 2.9869623 2.9714415 2.9825227 1.7396589 2.7967343 2.2284461 2.7115978 2.7115978 2.7146810 2.7115978 2.3223848 2.7141287 2.1651488 2.7179914 2.7209542 2.6943418 1.8221917 2.9943233 2.6251449 2.7115905 2.6289984 2.6286588 2.6012250 2.8702664 2.0797025 2.9857070 2.1481082 2.7913057 2.1084985 2.8112301 2.7972473 2.8280470 2.6942732 2.7924831 2.7946663 2.7922442 2.6233956 2.6410936 2.6221201 2.6401743 2.6330702 2.6390996 2.6222373 2.6307421 2.6321418 2.6470494 2.3017948 1.7449234 2.1649828 2.0958513 2.4972982 2.6129879 2.6119082 2.5941461 2.1528973 2.7874395 2.7667974 1.8275566 1.8012778 2.2199299 2.6100668 1.6608522 1.6858851 2.6225324 2.9675984 2.9754677 2.0254567 
MW588194_Mute_swan_feces_associated_toti-like_virus_2 1.1508377 1.1499777 1.1529738 0.0000000 1.5578478 1.5578478 1.5941471 2.0222981 2.3682612 2.4461349 2.3130188 2.5255954 2.3414612 2.3761011 2.5145286 2.5168711 2.5322923 2.0472415 2.5170738 2.5330662 2.5210919 2.2735898 2.5077858 2.5110038 2.7825483 2.5977256 2.5891807 2.5716936 2.7765069 2.7841404 2.4239801 2.8080936 2.8167404 2.4862957 2.9344831 2.7471043 2.6405364 1.8231247 2.6197663 2.7219302 2.7158549 2.5338411 2.7767310 2.6236140 2.6919680 2.8022041 2.4566691 2.4671315 2.2101673 2.4156634 2.4210178 2.4936159 2.1098641 2.5564576 2.6336906 2.6285591 2.6493593 2.6511620 2.6714010 2.5971270 2.5889726 2.5897758 2.1574700 3.0437071 2.8747476 2.8597072 2.8656990 2.8756992 2.8866778 2.8709736 2.6679667 2.6658201 2.6007782 2.5974166 2.5960968 2.5805498 2.6132436 2.2658759 2.7949175 2.7271837 2.7336695 2.7131158 2.7171876 2.7170334 2.5954991 1.9676301 2.4079021 1.8863889 2.5849379 2.2090707 1.7512707 2.7255283 2.6986089 2.7260624 2.7355230 1.6987792 2.6317674 2.1527014 2.7573296 2.7573296 2.7603022 2.7573296 2.2718753 2.7623071 2.2485409 2.7603674 2.7609355 2.6968325 1.7580349 2.7452205 2.5142098 2.7542406 2.5200000 2.5296301 2.4071446 2.6442632 1.7960354 2.7429360 2.1683910 2.6931797 1.8049573 2.7166773 2.7114721 2.7290731 2.6736340 2.4954654 2.4931193 2.4983137 2.7836483 2.7861817 2.7783600 2.7888291 2.7793324 2.7792179 2.7848322 2.7704669 2.7707269 2.7426476 2.1181912 1.6592418 1.9800829 1.8601727 2.2797848 2.5438356 2.5399590 2.5314453 1.9001817 2.7086624 2.7084028 1.6645150 1.5393260 1.9193504 2.3188013 1.4917890 1.5832050 2.5948244 2.8088125 2.8212443 1.8610461 
MW588195_Mute_swan_feces_associated_toti-like_virus_3 1.4105148 1.3926022 1.4525092 1.5578478 0.0000000 0.0000010 0.0705971 1.8551418 2.2656277 2.4658086 2.2646830 2.1410705 3.0768963 3.0458545 2.6424847 2.6456253 2.6771330 2.5226678 2.6611051 2.6736626 2.6652896 1.8811775 2.6509175 2.6627556 2.8327396 2.8817855 2.8798362 2.9127021 2.8166975 2.8202426 2.3040168 3.0567858 3.0685088 2.3170921 2.4805312 2.6100171 3.2633361 1.9737732 2.5809811 2.6532840 2.6441961 2.3023342 2.6856762 2.4562884 2.5516799 2.7837766 2.7169987 2.7193232 2.4926912 2.5453592 2.5462436 2.7460631 2.5522358 2.7409308 2.5573721 2.9997057 3.0570449 3.0105701 3.0959125 3.0056955 2.9975334 3.0077064 2.0871620 3.7127331 2.9101559 2.9219822 2.8966812 2.9029215 2.8952929 2.9233344 3.1405983 3.1739237 2.8354667 2.8168452 2.8100461 2.7663211 2.8627618 2.4939306 3.0125226 2.8872634 2.8946247 2.8899256 2.7123703 2.9390106 2.9098051 2.0453867 2.3303245 1.9197226 2.9251129 2.6869676 1.7922187 2.7550018 2.7385755 2.7377329 2.7472859 1.6818397 2.6599600 2.4704222 2.8938493 2.8938493 2.8970062 2.8938493 2.3463200 2.8882406 2.4519614 2.8995773 2.9005831 2.7365587 1.7864804 2.6174156 2.4933549 2.8912171 2.4678112 2.4845061 2.3719152 2.5933538 1.8541966 2.6115201 2.2728093 2.9079220 1.8165650 2.7973372 2.8017024 2.8301465 2.6428503 2.8445643 2.8420073 2.8422754 2.8088417 2.8124849 2.8015715 2.8157485 2.8025425 2.8110480 2.7949668 2.8027079 2.7997799 2.8321649 1.9506450 1.5216895 1.8090301 1.7767794 2.1595384 2.7336286 2.7555983 2.7434116 1.7586984 2.8003505 2.8048145 1.6931491 1.6650687 1.9851251 2.2881626 1.4647272 1.6819254 2.6553029 2.7038547 2.6972564 1.8393255 
MW588197_Mute_swan_feces_associated_toti-like_virus_3 1.4105148 1.3926022 1.4525092 1.5578478 0.0000010 0.0000000 0.0705971 1.8551418 2.2656277 2.4658086 2.2646830 2.1410705 3.0768963 3.0458545 2.6424847 2.6456253 2.6771330 2.5226678 2.6611051 2.6736626 2.6652896 1.8811775 2.6509175 2.6627556 2.8327396 2.8817855 2.8798362 2.9127021 2.8166975 2.8202426 2.3040168 3.0567858 3.0685088 2.3170921 2.4805312 2.6100171 3.2633361 1.9737732 2.5809811 2.6532840 2.6441961 2.3023342 2.6856762 2.4562884 2.5516799 2.7837766 2.7169987 2.7193232 2.4926912 2.5453592 2.5462436 2.7460631 2.5522358 2.7409308 2.5573721 2.9997057 3.0570449 3.0105701 3.0959125 3.0056955 2.9975334 3.0077064 2.0871620 3.7127331 2.9101559 2.9219822 2.8966812 2.9029215 2.8952929 2.9233344 3.1405983 3.1739237 2.8354667 2.8168452 2.8100461 2.7663211 2.8627618 2.4939306 3.0125226 2.8872634 2.8946247 2.8899256 2.7123703 2.9390106 2.9098051 2.0453867 2.3303245 1.9197226 2.9251129 2.6869676 1.7922187 2.7550018 2.7385755 2.7377329 2.7472859 1.6818397 2.6599600 2.4704222 2.8938493 2.8938493 2.8970062 2.8938493 2.3463200 2.8882406 2.4519614 2.8995773 2.9005831 2.7365587 1.7864804 2.6174156 2.4933549 2.8912171 2.4678112 2.4845061 2.3719152 2.5933538 1.8541966 2.6115201 2.2728093 2.9079220 1.8165650 2.7973372 2.8017024 2.8301465 2.6428503 2.8445643 2.8420073 2.8422754 2.8088417 2.8124849 2.8015715 2.8157485 2.8025425 2.8110480 2.7949668 2.8027079 2.7997799 2.8321649 1.9506450 1.5216895 1.8090301 1.7767794 2.1595384 2.7336286 2.7555983 2.7434116 1.7586984 2.8003505 2.8048145 1.6931491 1.6650687 1.9851251 2.2881626 1.4647272 1.6819254 2.6553029 2.7038547 2.6972564 1.8393255 
MW588196_Mute_swan_feces_associated_toti-like_virus_3 1.4134169 1.3996584 1.4341858 1.5941471 0.0705971 0.0705971 0.0000000 1.9764901 2.2536220 2.4356522 2.2920400 2.1158385 3.0525091 3.0225505 2.6259928 2.6105815 2.6511820 2.5275945 2.6352887 2.6477122 2.6394459 1.8953332 2.6251962 2.6338711 2.7420314 2.8124596 2.8088879 2.7945614 2.7335088 2.7333732 2.2652014 2.9376218 2.9489935 2.3354802 2.4935048 2.6253193 3.2608936 1.9162247 2.5715473 2.6688501 2.6509159 2.2855493 2.6717505 2.4257581 2.5573920 2.7589902 2.6688656 2.6844829 2.4317929 2.5008367 2.5017098 2.6980186 2.4996622 2.7383071 2.4756865 3.0174826 3.0755464 3.0284502 3.0935643 3.0386844 3.0303777 3.0555640 2.0895085 3.5854264 2.8606304 2.8722450 2.8474447 2.8608598 2.8533908 2.9105054 3.0665187 3.0991666 2.7834835 2.7668823 2.7691955 2.7219846 2.8193079 2.4450020 3.0093908 2.8719235 2.8792257 2.8745496 2.6804198 2.8484985 2.8586022 2.0140791 2.3299085 1.9174685 2.8682697 2.6256249 1.7661177 2.6900616 2.6918913 2.6703662 2.6796089 1.7023527 2.6625895 2.4876413 2.8228580 2.8228580 2.8259104 2.8228580 2.2856656 2.8171015 2.3824610 2.8284367 2.8284367 2.6600253 1.7241532 2.6161660 2.4369520 2.8202998 2.4119734 2.4282846 2.3576877 2.5921602 1.8688927 2.6102722 2.2488400 2.8931384 1.8750714 2.8023645 2.8139282 2.8396295 2.6370521 2.8518616 2.8492918 2.8495606 2.8146224 2.8143570 2.8047963 2.8192729 2.8068600 2.8224278 2.7968372 2.8059360 2.8030358 2.8355921 1.9882599 1.5498942 1.8439398 1.8156507 2.1928754 2.7627198 2.7796866 2.7635364 1.7943613 2.8079770 2.8007298 1.7032875 1.6918619 2.0141968 2.3493171 1.5341562 1.6923777 2.6767033 2.6482489 2.6425064 1.8175238 
Vistafter_virus_F1409C1832F1409                       2.0941221 2.0110338 2.1139996 2.0222981 1.8551418 1.8551418 1.9764901 0.0000000 2.3379719 2.5990683 2.0115740 2.2337700 1.8808339 1.9191422 2.2490673 2.2490673 2.2633001 1.6471685 2.2490673 2.2490673 2.2490673 2.1628934 2.2510305 2.2570879 2.5623548 2.5243245 2.5335024 2.4983531 2.4992687 2.4709640 2.2701139 2.2691198 2.2768889 2.3171922 2.7296943 2.3171469 2.7189590 2.3706665 1.9774927 1.9776293 1.9693911 1.9625428 1.9679071 1.9531578 2.2740220 1.9886202 2.2259130 2.2292233 2.2289623 2.2279088 2.2382747 2.2424209 2.3661900 2.1001905 2.3921131 2.1682201 2.1964579 2.1682201 1.8944901 2.2633423 2.2633423 2.2675392 2.2861263 9.0000000 2.7189331 2.6857599 2.6857599 2.6693613 2.6818310 2.6819887 2.5682040 2.5499288 2.3384366 2.3384366 2.3487444 2.3531307 2.4009787 2.2102248 2.3127600 2.0140811 1.9723872 2.0099072 2.2174794 2.2902870 2.4693378 2.2627369 2.4603464 2.4634308 2.4695626 1.9610064 2.2089665 2.5048058 2.4936436 2.4936436 2.4936436 2.4765036 1.8818038 1.8356079 2.2780994 2.2780994 2.2780994 2.2780994 2.2780994 2.2687490 2.2003369 2.2934103 2.2767579 2.2622773 2.1834249 2.3547399 2.2638801 2.2709085 2.2780994 2.2799818 2.2780994 2.2939622 2.2939622 2.3406796 2.1438009 2.3463434 2.4284109 2.3110454 2.3091727 2.3334422 2.4004647 2.3228064 2.3228064 2.3228064 2.3402569 2.3392014 2.3290673 2.3405262 2.3290673 2.3392014 2.3617167 2.3346984 2.3526469 2.3635785 2.2835367 2.1221727 2.2430982 2.2535331 2.2535331 2.2599457 2.2541050 2.2535331 2.2657328 2.0936808 2.0995314 2.2910906 2.1362067 2.2443110 2.2289797 1.9841576 2.1731109 2.2094551 2.3009607 2.3009607 2.5769533 
MN661074_Atrato_virus                                 2.4938159 2.5168942 2.5849917 2.3682612 2.2656277 2.2656277 2.2536220 2.3379719 0.0000000 0.9065453 1.5266421 2.4030595 2.9052823 2.9418676 2.7697979 2.7520067 2.7808917 2.4969521 2.7712165 2.7765808 2.7664914 2.2962410 2.7609249 2.7686595 2.9158932 2.6695618 2.6742019 2.5697827 2.7066705 2.7166635 2.1937636 3.0293248 3.0147905 2.4412916 2.7582746 2.7804300 3.3028386 1.8996224 2.6031647 2.6863341 2.6726704 2.3515194 2.6551724 2.4738103 2.9450273 3.1780478 2.8744761 2.8703904 2.6658114 2.6190654 2.6089553 2.8736505 2.3494491 2.7981472 2.8336018 3.1162283 3.1421255 3.1350936 3.2104279 3.0949663 3.0802406 3.1110543 2.2617460 3.3660274 2.8286453 2.8110409 2.8274232 2.8338392 2.8390613 2.8808456 3.0542653 3.1172829 3.0843485 3.0658308 3.0578082 3.0348545 3.1135718 2.6288728 3.0886878 3.0566445 3.0683956 3.0345866 2.6630017 2.8773030 3.0586602 2.2003316 2.5812662 2.2337894 3.0262381 2.7509930 1.9617556 2.9875230 2.9478227 2.9522108 2.9422174 1.6106199 2.8121028 2.3867181 3.0146669 3.0146669 3.0174328 3.0149276 2.3647793 2.9027849 2.5036360 3.0221880 3.0207996 2.8376637 1.8684976 2.7291512 2.6744311 3.0120453 2.6610857 2.6695230 2.5673785 2.7834282 1.8981233 2.7221909 2.2262736 2.8957419 1.8390654 2.8384317 2.8484907 2.8552210 2.6336167 2.8541239 2.8516709 2.8519387 3.1271051 3.1279967 3.1160243 3.1406749 3.1253916 3.1213275 3.1213026 3.1173050 3.1128310 3.1416366 2.3712976 1.8447589 2.2555412 2.1736504 2.6070799 2.9911715 2.9986209 2.9883326 2.2111329 2.8796432 2.8700473 1.9408969 1.8412019 2.2712184 2.4722898 1.6710696 1.8636878 2.7894478 2.5885947 2.5938964 1.9554071 
MN661077_Murri_virus                                  2.5832880 2.6117601 2.6572509 2.4461349 2.4658086 2.4658086 2.4356522 2.5990683 0.9065453 0.0000000 1.4960861 2.1758532 2.8510980 2.8784486 2.6223156 2.6172236 2.6300480 2.3867002 2.6256587 2.6192378 2.6297152 1.9920151 2.6334736 2.6200661 2.9293356 2.5456747 2.5457866 2.5403121 2.6575645 2.6698062 2.1061523 2.9752922 2.9773347 2.4012452 2.7170232 2.7584448 3.3997100 1.8434026 2.7297124 2.8564106 2.8200623 2.4398858 2.8388286 2.6361035 3.0076912 3.2928963 2.6731820 2.6815294 2.4835846 2.5509937 2.5355429 2.7341091 2.3756909 2.7622745 2.5884573 2.8175490 2.8109692 2.8339842 2.8359353 2.8858353 2.8890253 2.8762845 2.1312405 3.3575156 2.8363634 2.8420810 2.8351492 2.8297825 2.8384728 2.8380816 2.8573782 2.8952453 3.0115711 3.0121470 3.0082127 3.0309797 2.9771168 2.4503751 3.0747536 3.0851983 3.1037963 3.0750816 2.6824307 2.9838221 2.6827421 1.8195855 2.2340988 1.9260890 2.6596762 2.2901109 1.5681004 2.7158401 2.6993955 2.7072366 2.7080918 1.3729768 2.7411153 2.2532204 2.8880726 2.8880726 2.8999266 2.8939384 2.1837634 2.8361003 2.3300642 2.9081085 2.9061699 2.7690823 1.7195251 2.7269808 2.5917371 2.8974147 2.5626397 2.5792754 2.5345223 2.7453459 1.7390409 2.6792282 2.1202176 2.9311967 1.6473418 2.9273030 2.9205265 2.9196613 2.8202457 2.7307325 2.7282787 2.7280700 3.0741901 3.0613123 3.0634644 3.0564878 3.0643350 3.0731089 3.0600904 3.0705743 3.0353675 3.0867947 2.1997116 1.6953694 2.0934613 1.9263200 2.4298709 2.8003745 2.7879671 2.7812778 1.9698571 2.8953320 2.9008165 1.7596268 1.8195838 2.2782165 2.7856869 1.7594986 1.6885194 2.8031215 2.5792627 2.5845063 1.6850079 
MN803436_Schistocephalus_solidus_toti-like_virus_2    2.2599974 2.2445843 2.3675777 2.3130188 2.2646830 2.2646830 2.2920400 2.0115740 1.5266421 1.4960861 0.0000000 2.2248815 2.6281781 2.6343098 2.5617992 2.5609503 2.5739038 2.3116861 2.5675829 2.5595010 2.5716239 2.0208416 2.5667306 2.5616262 2.8563882 2.4243591 2.4089240 2.3501089 2.5137112 2.5239991 2.1042554 2.7305587 2.7492676 2.3294280 2.6375503 2.5639644 2.8653269 1.7467376 2.7344995 2.8927258 2.8612169 2.5405652 2.9242943 2.6599983 2.7430619 2.8869332 2.5719080 2.5816699 2.2996635 2.4561658 2.4454812 2.6069319 2.2927539 2.6861751 2.3122245 2.5030840 2.5378912 2.5189199 2.5066193 2.6017359 2.5936415 2.5849176 1.8428941 3.1140396 2.5387036 2.5381369 2.5375641 2.5557938 2.5420846 2.5266252 2.6567245 2.6847853 2.7055702 2.7068732 2.7004449 2.7178699 2.6888088 2.3500253 2.8895295 2.8491423 2.8613269 2.8293251 2.5449144 2.7520480 2.6778766 1.8893171 2.3599930 1.8686769 2.6828859 2.2621967 1.6910466 2.7803913 2.7696145 2.7751446 2.7848707 1.6055381 2.6929961 2.1330977 2.5844509 2.5844509 2.5871578 2.5844509 2.0773593 2.5758755 2.2193000 2.6113532 2.6129512 2.4950011 1.6476427 2.3819539 2.2318353 2.6021101 2.2260837 2.2459819 2.1133385 2.3018856 1.5988261 2.3371599 2.1696066 2.4870046 1.5844665 2.7003075 2.6957786 2.6884219 2.5731428 2.6879017 2.6839088 2.6804284 2.7041315 2.7021307 2.6990534 2.7181362 2.7089621 2.7051282 2.6918537 2.6966236 2.6930086 2.6936085 2.0612219 1.6686994 1.9665167 1.9320412 2.2998644 2.6543078 2.6649670 2.6510073 1.9675676 2.6794413 2.6935805 1.6621547 1.6101027 1.9367719 2.2347386 1.4903733 1.4931301 2.5449209 2.5669137 2.5739742 1.8454130 
MW826407_Totiviridae_sp_                              2.1424866 2.1359935 2.1661795 2.5255954 2.1410705 2.1410705 2.1158385 2.2337700 2.4030595 2.1758532 2.2248815 0.0000000 2.6920503 2.6167244 2.4801204 2.4772184 2.4960299 2.1526731 2.4814838 2.4798131 2.4853365 1.8385891 2.4830328 2.4782455 2.4833218 2.2873992 2.2877147 2.4162766 2.3362606 2.3388734 1.9049557 2.4479915 2.4730091 2.0724555 2.3391149 2.4274262 2.6700044 1.5132008 2.3057085 2.4506585 2.4314731 2.0903700 2.4669141 2.2597094 2.5345601 2.6314913 2.2639354 2.2922511 2.0237417 2.1426424 2.1415033 2.2688047 2.0344409 2.3983129 2.3737159 2.4907020 2.5415301 2.5061306 2.4606888 2.4488902 2.4542332 2.4871291 1.9471161 2.9091880 2.7039818 2.6986223 2.7032185 2.6884234 2.6903570 2.6679235 2.5532416 2.5406903 2.5391019 2.5420822 2.5445038 2.6107633 2.5446981 2.2149810 2.7228945 2.8259045 2.8200033 2.8527042 2.5303673 2.8140070 2.5077554 1.5427285 2.1826200 1.7494057 2.5391259 2.0936646 1.4074207 2.4120535 2.4077677 2.3960980 2.4041585 1.3459976 2.3279349 1.9221752 2.5778900 2.5778900 2.5805373 2.5830763 2.0397899 2.5381568 2.1344391 2.5959691 2.5975190 2.4470690 1.4888974 2.4718848 2.1845890 2.5867246 2.1904680 2.2111243 2.1372465 2.3983120 1.6307119 2.4544514 1.8451922 2.5531496 1.6407594 2.8771009 2.8720840 2.8909208 2.6686597 2.6552931 2.6545428 2.6544642 2.6884436 2.7130702 2.6966263 2.6941551 2.7075679 2.7146481 2.7056317 2.6914964 2.6808541 2.7131108 2.0248991 1.4617059 1.8779514 1.7259483 2.2615697 2.5440860 2.5512998 2.5224069 1.8003460 2.8301340 2.8351770 1.5996164 1.7050829 2.0694541 2.5032266 1.4561891 1.4690703 2.6242928 2.5848500 2.5881834 1.5064283 
OP020076_Hattula_totivirus_2                          2.3986818 2.4667533 2.4725575 2.3414612 3.0768963 3.0768963 3.0525091 1.8808339 2.9052823 2.8510980 2.6281781 2.6920503 0.0000000 0.0080185 0.0060044 0.0059800 0.0079865 0.0079865 0.0079865 0.0079865 0.0079865 0.0000010 0.0099964 0.0099903 0.5785059 0.6546678 0.6576896 0.7075686 0.7379812 0.7434381 0.5186989 1.2027824 1.2024515 0.9420335 0.8694364 1.3332179 1.6103697 0.7468997 1.1582286 1.1816353 1.1752492 1.0651885 1.1776047 1.1577786 1.3722271 1.5747636 1.2013485 1.1841524 1.1842330 1.0331935 1.0199800 1.1822933 1.1540306 1.0308969 1.2902403 1.5114490 1.5209274 1.5325946 1.5147385 1.5102541 1.4978431 1.5513974 1.1149682 1.6822053 1.6608106 1.6585902 1.6519520 1.6641346 1.6769012 1.5998524 1.6129363 1.5902532 1.7336223 1.7329024 1.7276559 1.7707710 1.5664877 1.7080854 1.7435651 1.7873232 1.8166374 1.8223508 1.2765856 1.5801794 1.5951164 1.2803371 1.2146833 0.9660688 1.6133697 1.5698623 1.2725046 1.3686630 1.3766187 1.3597829 1.3685286 1.0943550 1.6983048 1.7017085 1.7578102 1.7578102 1.7592790 1.7647388 1.5686868 1.6962630 1.7578102 1.7508507 1.7508507 1.5608502 1.3063034 1.1190493 1.3055431 1.7474708 1.2976062 1.2976062 0.9775729 1.1804369 1.1804369 1.0584711 1.5447916 1.7022774 1.0513221 1.7577661 1.7650067 1.7622953 1.5675370 1.8613675 1.8613675 1.8565300 1.6854427 1.6901042 1.6854427 1.6898313 1.6828250 1.6916361 1.6895609 1.6854427 1.6889313 1.6621929 0.8528025 1.0516790 0.8569140 0.8192149 0.8192149 1.7205119 1.7292424 1.7221464 0.8569140 1.8047980 1.8127234 1.2238385 1.3671697 1.3671697 1.1498388 1.1457595 0.9918691 1.5556668 1.4162192 1.4169795 1.8584677 
OP020073_Hattula_totivirus_2                          2.4025297 2.4682259 2.4908399 2.3761011 3.0458545 3.0458545 3.0225505 1.9191422 2.9418676 2.8784486 2.6343098 2.6167244 0.0080185 0.0000000 0.0098271 0.0058669 0.0117638 0.0117638 0.0117638 0.0117638 0.0117638 0.0000010 0.0137422 0.0098006 0.5915555 0.6769138 0.6803340 0.7266427 0.7667693 0.7722434 0.5800270 1.2210943 1.2201649 0.9748084 0.8722973 1.3486018 1.6523350 0.7989382 1.1959971 1.2117013 1.2054921 1.1124032 1.2011799 1.1928504 1.4098706 1.6477189 1.2493200 1.2321165 1.2323010 1.0862556 1.0728760 1.2339224 1.1608559 1.0275287 1.2853598 1.5653733 1.5748541 1.5865680 1.5691876 1.5475801 1.5352608 1.5879796 1.3733595 1.6924198 1.7183447 1.7159942 1.7094324 1.7216834 1.7344202 1.6375619 1.6736287 1.6457109 1.8007783 1.8000720 1.7947950 1.8383297 1.6309138 1.7566254 1.7872711 1.8516477 1.8810445 1.8866888 1.3414863 1.6367265 1.5765927 1.2706073 1.1949026 0.9611476 1.5949696 1.5625347 1.2718217 1.3712848 1.3872663 1.3626888 1.3711562 1.1422043 1.7078053 1.7111275 1.7834208 1.7834208 1.7848743 1.7902368 1.5928810 1.7165946 1.7834208 1.7765376 1.7765376 1.5866041 1.3459395 1.2134455 1.3441429 1.7732216 1.3375677 1.3375677 1.0266609 1.2474111 1.2474111 1.1599078 1.5546405 1.7127552 1.1333248 1.7591060 1.7661237 1.7772312 1.5830506 1.8533171 1.8533171 1.8486399 1.6918292 1.6963974 1.6918292 1.6961188 1.6892773 1.6978898 1.6958551 1.6918292 1.6952472 1.6691092 0.8716212 1.0499512 0.8740236 0.8381865 0.8381865 1.7106373 1.7190464 1.7121857 0.8740236 1.8111414 1.8188467 1.2118015 1.3709066 1.3764452 1.1492338 1.1454953 0.9931158 1.5421161 1.4248118 1.4255580 1.8949955 
OP019873_Hattula_totivirus_2                          2.4510055 2.4798339 2.5585481 2.5145286 2.6424847 2.6424847 2.6259928 2.2490673 2.7697979 2.6223156 2.5617992 2.4801204 0.0060044 0.0098271 0.0000000 0.0051151 0.0082117 0.0084010 0.0061470 0.0082094 0.0071727 0.0045457 0.0082232 0.0082052 0.5747549 0.6791212 0.6819612 0.6974149 0.7194179 0.7244278 0.6279108 1.1615622 1.1685577 1.1096379 1.0527632 1.2284326 1.5736758 0.7913042 1.2075876 1.2258798 1.2141813 1.1881713 1.2468461 1.2503443 1.4160647 1.5239825 1.2685592 1.2616989 1.1595565 1.1771154 1.1735307 1.2602704 0.9908631 1.1019091 1.2886798 1.3825253 1.3868689 1.3925064 1.3583328 1.4119899 1.4068927 1.4294859 1.1416358 1.6882098 1.6581045 1.6608170 1.6535519 1.6474273 1.6606911 1.6344989 1.5966851 1.5865172 1.6694188 1.6701023 1.6661707 1.7053550 1.5957433 1.4267253 1.7096357 1.7466973 1.7598201 1.7615476 1.5170351 1.6699293 1.5733504 1.0969831 1.5098528 1.2025296 1.5923937 1.3437149 1.0836376 1.4892173 1.4904133 1.4786600 1.4833624 0.9451631 1.6795922 1.4263680 1.9008258 1.9008258 1.9016734 1.9046998 1.4632619 1.8703315 1.5547130 1.9093166 1.9066528 1.8232200 1.1956951 1.9282440 1.7906427 1.9024695 1.7743391 1.7938667 1.7132939 1.8903558 1.2284488 1.9018144 1.3427470 1.9502991 1.3600294 1.8987990 1.8973298 1.9094687 1.7791797 2.0540710 2.0516224 2.0489639 1.8419790 1.8442960 1.8362982 1.8441709 1.8362087 1.8382204 1.8375680 1.8318911 1.8240277 1.8408798 1.4838979 1.0427578 1.4011234 1.2808726 1.6349206 1.8456030 1.8428468 1.8353393 1.3385678 1.9744198 1.9855427 1.2347707 1.3380157 1.6301417 1.9110094 1.1665466 1.0318871 1.7251179 1.7079220 1.7096768 1.6384877 
OP020077_Hattula_totivirus_2                          2.4467832 2.4755862 2.5542563 2.5168711 2.6456253 2.6456253 2.6105815 2.2490673 2.7520067 2.6172236 2.5609503 2.4772184 0.0059800 0.0058669 0.0051151 0.0000000 0.0092204 0.0083725 0.0071577 0.0092178 0.0081816 0.0045457 0.0092333 0.0071619 0.5754896 0.6781160 0.6809507 0.6931202 0.7193861 0.7243873 0.6301573 1.1656096 1.1722772 1.1122450 1.0564846 1.2305391 1.5781562 0.7913042 1.2078659 1.2199338 1.2124047 1.1849746 1.2382081 1.2463033 1.4124387 1.5283896 1.2654703 1.2570445 1.1533882 1.1686093 1.1650516 1.2518194 0.9885475 1.1010165 1.2883817 1.3792018 1.3835007 1.3891746 1.3545592 1.4091367 1.4040495 1.4266150 1.1416358 1.6787782 1.6540995 1.6568141 1.6495547 1.6434402 1.6566861 1.6253906 1.5872687 1.5771335 1.6728222 1.6735072 1.6708626 1.7088014 1.5990470 1.4275449 1.7148264 1.7453717 1.7584796 1.7602075 1.5226315 1.6755624 1.5702871 1.0990010 1.5145642 1.2025296 1.5892675 1.3384736 1.0858091 1.4890572 1.4902519 1.4785088 1.4832071 0.9451631 1.6829416 1.4274607 1.9028570 1.9028570 1.9037049 1.9067307 1.4626503 1.8724042 1.5539960 1.9113477 1.9086839 1.8170640 1.1956951 1.9337671 1.7946770 1.9045007 1.7783466 1.7979003 1.7176251 1.8955951 1.2284488 1.9072837 1.3438922 1.9549602 1.3600294 1.9066137 1.9058407 1.9173111 1.7876288 2.0553902 2.0529404 2.0502804 1.8488047 1.8511341 1.8431069 1.8510016 1.8417127 1.8477408 1.8443808 1.8386974 1.8308716 1.8477231 1.4838979 1.0427578 1.4011234 1.2808726 1.6391887 1.8472726 1.8445148 1.8370058 1.3385678 1.9816136 1.9845745 1.2347707 1.3380157 1.6301417 1.9155828 1.1665466 1.0318871 1.7196185 1.6954433 1.6971851 1.6443899 
OP020079_Hattula_totivirus_2                          2.4664619 2.4955302 2.5748189 2.5322923 2.6771330 2.6771330 2.6511820 2.2633001 2.7808917 2.6300480 2.5739038 2.4960299 0.0079865 0.0117638 0.0082117 0.0092204 0.0000000 0.0000010 0.0020404 0.0040875 0.0030611 0.0114290 0.0040944 0.0040855 0.5776199 0.6831028 0.6859504 0.6986961 0.7217472 0.7267637 0.6317101 1.1675192 1.1745343 1.1037884 1.0553844 1.2284950 1.5695975 0.7956764 1.2174157 1.2312382 1.2236630 1.1971957 1.2542094 1.2564808 1.4209960 1.5418776 1.2729920 1.2645263 1.1663225 1.1826731 1.1790721 1.2657662 0.9915882 1.1048326 1.2994033 1.3915423 1.3947155 1.4015787 1.3684864 1.4185872 1.4134701 1.4361124 1.1459221 1.6776423 1.6669690 1.6696816 1.6623909 1.6562329 1.6695603 1.6415975 1.6038591 1.5979163 1.6740030 1.6746890 1.6720415 1.7244702 1.6026277 1.4338131 1.7170347 1.7600083 1.7732169 1.7749336 1.5356581 1.6917700 1.5747850 1.1039834 1.5253447 1.2168956 1.5938391 1.3432048 1.0911679 1.4946996 1.4959061 1.4841209 1.4888380 0.9514614 1.6893232 1.4312387 1.9049293 1.9049293 1.9057787 1.9088084 1.4624200 1.8744736 1.5537309 1.9134323 1.9107645 1.8275779 1.1983614 1.9418791 1.8003463 1.9065754 1.7839491 1.8035743 1.7235640 1.9031998 1.2317971 1.9152518 1.3391572 1.9582546 1.3635771 1.9116233 1.9108418 1.9223577 1.7924595 2.0739946 2.0715288 2.0688495 1.8443663 1.8466901 1.8386733 1.8465623 1.8372778 1.8433000 1.8399459 1.8338066 1.8264017 1.8432720 1.4967661 1.0460001 1.4135063 1.2929058 1.6448905 1.8486771 1.8459145 1.8383944 1.3511124 1.9813232 1.9924781 1.2373103 1.3408209 1.6423740 1.9215133 1.1697025 1.0326279 1.7266366 1.7130627 1.7148228 1.6416212 
OP020078_Hattula_totivirus_2                          1.9946764 2.0314363 2.0815337 2.0472415 2.5226678 2.5226678 2.5275945 1.6471685 2.4969521 2.3867002 2.3116861 2.1526731 0.0079865 0.0117638 0.0084010 0.0083725 0.0000010 0.0000000 0.0000010 0.0000010 0.0000010 0.0069964 0.0016672 0.0033368 0.5756774 0.6467969 0.6513440 0.6861396 0.7105496 0.7149793 0.5582581 1.1153580 1.1205009 0.8569818 0.8443030 1.2193207 1.5237707 0.6584869 1.0881425 1.1142727 1.1090956 0.9872335 1.1071078 1.0699414 1.2658497 1.4449987 1.1437676 1.1313150 1.1317635 1.0089406 0.9983842 1.1349571 1.1004151 0.9705957 1.1618141 1.3713157 1.3786371 1.3875618 1.3661441 1.3400644 1.3307184 1.3722293 0.9633170 1.6776423 1.6058168 1.6041175 1.5986528 1.6085042 1.6189006 1.5494207 1.5211128 1.5013792 1.5768691 1.5762742 1.5721891 1.6464782 1.4339413 1.5429837 1.5934749 1.6571841 1.6713653 1.6835734 1.2466771 1.5013611 1.4235447 1.1460215 0.9588059 0.8713705 1.4374034 1.4101674 1.1330832 1.2720512 1.2802483 1.2605443 1.2672639 0.9493387 1.4921707 1.4945090 1.5484711 1.5484711 1.5495280 1.5537367 1.3841437 1.4905313 1.5484711 1.5433925 1.5433925 1.3699578 1.1063158 0.8738752 1.1051906 1.5407653 1.1009486 1.1009486 0.8803503 0.9251697 0.9251697 0.8545428 1.3671540 1.5464524 0.9811544 1.5860800 1.5917883 1.6003332 1.4097767 1.6631271 1.6631271 1.6594330 1.4409837 1.4440670 1.4409837 1.4442241 1.4387963 1.4453236 1.4440063 1.4409837 1.4433216 1.4234550 0.7805995 0.8647510 0.7993089 0.7683561 0.7683561 1.5093265 1.5055965 1.4999988 0.7760533 1.5984312 1.6044552 1.0007811 1.1421334 1.1501512 0.9795521 0.9771140 0.8846480 1.3454808 1.2669622 1.2674813 1.6085086 
OP019872_Hattula_totivirus_2                          2.4508924 2.4797463 2.5585340 2.5170738 2.6611051 2.6611051 2.6352887 2.2490673 2.7712165 2.6256587 2.5675829 2.4814838 0.0079865 0.0117638 0.0061470 0.0071577 0.0020404 0.0000010 0.0000000 0.0020399 0.0010184 0.0068279 0.0020433 0.0020388 0.5730700 0.6780610 0.6808985 0.6935560 0.7165316 0.7215304 0.6253046 1.1603879 1.1673735 1.0983173 1.0437832 1.2210761 1.5695975 0.7909395 1.2094571 1.2237534 1.2162120 1.1876067 1.2466223 1.2476300 1.4126513 1.5283504 1.2653529 1.2569238 1.1583451 1.1749976 1.1714207 1.2581441 0.9880965 1.0979553 1.2916046 1.3834198 1.3864769 1.3934104 1.3593287 1.4102222 1.4051324 1.4277026 1.1389664 1.6776423 1.6573953 1.6601084 1.6528435 1.6467199 1.6599821 1.6321819 1.5946177 1.5887093 1.6644148 1.6650953 1.6624599 1.7146312 1.5934500 1.4291497 1.7071942 1.7498990 1.7630364 1.7647605 1.5259937 1.6819566 1.5657518 1.0987989 1.5095180 1.2021773 1.5846744 1.3384438 1.0855894 1.4856593 1.4868481 1.4751188 1.4798104 0.9453335 1.6796467 1.4268152 1.8940296 1.8940296 1.8948733 1.8978912 1.4578496 1.8635023 1.5490679 1.9024918 1.8998371 1.8160882 1.1918976 1.9213448 1.7855983 1.8956676 1.7693276 1.7888233 1.7078762 1.8838100 1.2236859 1.8949819 1.3344686 1.9471789 1.3550228 1.9007771 1.9000123 1.9114577 1.7818361 2.0620704 2.0596143 2.0569469 1.8339317 1.8362338 1.8282715 1.8361173 1.8268780 1.8328640 1.8295363 1.8234162 1.8159611 1.8328117 1.4798976 1.0381564 1.3972262 1.2770176 1.6295801 1.8382362 1.8354883 1.8279918 1.3345832 1.9700353 1.9811340 1.2311579 1.3340490 1.6264170 1.9045564 1.1620507 1.0277831 1.7163411 1.7027929 1.7045415 1.6353167 
OP019874_Hattula_totivirus_2                          2.4500660 2.4789127 2.5576855 2.5330662 2.6736626 2.6736626 2.6477122 2.2490673 2.7765808 2.6192378 2.5595010 2.4798131 0.0079865 0.0117638 0.0082094 0.0092178 0.0040875 0.0000010 0.0020399 0.0000000 0.0030603 0.0045466 0.0040932 0.0040843 0.5697141 0.6774727 0.6803089 0.6921842 0.7142178 0.7192015 0.6245595 1.1606159 1.1676051 1.0971400 1.0415067 1.2213367 1.5620960 0.7857032 1.2063070 1.2207800 1.2132572 1.1857900 1.2435926 1.2440971 1.4123235 1.5278905 1.2622901 1.2538810 1.1568456 1.1719854 1.1684208 1.2550927 0.9880965 1.0953144 1.2907263 1.3827087 1.3885832 1.3927004 1.3585134 1.4071784 1.4021005 1.4246362 1.1379916 1.6776423 1.6567256 1.6594405 1.6521729 1.6460479 1.6593138 1.6315079 1.5895487 1.5836605 1.6649721 1.6656533 1.6630159 1.7152285 1.5939498 1.4291497 1.7077878 1.7505309 1.7636795 1.7654041 1.5325396 1.6851928 1.5739434 1.0987989 1.5172624 1.2091575 1.5930046 1.3384438 1.0855894 1.4924338 1.4936370 1.4818535 1.4865692 0.9453335 1.6863872 1.4268152 1.8924761 1.8924761 1.8933195 1.8963375 1.4578496 1.8619204 1.5490679 1.9094118 1.9067461 1.8232613 1.1918976 1.9343690 1.7834098 1.9025600 1.7671444 1.7866371 1.7054795 1.8810407 1.2236859 1.8920997 1.3344686 1.9572489 1.3550228 1.9009205 1.9001554 1.9116033 1.7796262 2.0683315 2.0658685 2.0631928 1.8337177 1.8360203 1.8280556 1.8359040 1.8266616 1.8326495 1.8293208 1.8231984 1.8180073 1.8325967 1.4828917 1.0381564 1.4000251 1.2796060 1.6429584 1.8476114 1.8448472 1.8373211 1.3373495 1.9782459 1.9893976 1.2311579 1.3340490 1.6307601 1.9167841 1.1620507 1.0277831 1.7235566 1.7070238 1.7087785 1.6353167 
OP020080_Hattula_totivirus_2                          2.4464010 2.4752026 2.5538710 2.5210919 2.6652896 2.6652896 2.6394459 2.2490673 2.7664914 2.6297152 2.5716239 2.4853365 0.0079865 0.0117638 0.0071727 0.0081816 0.0030611 0.0000010 0.0010184 0.0030603 0.0000000 0.0068279 0.0030654 0.0030588 0.5713610 0.6798032 0.6826428 0.6953247 0.7183158 0.7233184 0.6229364 1.1580002 1.1649784 1.1013218 1.0474942 1.2233857 1.5695975 0.7909395 1.2118081 1.2259598 1.2184110 1.1904480 1.2488509 1.2502287 1.4151751 1.5323688 1.2672777 1.2588433 1.1583451 1.1769740 1.1733926 1.2600680 0.9880965 1.0991096 1.2921578 1.3858870 1.3889782 1.3958878 1.3593287 1.4075151 1.4024323 1.4249873 1.1389664 1.6776423 1.6543946 1.6571090 1.6498494 1.6437343 1.6569811 1.6292214 1.5916981 1.5857983 1.6614122 1.6620913 1.6594586 1.7115694 1.5905512 1.4291497 1.7041292 1.7528124 1.7659650 1.7676863 1.5288680 1.6848115 1.5684235 1.0987989 1.5142295 1.2021773 1.5873776 1.3384438 1.0855894 1.4883640 1.4895577 1.4778163 1.4825136 0.9453335 1.6824627 1.4268152 1.8971106 1.8971106 1.8979555 1.9009755 1.4578496 1.8666158 1.5490679 1.9055809 1.9029235 1.8193689 1.1918976 1.9271176 1.7898239 1.8987502 1.7735263 1.7930480 1.7124180 1.8892886 1.2236859 1.9007000 1.3344686 1.9502883 1.3550228 1.9038403 1.9030711 1.9145318 1.7848839 2.0653704 2.0629127 2.0602430 1.8369047 1.8392120 1.8312374 1.8390924 1.8298439 1.8358379 1.8325039 1.8263808 1.8189429 1.8357925 1.4798976 1.0381564 1.3972262 1.2770176 1.6340613 1.8412094 1.8384584 1.8309581 1.3345832 1.9731950 1.9843050 1.2311579 1.3340490 1.6264170 1.9093371 1.1620507 1.0277831 1.7193215 1.7057716 1.7075228 1.6353167 
OP020075_Hattula_totivirus_2                          2.1036534 2.1346128 2.2395970 2.2735898 1.8811775 1.8811775 1.8953332 2.1628934 2.2962410 1.9920151 2.0208416 1.8385891 0.0000010 0.0000010 0.0045457 0.0045457 0.0114290 0.0069964 0.0068279 0.0045466 0.0068279 0.0000000 0.0091580 0.0091193 0.5172019 0.6191047 0.6217492 0.5932410 0.5919968 0.6018229 0.6245214 0.9298770 0.9397420 1.1427492 1.1128636 1.0482863 0.7938038 0.8364448 1.0344538 1.0447929 1.0311790 1.0964051 1.1014244 1.0978445 1.1703412 1.3622236 1.1178176 1.1196984 1.0416848 1.1030028 1.1030028 1.1181755 0.7792786 1.0000461 0.9749467 1.1157551 1.1258344 1.1157551 0.9951523 1.1874769 1.1893005 1.2036428 1.1281998 9.0000000 1.6163165 1.6248194 1.6163165 1.5828546 1.6040454 1.5993261 1.4786651 1.4703060 1.3520281 1.3539991 1.3591419 1.3718482 1.3097259 0.8370932 1.4183762 1.4680473 1.4628230 1.4612107 1.5439485 1.5234550 1.3853610 0.9429250 1.4081538 1.3347783 1.3896734 0.9257365 0.9565105 1.3626045 1.3583234 1.3492414 1.3586020 0.8522304 1.3813309 0.9246507 1.6212409 1.6212409 1.6212409 1.6212409 1.2317575 1.6308446 1.1300537 1.6563752 1.6464547 1.6659411 1.0531000 1.6464547 1.6402618 1.6464547 1.6212409 1.6502662 1.6212409 1.6212409 1.1766775 1.6212409 0.9554925 1.7579690 1.3011419 1.6330942 1.6315765 1.6491244 1.5811615 1.7993033 1.7943361 1.7943361 1.4967281 1.4958309 1.4862445 1.4961818 1.4862445 1.4877857 1.4902579 1.4814683 1.4782402 1.5051869 1.5646366 1.0007410 1.5176727 1.4062885 1.5590719 1.5699447 1.5665912 1.5590719 1.4455012 1.6394126 1.6626077 1.1024257 1.2646475 1.7013761 1.9044388 1.1509691 0.9794477 1.5106478 1.6502106 1.6441288 1.3778580 
OP019875_Hattula_totivirus_2                          2.4517130 2.4805632 2.5593369 2.5077858 2.6509175 2.6509175 2.6251962 2.2510305 2.7609249 2.6334736 2.5667306 2.4830328 0.0099964 0.0137422 0.0082232 0.0092333 0.0040944 0.0016672 0.0020433 0.0040932 0.0030654 0.0091580 0.0000000 0.0040912 0.5762104 0.6811833 0.6840278 0.6957823 0.7201789 0.7251932 0.6303456 1.1704477 1.1774823 1.0994942 1.0452870 1.2260164 1.5695975 0.7940966 1.2207422 1.2343802 1.2267829 1.2011798 1.2574180 1.2602290 1.4158845 1.5336847 1.2705902 1.2621379 1.1638435 1.1802833 1.1766908 1.2633714 0.9839723 1.0995779 1.2932681 1.3872772 1.3903899 1.3972911 1.3557129 1.4155364 1.4104289 1.4330470 1.1532292 1.6623847 1.6714548 1.6741696 1.6668603 1.6606807 1.6740504 1.6459867 1.5966343 1.5907178 1.6618372 1.6625161 1.6598851 1.7119634 1.5971073 1.4264449 1.7216906 1.7466880 1.7597975 1.7615233 1.5245970 1.6740038 1.5677200 1.0987989 1.5233961 1.2148795 1.5866732 1.3449346 1.0855894 1.4841161 1.4853020 1.4735812 1.4782688 0.9453335 1.6790297 1.4225299 1.8959500 1.8959500 1.8967947 1.8998145 1.4598455 1.8654370 1.5472752 1.9044190 1.9017621 1.8199495 1.1918976 1.9282379 1.7905510 1.8975894 1.7742372 1.7937772 1.7131383 1.8903201 1.2300381 1.9017867 1.3329728 1.9450377 1.3618925 1.9026565 1.9018889 1.9133450 1.7837137 2.0581751 2.0557224 2.0530591 1.8436782 1.8460023 1.8379833 1.8458751 1.8365869 1.8426111 1.8392563 1.8331138 1.8257001 1.8425814 1.4855104 1.0381564 1.4026152 1.2822201 1.6347066 1.8348381 1.8320951 1.8246067 1.3400265 1.9774281 1.9885657 1.2311579 1.3340490 1.6317593 1.9102517 1.1620507 1.0313756 1.7129970 1.7020839 1.7038300 1.6353167 
OP019876_Hattula_totivirus_2                          2.4448688 2.4736482 2.5522656 2.5110038 2.6627556 2.6627556 2.6338711 2.2570879 2.7686595 2.6200661 2.5616262 2.4782455 0.0099903 0.0098006 0.0082052 0.0071619 0.0040855 0.0033368 0.0020388 0.0040843 0.0030588 0.0091193 0.0040912 0.0000000 0.5734885 0.6806363 0.6834742 0.6961555 0.7170368 0.7220315 0.6263772 1.1605760 1.1672251 1.0983173 1.0437832 1.2200387 1.5637481 0.7921649 1.2114058 1.2232545 1.2157141 1.1899589 1.2461203 1.2497879 1.4144985 1.5312888 1.2661273 1.2577008 1.1586780 1.1753050 1.1717299 1.2583906 0.9875294 1.0984257 1.2886559 1.3790306 1.3820268 1.3890015 1.3543685 1.4120001 1.4069049 1.4294888 1.1327149 1.6738338 1.6585379 1.6612510 1.6539831 1.6478555 1.6611253 1.6297629 1.5897410 1.5838476 1.6643129 1.6649935 1.6623578 1.7145349 1.5921190 1.4230256 1.7081947 1.7509147 1.7640555 1.7657785 1.5280624 1.6831811 1.5656326 1.1007825 1.5119766 1.2045372 1.5845550 1.3401517 1.0877210 1.4866390 1.4878294 1.4760974 1.4807904 0.9476244 1.6793782 1.4265425 1.8923308 1.8923308 1.8931740 1.8961913 1.4559084 1.8617793 1.5471173 1.9007903 1.8981364 1.8142625 1.1917962 1.9213809 1.7856078 1.8939683 1.7693350 1.7888333 1.7078755 1.8838382 1.2235690 1.8950133 1.3387542 1.9415494 1.3473724 1.8965565 1.8957982 1.9072158 1.7777097 2.0633196 2.0608637 2.0581963 1.8386868 1.8409974 1.8330150 1.8408758 1.8316215 1.8376204 1.8342826 1.8281575 1.8207297 1.8375792 1.4825276 1.0411362 1.3997902 1.2795507 1.6319203 1.8429917 1.8402387 1.8327360 1.3372040 1.9750938 1.9862109 1.2347707 1.3366581 1.6288570 1.9070486 1.1649912 1.0296214 1.7144510 1.7023102 1.7040588 1.6296947 
