57
MW434940_Aedes_aegypti_totivirus               0.0000000 3.6719090 3.6815194 4.2764110 1.1170295 4.1341714 0.0418469 0.0405166 0.0513272 3.4399849 3.9685678 3.9837889 3.5342263 0.0179073 0.0216117 0.0216117 0.0191668 0.0215574 0.0179073 0.0206481 0.0000010 1.0361759 4.3038864 4.2327241 2.5900538 3.6529417 3.6481737 3.6723596 3.5900835 2.9895042 2.6745147 4.2278646 4.2450848 4.0240094 0.0414176 0.0393308 1.2940812 3.5589538 4.2242652 2.6360197 1.8129588 4.2189102 3.4507902 0.0392174 0.0302307 0.0328284 0.0437863 3.1438443 3.7246439 0.1175011 1.1262819 3.1840939 3.3151747 3.3575131 3.7352554 3.8097646 3.6810443 
Culex_inatomii_totivirus_F1570C24F1570         3.6719090 0.0000000 0.0023320 0.8944079 3.6685205 1.0153172 3.7269123 3.7152645 3.7537774 0.8669943 0.2621810 0.3809965 0.3481853 3.6642867 3.6915367 3.6915367 3.6850057 3.6777209 3.6642867 3.6576246 3.6719090 3.6448931 0.8972554 0.8906567 0.7873527 0.1130855 0.1146052 0.1148548 0.1053773 0.0347596 0.0263410 0.9002584 0.9014133 0.8948635 3.6464702 3.6880352 0.2326068 0.9181769 1.0210053 0.8603720 0.6622913 0.9935550 0.9131619 3.6849595 3.6658038 3.7172386 3.3606935 0.1939723 0.3242258 2.3756990 3.4011519 0.8929531 2.4136599 0.9091229 1.5115955 2.2037117 3.7099654 
Culex_inatomii_totivirus_F1570C24F1582         3.6815194 0.0023320 0.0000000 0.8988584 3.6780418 1.0186866 3.7366720 3.7249994 3.7636774 0.8673071 0.2620823 0.3823820 0.3505457 3.6738827 3.7012001 3.7012001 3.6946590 3.6873459 3.6738827 3.6673506 3.6815194 3.6544455 0.9017067 0.8950749 0.7908896 0.1157509 0.1172752 0.1175307 0.1080389 0.0362835 0.0281138 0.9047079 0.9058831 0.8993057 3.6561849 3.6976916 0.2326068 0.9185073 1.0243820 0.8615330 0.6622913 0.9968752 0.9134886 3.6946137 3.6753863 3.7270026 3.3647412 0.1959900 0.3254139 2.3791121 3.4051213 0.8957116 2.4190728 0.9094618 1.5094818 2.2073858 3.7125536 
OP019870_Hattula_totivirus_1                   4.2764110 0.8944079 0.8988584 0.0000000 4.0566617 0.4403002 4.2439759 4.2198119 4.2614757 0.5036273 0.6831727 0.8724883 0.7912419 4.3050515 4.3107907 4.3107907 4.3184718 4.2861080 4.3050515 4.2839001 4.2764110 4.0740842 0.0176269 0.0334122 0.0253279 0.8831845 0.8886205 0.8885474 0.8927005 0.7421089 0.6626545 0.0200636 0.0224716 0.0921429 4.1512758 4.1869289 0.4586279 0.5208878 0.4438607 0.4018498 0.3672555 0.4359170 0.5271919 4.1984056 4.2910100 4.2530265 3.9027074 0.8283929 0.9574821 2.6702564 3.4841511 0.0965850 2.4617930 0.5248863 1.6373331 2.3079172 3.7351764 
MN661076_Embera_virus                          1.1170295 3.6685205 3.6780418 4.0566617 0.0000000 4.1592092 1.1107593 1.1077922 1.1493652 3.4109503 4.1175131 3.9100940 3.4927973 1.0918077 1.0993259 1.0993259 1.0967836 1.0929783 1.0918077 1.1181924 1.1170295 0.8038418 4.0503672 4.0173787 2.6268371 3.6678228 3.6608319 3.6747031 3.6226043 3.0436584 2.7231670 4.0344026 3.9929664 3.9003254 1.1352353 1.1168631 1.3535019 3.6505753 4.1811153 2.6719744 1.9614588 4.1900365 3.5257314 1.1034518 1.1162723 1.1127629 1.1708656 3.1663255 3.6106064 0.9616926 0.9126274 3.1270887 3.2684661 3.4448011 3.7771269 3.7328173 3.6479009 
MN661079_Pisingos_virus                        4.1341714 1.0153172 1.0186866 0.4403002 4.1592092 0.0000000 4.2152829 4.1911032 4.2358155 0.5055592 0.7259272 0.9716088 0.8903868 4.1344600 4.1571030 4.1571030 4.1646621 4.1300473 4.1344600 4.1219348 4.1341714 4.0202378 0.4406437 0.4484669 0.4257925 1.0008206 1.0050005 1.0033802 1.0225307 0.8323553 0.7177404 0.4423558 0.4362386 0.4388327 4.1311685 4.1576769 0.4527623 0.5401697 0.1253296 0.1003159 0.1166248 0.0562328 0.5384091 4.1632708 4.1469858 4.1396672 3.6641451 0.9002010 1.0781609 2.6440890 3.5758777 0.4426187 2.5206972 0.5204125 1.6913374 2.2778575 3.5625735 
MN053722_Aedes_aegypti_totivirus               0.0418469 3.7269123 3.7366720 4.2439759 1.1107593 4.2152829 0.0000000 0.0011802 0.0132694 3.5058192 3.9989030 4.0546218 3.5933912 0.0404020 0.0429916 0.0429916 0.0430802 0.0416176 0.0404020 0.0436121 0.0418469 1.0339312 4.2712930 4.2092614 2.5817136 3.6697359 3.6607593 3.6872585 3.6221955 3.0495991 2.6774272 4.1957768 4.2207168 4.0244405 0.0072966 0.0059582 1.2928862 3.6340177 4.2222878 2.6683758 1.8496799 4.2262905 3.5224131 0.0047324 0.0394125 0.0417206 0.0630339 3.1973930 3.7569546 0.1280955 1.1025467 3.2457845 3.3224635 3.4148652 3.7152486 3.8200558 3.6703762 
MN053726_Aedes_aegypti_totivirus               0.0405166 3.7152645 3.7249994 4.2198119 1.1077922 4.1911032 0.0011802 0.0000000 0.0120334 3.4851098 3.9989030 4.0418058 3.5813015 0.0403907 0.0429795 0.0429795 0.0430681 0.0416059 0.0403907 0.0435997 0.0405166 1.0389106 4.2469792 4.1853430 2.5817136 3.6581657 3.6492150 3.6756375 3.6108370 3.0385962 2.6774272 4.1719275 4.1966773 4.0019402 0.0060653 0.0047548 1.2928862 3.6129374 4.1981263 2.6479232 1.8496799 4.2020720 3.5021119 0.0035405 0.0389974 0.0417493 0.0630080 3.1866414 3.7452283 0.1280955 1.1085217 3.2234709 3.3066226 3.3944860 3.7030953 3.7985920 3.6612591 
MN053725_Aedes_aegypti_totivirus               0.0513272 3.7537774 3.7636774 4.2614757 1.1493652 4.2358155 0.0132694 0.0120334 0.0000000 3.5194309 4.1465702 4.0871709 3.6201037 0.0511665 0.0513036 0.0513036 0.0539515 0.0498754 0.0511665 0.0435501 0.0513272 1.0762411 4.2888794 4.2263017 2.5688513 3.7015155 3.6923958 3.7193182 3.6530157 3.0692089 2.7232559 4.2126585 4.2379374 4.0390447 0.0060579 0.0121105 1.2928862 3.6487674 4.2433446 2.6476113 1.8496799 4.2474289 3.5355027 0.0132356 0.0496958 0.0552296 0.0655147 3.2167286 3.7632701 0.1254206 1.1086935 3.2117890 3.3435842 3.4272220 3.6985271 3.8513363 3.7267239 
MN784057_Australian_Anopheles_totivirus        3.4399849 0.8669943 0.8673071 0.5036273 3.4109503 0.5055592 3.5058192 3.4851098 3.5194309 0.0000000 0.7748206 0.9002999 0.8691375 3.4057846 3.4096371 3.4096371 3.4164597 3.4030475 3.4057846 3.3761992 3.4399849 3.4211500 0.5082468 0.5077044 0.4759433 0.8648373 0.8691557 0.8690189 0.8727903 0.7570933 0.6789966 0.5080651 0.5029158 0.4956687 3.4249055 3.4689513 0.4158696 0.0321668 0.5262660 0.4793718 0.4593537 0.5117419 0.0184388 3.4608698 3.4972631 3.4928361 2.8223122 0.8804379 0.9610587 2.6025339 3.1689154 0.5073050 2.1817645 0.0080198 1.5844582 2.1705716 3.4674273 
MH188048_Totivirus-like_Culex_mosquito_virus_1 3.9685678 0.2621810 0.2620823 0.6831727 4.1175131 0.7259272 3.9989030 3.9989030 4.1465702 0.7748206 0.0000000 0.0000010 0.0415558 3.9741738 4.0061791 4.0061791 3.9904171 4.0061791 3.9741738 3.9604068 3.9685678 4.1519172 0.6757250 0.6797626 0.8780053 0.2533465 0.2533465 0.2579130 0.2583660 0.2504241 0.2621844 0.6864067 0.6880879 0.6885236 3.9217546 4.0146662 0.1020206 0.8110637 0.7369786 0.8992843 0.6330132 0.7234735 0.8125421 3.9907353 3.9850156 4.0327920 1.9283271 0.2562401 0.2815297 3.1807848 3.1249309 0.8612469 2.1595952 0.7860495 1.4596186 1.9003125 3.7915664 
MW434958_Totivirus-like_Culex_mosquito_virus_1 3.9837889 0.3809965 0.3823820 0.8724883 3.9100940 0.9716088 4.0546218 4.0418058 4.0871709 0.9002999 0.0000010 0.0000000 0.0572090 3.9616382 3.9924379 3.9924379 3.9854227 3.9770153 3.9616382 3.9597440 3.9837889 3.8344242 0.8797966 0.8788865 0.7728333 0.3734015 0.3778465 0.3792605 0.3848535 0.3143509 0.3041586 0.8728757 0.8754033 0.8708115 3.9544714 3.9969188 0.2044725 0.9623471 0.9915086 0.8279586 0.5953211 0.9871889 0.9566987 4.0078997 3.9369254 3.9751913 3.5681698 0.3659171 0.4174984 2.3977906 3.3139195 0.8471025 2.4772515 0.9327311 1.5415643 2.2159832 3.4965550 
OM817549_Totivirus-like_Culex_mosquito_virus_1 3.5342263 0.3481853 0.3505457 0.7912419 3.4927973 0.8903868 3.5933912 3.5813015 3.6201037 0.8691375 0.0415558 0.0572090 0.0000000 3.4976308 3.5153282 3.5153282 3.5085548 3.5123209 3.4976308 3.4881387 3.5342263 3.4296919 0.7993687 0.7956959 0.7578890 0.3518512 0.3544755 0.3555094 0.3624377 0.2911486 0.2904853 0.7909535 0.7922147 0.7926494 3.5125429 3.5597118 0.2072655 0.9290889 0.8933172 0.8306060 0.6059354 0.9072253 0.9177303 3.5500963 3.4877666 3.5246956 3.0195269 0.3649127 0.3835481 2.3551035 3.0457895 0.8351703 2.2574108 0.8987717 1.4618613 1.9837148 3.5226570 
MN053731_Aedes_aegypti_totivirus               0.0179073 3.6642867 3.6738827 4.3050515 1.0918077 4.1344600 0.0404020 0.0403907 0.0511665 3.4057846 3.9741738 3.9616382 3.4976308 0.0000000 0.0071133 0.0071133 0.0059256 0.0094866 0.0000010 0.0047988 0.0179073 1.0268341 4.3327247 4.2609741 2.5915403 3.6452725 3.6405112 3.6646555 3.5825697 2.9689061 2.6475806 4.2560961 4.2550438 4.0702253 0.0412861 0.0392082 1.3012897 3.5242545 4.2057521 2.6217021 1.8365738 4.2007161 3.4173506 0.0390956 0.0276985 0.0279052 0.0325750 3.1376214 3.7463625 0.1123320 1.1121461 3.2137038 3.3385785 3.3237750 3.7540961 3.8428156 3.6561676 
MN053723_Aedes_aegypti_totivirus               0.0216117 3.6915367 3.7012001 4.3107907 1.0993259 4.1571030 0.0429916 0.0429795 0.0513036 3.4096371 4.0061791 3.9924379 3.5153282 0.0071133 0.0000000 0.0000010 0.0023583 0.0083203 0.0071133 0.0084408 0.0216117 1.0220439 4.3385575 4.2665513 2.5743465 3.6662874 3.6615026 3.6857866 3.6030892 2.9847004 2.6584801 4.2616604 4.2791229 4.0550854 0.0426739 0.0393115 1.3012897 3.5282569 4.2274996 2.6234781 1.8365738 4.2231606 3.4211265 0.0416755 0.0314886 0.0317254 0.0383504 3.1537864 3.7543291 0.1148816 1.1155632 3.2047340 3.3328989 3.3275110 3.7533296 3.8476853 3.6779254 
MN053724_Aedes_aegypti_totivirus               0.0216117 3.6915367 3.7012001 4.3107907 1.0993259 4.1571030 0.0429916 0.0429795 0.0513036 3.4096371 4.0061791 3.9924379 3.5153282 0.0071133 0.0000010 0.0000000 0.0023583 0.0083203 0.0071133 0.0084408 0.0216117 1.0220439 4.3385575 4.2665513 2.5743465 3.6662874 3.6615026 3.6857866 3.6030892 2.9847004 2.6584801 4.2616604 4.2791229 4.0550854 0.0426739 0.0393115 1.3012897 3.5282569 4.2274996 2.6234781 1.8365738 4.2231606 3.4211265 0.0416755 0.0314886 0.0317254 0.0383504 3.1537864 3.7543291 0.1148816 1.1155632 3.2047340 3.3328989 3.3275110 3.7533296 3.8476853 3.6779254 
MN053733_Aedes_aegypti_totivirus               0.0191668 3.6850057 3.6946590 4.3184718 1.0967836 4.1646621 0.0430802 0.0430681 0.0539515 3.4164597 3.9904171 3.9854227 3.5085548 0.0059256 0.0023583 0.0023583 0.0000000 0.0083073 0.0059256 0.0084393 0.0191668 1.0195813 4.3462602 4.2741761 2.5743465 3.6597220 3.6549419 3.6791956 3.5966449 2.9783592 2.6516556 4.2692854 4.2867764 4.0623756 0.0440274 0.0418820 1.3012897 3.5351165 4.2351359 2.6229545 1.8365738 4.2307946 3.4277920 0.0417613 0.0290015 0.0292192 0.0364121 3.1475989 3.7611798 0.1148816 1.1154367 3.2042816 3.3294991 3.3342831 3.7524038 3.8547817 3.6812871 
MN053730_Aedes_aegypti_totivirus               0.0215574 3.6777209 3.6873459 4.2861080 1.0929783 4.1300473 0.0416176 0.0416059 0.0498754 3.4030475 4.0061791 3.9770153 3.5123209 0.0094866 0.0083203 0.0083203 0.0083073 0.0000000 0.0094866 0.0108550 0.0215574 1.0156090 4.3137240 4.2421745 2.5710585 3.6587819 3.6540069 3.6782341 3.5957780 2.9822668 2.6493506 4.2372961 4.2546199 4.0322880 0.0412714 0.0379501 1.2902240 3.5224149 4.1995123 2.6162644 1.8377974 4.1951939 3.4154631 0.0403090 0.0326435 0.0303212 0.0361992 3.1512899 3.7466572 0.1228029 1.1142403 3.2072028 3.3487420 3.3231144 3.7643875 3.8597573 3.6791467 
MN053729_Aedes_aegypti_totivirus               0.0179073 3.6642867 3.6738827 4.3050515 1.0918077 4.1344600 0.0404020 0.0403907 0.0511665 3.4057846 3.9741738 3.9616382 3.4976308 0.0000010 0.0071133 0.0071133 0.0059256 0.0094866 0.0000000 0.0047988 0.0179073 1.0268341 4.3327247 4.2609741 2.5915403 3.6452725 3.6405112 3.6646555 3.5825697 2.9689061 2.6475806 4.2560961 4.2550438 4.0702253 0.0412861 0.0392082 1.3012897 3.5242545 4.2057521 2.6217021 1.8365738 4.2007161 3.4173506 0.0390956 0.0276985 0.0279052 0.0325750 3.1376214 3.7463625 0.1123320 1.1121461 3.2137038 3.3385785 3.3237750 3.7540961 3.8428156 3.6561676 
MN053727_Aedes_aegypti_totivirus               0.0206481 3.6576246 3.6673506 4.2839001 1.1181924 4.1219348 0.0436121 0.0435997 0.0435501 3.3761992 3.9604068 3.9597440 3.4881387 0.0047988 0.0084408 0.0084408 0.0084393 0.0108550 0.0047988 0.0000000 0.0206481 1.0439275 4.3039409 4.2393491 2.5986903 3.6425927 3.6377629 3.6622534 3.5790242 2.9520040 2.6219047 4.2344000 4.2519643 4.0408303 0.0424721 0.0411467 1.2998712 3.4964271 4.1981913 2.6145476 1.8349261 4.1776638 3.3817313 0.0422758 0.0306346 0.0308672 0.0272527 3.1295103 3.7356449 0.1172291 1.1189170 3.2191388 3.3311274 3.2860116 3.6688670 3.8189798 3.6826540 
MW434941_Aedes_aegypti_totivirus               0.0000010 3.6719090 3.6815194 4.2764110 1.1170295 4.1341714 0.0418469 0.0405166 0.0513272 3.4399849 3.9685678 3.9837889 3.5342263 0.0179073 0.0216117 0.0216117 0.0191668 0.0215574 0.0179073 0.0206481 0.0000000 1.0361759 4.3038864 4.2327241 2.5900538 3.6529417 3.6481737 3.6723596 3.5900835 2.9895042 2.6745147 4.2278646 4.2450848 4.0240094 0.0414176 0.0393308 1.2940812 3.5589538 4.2242652 2.6360197 1.8129588 4.2189102 3.4507902 0.0392174 0.0302307 0.0328284 0.0437863 3.1438443 3.7246439 0.1175011 1.1262819 3.1840939 3.3151747 3.3575131 3.7352554 3.8097646 3.6810443 
MW520394_Drama_totivirus                       1.0361759 3.6448931 3.6544455 4.0740842 0.8038418 4.0202378 1.0339312 1.0389106 1.0762411 3.4211500 4.1519172 3.8344242 3.4296919 1.0268341 1.0220439 1.0220439 1.0195813 1.0156090 1.0268341 1.0439275 1.0361759 0.0000000 4.0088854 4.0256038 2.7630283 3.5446530 3.5378999 3.5498335 3.5578902 3.0540594 2.8715213 4.0414210 4.0213857 3.9983112 1.0494441 1.0321984 1.3441662 3.6609824 4.0631495 2.7292403 1.9688116 4.1100927 3.5534195 1.0364635 1.0456699 1.0361299 1.0474060 3.2005989 3.6371841 0.8568714 0.5945661 3.2231700 3.2922977 3.5464886 3.5781908 3.8237940 3.5444095 
OP019868_Hattula_totivirus_1                   4.3038864 0.8972554 0.9017067 0.0176269 4.0503672 0.4406437 4.2712930 4.2469792 4.2888794 0.5082468 0.6757250 0.8797966 0.7993687 4.3327247 4.3385575 4.3385575 4.3462602 4.3137240 4.3327247 4.3039409 4.3038864 4.0088854 0.0000000 0.0347071 0.0297009 0.8937519 0.8992279 0.8991562 0.9023187 0.7470220 0.6730447 0.0261605 0.0261599 0.0986336 4.1707694 4.2139375 0.4606868 0.5254415 0.4434989 0.4058838 0.3731826 0.4382855 0.5261189 4.2254566 4.3185641 4.2819642 3.9262516 0.8264445 0.9604729 2.7202125 3.4766359 0.0952138 2.4499391 0.5237759 1.6261948 2.2942524 3.7101427 
OP019901_Hattula_totivirus_1                   4.2327241 0.8906567 0.8950749 0.0334122 4.0173787 0.4484669 4.2092614 4.1853430 4.2263017 0.5077044 0.6797626 0.8788865 0.7956959 4.2609741 4.2665513 4.2665513 4.2741761 4.2421745 4.2609741 4.2393491 4.2327241 4.0256038 0.0347071 0.0000000 0.0041481 0.8953556 0.9008172 0.9018962 0.9023985 0.7409361 0.6656812 0.0309899 0.0298242 0.0965936 4.1168573 4.1527376 0.4738319 0.5266796 0.4449810 0.4139941 0.3830768 0.4425336 0.5335181 4.1641331 4.2474123 4.2129683 3.8424700 0.8183364 0.9474548 2.6601235 3.4393791 0.1003424 2.4631619 0.5291889 1.6414668 2.3588019 3.6737278 
OP020071_Hattula_totivirus_1                   2.5900538 0.7873527 0.7908896 0.0253279 2.6268371 0.4257925 2.5817136 2.5817136 2.5688513 0.4759433 0.8780053 0.7728333 0.7578890 2.5915403 2.5743465 2.5743465 2.5743465 2.5710585 2.5915403 2.5986903 2.5900538 2.7630283 0.0297009 0.0041481 0.0000000 0.7719993 0.7719993 0.7740335 0.7731009 0.7842890 0.7710279 0.0275255 0.0232581 0.0829751 2.5681561 2.5775153 0.4738319 0.4714804 0.4377289 0.4205252 0.3668094 0.4217507 0.4851365 2.5740352 2.5696424 2.5510395 2.0882800 0.8027765 0.8646552 2.3428360 2.5841989 0.0751047 1.7339254 0.4983766 1.2977559 1.7376670 2.7730398 
MW699041_Culex_inatomii_totivirus              3.6529417 0.1130855 0.1157509 0.8831845 3.6678228 1.0008206 3.6697359 3.6581657 3.7015155 0.8648373 0.2533465 0.3734015 0.3518512 3.6452725 3.6662874 3.6662874 3.6597220 3.6587819 3.6452725 3.6425927 3.6529417 3.5446530 0.8937519 0.8953556 0.7719993 0.0000000 0.0023599 0.0071147 0.0193409 0.1108430 0.0832183 0.8876562 0.8889228 0.8867105 3.5933501 3.6312392 0.2418736 0.9189026 1.0351229 0.8422477 0.6141422 0.9899718 0.9138360 3.6281591 3.6489544 3.7118308 3.3458126 0.2009762 0.3160563 2.3504617 3.3399962 0.8822995 2.4553329 0.8916449 1.4998801 2.2573021 3.7214205 
MW699042_Culex_inatomii_totivirus              3.6481737 0.1146052 0.1172752 0.8886205 3.6608319 1.0050005 3.6607593 3.6492150 3.6923958 0.8691557 0.2533465 0.3778465 0.3544755 3.6405112 3.6615026 3.6615026 3.6549419 3.6540069 3.6405112 3.6377629 3.6481737 3.5378999 0.8992279 0.9008172 0.7719993 0.0023599 0.0000000 0.0047291 0.0168736 0.1126621 0.0832183 0.8930872 0.8943742 0.8921483 3.5844297 3.6223676 0.2418736 0.9200329 1.0411621 0.8481251 0.6141422 0.9940954 0.9181683 3.6192905 3.6442033 3.7069788 3.3394977 0.2030365 0.3201983 2.3504617 3.3327903 0.8874650 2.4642682 0.8961131 1.5056967 2.2591169 3.7205730 
MW520387_Culex_modestus_totivirus              3.6723596 0.1148548 0.1175307 0.8885474 3.6747031 1.0033802 3.6872585 3.6756375 3.7193182 0.8690189 0.2579130 0.3792605 0.3555094 3.6646555 3.6857866 3.6857866 3.6791956 3.6782341 3.6646555 3.6622534 3.6723596 3.5498335 0.8991562 0.9018962 0.7740335 0.0071147 0.0047291 0.0000000 0.0193253 0.1129048 0.0833545 0.8930150 0.8943019 0.8932199 3.6107616 3.6485558 0.2418736 0.9199127 1.0414542 0.8516797 0.6166598 0.9925067 0.9180482 3.6454699 3.6682996 3.7316500 3.3632243 0.2032767 0.3202884 2.3591408 3.3600334 0.8848260 2.4779827 0.8959816 1.5065404 2.2476210 3.7218815 
LC514398_Culex_inatomii_totivirus              3.5900835 0.1053773 0.1080389 0.8927005 3.6226043 1.0225307 3.6221955 3.6108370 3.6530157 0.8727903 0.2583660 0.3848535 0.3624377 3.5825697 3.6030892 3.6030892 3.5966449 3.5957780 3.5825697 3.5790242 3.5900835 3.5578902 0.9023187 0.9023985 0.7731009 0.0193409 0.0168736 0.0193253 0.0000000 0.1065595 0.0756582 0.8945969 0.8958927 0.8975586 3.5466106 3.5845002 0.2386199 0.9239297 1.0541663 0.8663389 0.6364900 1.0130565 0.9220420 3.5814560 3.5863498 3.6473455 3.2840080 0.2033100 0.3165683 2.3361283 3.2865848 0.8873195 2.4318620 0.9036553 1.4977958 2.2934712 3.7623301 
OL700195_XiangYun_toti-like_virus_6            2.9895042 0.0347596 0.0362835 0.7421089 3.0436584 0.8323553 3.0495991 3.0385962 3.0692089 0.7570933 0.2504241 0.3143509 0.2911486 2.9689061 2.9847004 2.9847004 2.9783592 2.9822668 2.9689061 2.9520040 2.9895042 3.0540594 0.7470220 0.7409361 0.7842890 0.1108430 0.1126621 0.1129048 0.1065595 0.0000000 0.0333473 0.7486268 0.7463086 0.7323125 2.9717415 3.0198963 0.2156958 0.8113392 0.8306266 0.8638107 0.6468651 0.8175819 0.8000748 3.0111077 2.9894354 3.0217837 2.3782724 0.1567720 0.2703717 2.3908241 2.7489043 0.8250143 2.0663726 0.7847960 1.2616843 1.8719611 3.6556576 
OP264907_Culex_modestus_totivirus              2.6745147 0.0263410 0.0281138 0.6626545 2.7231670 0.7177404 2.6774272 2.6774272 2.7232559 0.6789966 0.2621844 0.3041586 0.2904853 2.6475806 2.6584801 2.6584801 2.6516556 2.6493506 2.6475806 2.6219047 2.6745147 2.8715213 0.6730447 0.6656812 0.7710279 0.0832183 0.0832183 0.0833545 0.0756582 0.0333473 0.0000000 0.6672073 0.6727115 0.6639596 2.6229168 2.6842978 0.2302779 0.7314122 0.7065067 0.7984778 0.6434422 0.7083676 0.7271671 2.6742903 2.6699586 2.6567100 1.7352896 0.1459145 0.2392231 2.3154533 2.3721216 0.7587036 1.8583251 0.7110118 1.1643523 1.6254562 3.2421200 
OP019869_Hattula_totivirus_1                   4.2278646 0.9002584 0.9047079 0.0200636 4.0344026 0.4423558 4.1957768 4.1719275 4.2126585 0.5080651 0.6864067 0.8728757 0.7909535 4.2560961 4.2616604 4.2616604 4.2692854 4.2372961 4.2560961 4.2344000 4.2278646 4.0414210 0.0261605 0.0309899 0.0275255 0.8876562 0.8930872 0.8930150 0.8945969 0.7486268 0.6672073 0.0000000 0.0152796 0.0904808 4.1033843 4.1393938 0.4523915 0.5246623 0.4464051 0.4062243 0.3658969 0.4405748 0.5319083 4.1507703 4.2422940 4.2061627 3.8516186 0.8197619 0.9515791 2.6916404 3.4512786 0.0951699 2.4596947 0.5309313 1.6364449 2.3125220 3.7357758 
OP019871_Hattula_totivirus_1                   4.2450848 0.9014133 0.9058831 0.0224716 3.9929664 0.4362386 4.2207168 4.1966773 4.2379374 0.5029158 0.6880879 0.8754033 0.7922147 4.2550438 4.2791229 4.2791229 4.2867764 4.2546199 4.2550438 4.2519643 4.2450848 4.0213857 0.0261599 0.0298242 0.0232581 0.8889228 0.8943742 0.8943019 0.8958927 0.7463086 0.6727115 0.0152796 0.0000000 0.0888659 4.1280598 4.1639263 0.4766083 0.5234796 0.4399235 0.4026498 0.3722148 0.4329620 0.5294222 4.1753675 4.2595894 4.2233047 3.8745033 0.8260449 0.9536391 2.7070817 3.4744502 0.0914462 2.4588062 0.5280743 1.6287478 2.2762012 3.7181925 
OP020070_Hattula_totivirus_1                   4.0240094 0.8948635 0.8993057 0.0921429 3.9003254 0.4388327 4.0244405 4.0019402 4.0390447 0.4956687 0.6885236 0.8708115 0.7926494 4.0702253 4.0550854 4.0550854 4.0623756 4.0322880 4.0702253 4.0408303 4.0240094 3.9983112 0.0986336 0.0965936 0.0829751 0.8867105 0.8921483 0.8932199 0.8975586 0.7323125 0.6639596 0.0904808 0.0888659 0.0000000 3.9479519 3.9709755 0.4169644 0.5180280 0.4536673 0.3906802 0.3661176 0.4355100 0.5232098 3.9818688 4.0390703 4.0046707 3.6868883 0.8096324 0.9754884 2.6716155 3.3811114 0.1072757 2.4147589 0.5093660 1.6098744 2.3236365 3.6640204 
MN053728_Aedes_aegypti_totivirus               0.0414176 3.6464702 3.6561849 4.1512758 1.1352353 4.1311685 0.0072966 0.0060653 0.0060579 3.4249055 3.9217546 3.9544714 3.5125429 0.0412861 0.0426739 0.0426739 0.0440274 0.0412714 0.0412861 0.0424721 0.0414176 1.0494441 4.1707694 4.1168573 2.5681561 3.5933501 3.5844297 3.6107616 3.5466106 2.9717415 2.6229168 4.1033843 4.1280598 3.9479519 0.0000000 0.0024035 1.2809889 3.5542060 4.1412146 2.6226168 1.8376808 4.1427375 3.4364461 0.0048432 0.0386675 0.0467560 0.0564609 3.1275755 3.6742831 0.1260084 1.1115855 3.1976285 3.2946173 3.3263135 3.5818179 3.7892667 3.6645277 
MN053734_Aedes_aegypti_totivirus               0.0393308 3.6880352 3.6976916 4.1869289 1.1168631 4.1576769 0.0059582 0.0047548 0.0121105 3.4689513 4.0146662 3.9969188 3.5597118 0.0392082 0.0393115 0.0393115 0.0418820 0.0379501 0.0392082 0.0411467 0.0393308 1.0321984 4.2139375 4.1527376 2.5775153 3.6312392 3.6223676 3.6485558 3.5845002 3.0198963 2.6842978 4.1393938 4.1639263 3.9709755 0.0024035 0.0000000 1.2928862 3.5965915 4.1652122 2.6316907 1.8496799 4.1690891 3.4862833 0.0035599 0.0391984 0.0445447 0.0615571 3.1681050 3.7073915 0.1254206 1.1078585 3.2062880 3.2962442 3.3785175 3.6658712 3.7887999 3.6384999 
OM743943_Green_Valley_Lake_virus               1.2940812 0.2326068 0.2326068 0.4586279 1.3535019 0.4527623 1.2928862 1.2928862 1.2928862 0.4158696 0.1020206 0.2044725 0.2072655 1.3012897 1.3012897 1.3012897 1.3012897 1.2902240 1.3012897 1.2998712 1.2940812 1.3441662 0.4606868 0.4738319 0.4738319 0.2418736 0.2418736 0.2418736 0.2386199 0.2156958 0.2302779 0.4523915 0.4766083 0.4169644 1.2809889 1.2928862 0.0000000 0.4668474 0.4536832 0.4403753 0.5031613 0.4647696 0.4773046 1.2895139 1.2831638 1.2914741 1.3541097 0.2311956 0.2373847 1.3020380 1.2447634 0.4317081 1.2271224 0.4685638 0.6561482 1.0099468 1.7071336 
MF073201_Australian_Anopheles_totivirus        3.5589538 0.9181769 0.9185073 0.5208878 3.6505753 0.5401697 3.6340177 3.6129374 3.6487674 0.0321668 0.8110637 0.9623471 0.9290889 3.5242545 3.5282569 3.5282569 3.5351165 3.5224149 3.5242545 3.4964271 3.5589538 3.6609824 0.5254415 0.5266796 0.4714804 0.9189026 0.9200329 0.9199127 0.9239297 0.8113392 0.7314122 0.5246623 0.5234796 0.5180280 3.5542060 3.5965915 0.4668474 0.0000000 0.5508533 0.4890274 0.5170107 0.5476554 0.0294348 3.5884152 3.6113777 3.6127772 2.9678058 0.9440818 1.0133184 2.7302284 3.3443874 0.5208530 2.3021072 0.0357638 1.6704918 2.3058678 3.5655211 
MN661078_Pisingos_virus                        4.2242652 1.0210053 1.0243820 0.4438607 4.1811153 0.1253296 4.2222878 4.1981263 4.2433446 0.5262660 0.7369786 0.9915086 0.8933172 4.2057521 4.2274996 4.2274996 4.2351359 4.1995123 4.2057521 4.1981913 4.2242652 4.0631495 0.4434989 0.4449810 0.4377289 1.0351229 1.0411621 1.0414542 1.0541663 0.8306266 0.7065067 0.4464051 0.4399235 0.4536673 4.1412146 4.1652122 0.4536832 0.5508533 0.0000000 0.0571420 0.1034678 0.1243478 0.5487192 4.1708002 4.1815578 4.2033374 3.6758712 0.9154296 1.0563320 2.6036838 3.6098387 0.4495147 2.5010781 0.5381685 1.6725464 2.3159501 3.6186611 
MN661080_Pisingos_virus                        2.6360197 0.8603720 0.8615330 0.4018498 2.6719744 0.1003159 2.6683758 2.6479232 2.6476113 0.4793718 0.8992843 0.8279586 0.8306060 2.6217021 2.6234781 2.6234781 2.6229545 2.6162644 2.6217021 2.6145476 2.6360197 2.7292403 0.4058838 0.4139941 0.4205252 0.8422477 0.8481251 0.8516797 0.8663389 0.8638107 0.7984778 0.4062243 0.4026498 0.3906802 2.6226168 2.6316907 0.4403753 0.4890274 0.0571420 0.0000000 0.0806456 0.0958532 0.4872078 2.6229704 2.6339503 2.6162013 2.1635583 0.8331178 0.8943548 2.1497140 2.6090184 0.3944456 1.8131653 0.4876933 1.3335476 1.7005428 2.9781259 
MF344587_Murici_virus                          1.8129588 0.6622913 0.6622913 0.3672555 1.9614588 0.1166248 1.8496799 1.8496799 1.8496799 0.4593537 0.6330132 0.5953211 0.6059354 1.8365738 1.8365738 1.8365738 1.8365738 1.8377974 1.8365738 1.8349261 1.8129588 1.9688116 0.3731826 0.3830768 0.3668094 0.6141422 0.6141422 0.6166598 0.6364900 0.6468651 0.6434422 0.3658969 0.3722148 0.3661176 1.8376808 1.8496799 0.5031613 0.5170107 0.1034678 0.0806456 0.0000000 0.1203365 0.5193900 1.8378075 1.8354437 1.8390846 1.4732112 0.6095946 0.6185255 1.7521166 1.9663514 0.3502452 1.4590997 0.4714149 1.0286968 1.3744149 2.3136669 
MN661081_Pisingos_virus                        4.2189102 0.9935550 0.9968752 0.4359170 4.1900365 0.0562328 4.2262905 4.2020720 4.2474289 0.5117419 0.7234735 0.9871889 0.9072253 4.2007161 4.2231606 4.2231606 4.2307946 4.1951939 4.2007161 4.1776638 4.2189102 4.1100927 0.4382855 0.4425336 0.4217507 0.9899718 0.9940954 0.9925067 1.0130565 0.8175819 0.7083676 0.4405748 0.4329620 0.4355100 4.1427375 4.1690891 0.4647696 0.5476554 0.1243478 0.0958532 0.1203365 0.0000000 0.5459902 4.1746883 4.2185249 4.1871417 3.7429352 0.8805540 1.0683394 2.6196557 3.6194372 0.4431733 2.4983586 0.5222994 1.6887920 2.3046312 3.5872551 
NC_035674_Australian_Anopheles_totivirus       3.4507902 0.9131619 0.9134886 0.5271919 3.5257314 0.5384091 3.5224131 3.5021119 3.5355027 0.0184388 0.8125421 0.9566987 0.9177303 3.4173506 3.4211265 3.4211265 3.4277920 3.4154631 3.4173506 3.3817313 3.4507902 3.5534195 0.5261189 0.5335181 0.4851365 0.9138360 0.9181683 0.9180482 0.9220420 0.8000748 0.7271671 0.5319083 0.5294222 0.5232098 3.4364461 3.4862833 0.4773046 0.0294348 0.5487192 0.4872078 0.5193900 0.5459902 0.0000000 3.4783667 3.5067703 3.5024666 2.8503004 0.9362926 1.0180201 2.6550374 3.3188308 0.5202823 2.2564549 0.0189733 1.6427561 2.2537167 3.4648942 
MN053732_Aedes_aegypti_totivirus               0.0392174 3.6849595 3.6946137 4.1984056 1.1034518 4.1632708 0.0047324 0.0035405 0.0132356 3.4608698 3.9907353 4.0078997 3.5500963 0.0390956 0.0416755 0.0416755 0.0417613 0.0403090 0.0390956 0.0422758 0.0392174 1.0364635 4.2254566 4.1641331 2.5740352 3.6281591 3.6192905 3.6454699 3.5814560 3.0111077 2.6742903 4.1507703 4.1753675 3.9818688 0.0048432 0.0035599 1.2895139 3.5884152 4.1708002 2.6229704 1.8378075 4.1746883 3.4783667 0.0000000 0.0377100 0.0430069 0.0631608 3.1595262 3.7146695 0.1278833 1.1044244 3.2029336 3.3137921 3.3705267 3.7011655 3.8010976 3.6375479 
LC496074_Aedes_aegypti_totivirus               0.0302307 3.6658038 3.6753863 4.2910100 1.1162723 4.1469858 0.0394125 0.0389974 0.0496958 3.4972631 3.9850156 3.9369254 3.4877666 0.0276985 0.0314886 0.0314886 0.0290015 0.0326435 0.0276985 0.0306346 0.0302307 1.0456699 4.3185641 4.2474123 2.5696424 3.6489544 3.6442033 3.6682996 3.5863498 2.9894354 2.6699586 4.2422940 4.2595894 4.0390703 0.0386675 0.0391984 1.2831638 3.6113777 4.1815578 2.6339503 1.8354437 4.2185249 3.5067703 0.0377100 0.0000000 0.0241235 0.0531868 3.1543925 3.7355587 0.1198507 1.1145712 3.2082611 3.3442050 3.4136699 3.7104785 3.8687204 3.7045568 
Aedes_aegypti_totivirus_F1506C12C58C205F1506   0.0328284 3.7172386 3.7270026 4.2530265 1.1127629 4.1396672 0.0417206 0.0417493 0.0552296 3.4928361 4.0327920 3.9751913 3.5246956 0.0279052 0.0317254 0.0317254 0.0292192 0.0303212 0.0279052 0.0308672 0.0328284 1.0361299 4.2819642 4.2129683 2.5510395 3.7118308 3.7069788 3.7316500 3.6473455 3.0217837 2.6567100 4.2061627 4.2233047 4.0046707 0.0467560 0.0445447 1.2914741 3.6127772 4.2033374 2.6162013 1.8390846 4.1871417 3.5024666 0.0430069 0.0241235 0.0000000 0.0478184 3.1726719 3.7522550 0.1135002 1.1217729 3.1595826 3.3555111 3.4090991 3.7430449 3.8262735 3.7100699 
MT435499_Aedes_aegypti_totivirus_2             0.0437863 3.3606935 3.3647412 3.9027074 1.1708656 3.6641451 0.0630339 0.0630080 0.0655147 2.8223122 1.9283271 3.5681698 3.0195269 0.0325750 0.0383504 0.0383504 0.0364121 0.0361992 0.0325750 0.0272527 0.0437863 1.0474060 3.9262516 3.8424700 2.0882800 3.3458126 3.3394977 3.3632243 3.2840080 2.3782724 1.7352896 3.8516186 3.8745033 3.6868883 0.0564609 0.0615571 1.3541097 2.9678058 3.6758712 2.1635583 1.4732112 3.7429352 2.8503004 0.0631608 0.0531868 0.0478184 0.0000000 2.7146561 3.2978458 0.0225292 1.0686533 2.9137108 2.8500984 2.7829957 3.1625143 3.2841307 3.0647023 
MT498830_Fitzroy_Crossing_toti-like_virus_1    3.1438443 0.1939723 0.1959900 0.8283929 3.1663255 0.9002010 3.1973930 3.1866414 3.2167286 0.8804379 0.2562401 0.3659171 0.3649127 3.1376214 3.1537864 3.1537864 3.1475989 3.1512899 3.1376214 3.1295103 3.1438443 3.2005989 0.8264445 0.8183364 0.8027765 0.2009762 0.2030365 0.2032767 0.2033100 0.1567720 0.1459145 0.8197619 0.8260449 0.8096324 3.1275755 3.1681050 0.2311956 0.9440818 0.9154296 0.8331178 0.6095946 0.8805540 0.9362926 3.1595262 3.1543925 3.1726719 2.7146561 0.0000000 0.2907397 2.3700087 2.8729408 0.8757747 2.2268312 0.9102361 1.4245955 2.0390138 3.8095013 
MK440653_Lindangsbacken_virus                  3.7246439 0.3242258 0.3254139 0.9574821 3.6106064 1.0781609 3.7569546 3.7452283 3.7632701 0.9610587 0.2815297 0.4174984 0.3835481 3.7463625 3.7543291 3.7543291 3.7611798 3.7466572 3.7463625 3.7356449 3.7246439 3.6371841 0.9604729 0.9474548 0.8646552 0.3160563 0.3201983 0.3202884 0.3165683 0.2703717 0.2392231 0.9515791 0.9536391 0.9754884 3.6742831 3.7073915 0.2373847 1.0133184 1.0563320 0.8943548 0.6185255 1.0683394 1.0180201 3.7146695 3.7355587 3.7522550 3.2978458 0.2907397 0.0000000 2.3257052 3.1377794 0.9376103 2.4667656 0.9856300 1.5956897 2.3265483 3.6517253 
MZ556103_Lactea_totivirus                      0.1175011 2.3756990 2.3791121 2.6702564 0.9616926 2.6440890 0.1280955 0.1280955 0.1254206 2.6025339 3.1807848 2.3977906 2.3551035 0.1123320 0.1148816 0.1148816 0.1148816 0.1228029 0.1123320 0.1172291 0.1175011 0.8568714 2.7202125 2.6601235 2.3428360 2.3504617 2.3504617 2.3591408 2.3361283 2.3908241 2.3154533 2.6916404 2.7070817 2.6716155 0.1260084 0.1254206 1.3020380 2.7302284 2.6036838 2.1497140 1.7521166 2.6196557 2.6550374 0.1278833 0.1198507 0.1135002 0.0225292 2.3700087 2.3257052 0.0000000 0.7592948 2.3284872 2.1652044 2.6179918 2.4949967 2.3633181 2.9049271 
ON860472_Koversta_virus                        1.1262819 3.4011519 3.4051213 3.4841511 0.9126274 3.5758777 1.1025467 1.1085217 1.1086935 3.1689154 3.1249309 3.3139195 3.0457895 1.1121461 1.1155632 1.1155632 1.1154367 1.1142403 1.1121461 1.1189170 1.1262819 0.5945661 3.4766359 3.4393791 2.5841989 3.3399962 3.3327903 3.3600334 3.2865848 2.7489043 2.3721216 3.4512786 3.4744502 3.3811114 1.1115855 1.1078585 1.2447634 3.3443874 3.6098387 2.6090184 1.9663514 3.6194372 3.3188308 1.1044244 1.1145712 1.1217729 1.0686533 2.8729408 3.1377794 0.7592948 0.0000000 3.0684517 2.9640480 3.2824193 3.1831054 3.4890585 3.5027375 
OP020072_Hattula_totivirus_1                   3.1840939 0.8929531 0.8957116 0.0965850 3.1270887 0.4426187 3.2457845 3.2234709 3.2117890 0.5073050 0.8612469 0.8471025 0.8351703 3.2137038 3.2047340 3.2047340 3.2042816 3.2072028 3.2137038 3.2191388 3.1840939 3.2231700 0.0952138 0.1003424 0.0751047 0.8822995 0.8874650 0.8848260 0.8873195 0.8250143 0.7587036 0.0951699 0.0914462 0.1072757 3.1976285 3.2062880 0.4317081 0.5208530 0.4495147 0.3944456 0.3502452 0.4431733 0.5202823 3.2029336 3.2082611 3.1595826 2.9137108 0.8757747 0.9376103 2.3284872 3.0684517 0.0000000 2.1305346 0.5201200 1.5563524 2.0772590 3.3552395 
MZ209742_Hangzhou_totivirus_9                  3.3151747 2.4136599 2.4190728 2.4617930 3.2684661 2.5206972 3.3224635 3.3066226 3.3435842 2.1817645 2.1595952 2.4772515 2.2574108 3.3385785 3.3328989 3.3328989 3.3294991 3.3487420 3.3385785 3.3311274 3.3151747 3.2922977 2.4499391 2.4631619 1.7339254 2.4553329 2.4642682 2.4779827 2.4318620 2.0663726 1.8583251 2.4596947 2.4588062 2.4147589 3.2946173 3.2962442 1.2271224 2.3021072 2.5010781 1.8131653 1.4590997 2.4983586 2.2564549 3.3137921 3.3442050 3.3555111 2.8500984 2.2268312 2.4667656 2.1652044 2.9640480 2.1305346 0.0000000 2.2616806 2.2836645 1.1213918 3.9665500 
MN784056_Australian_Anopheles_totivirus        3.3575131 0.9091229 0.9094618 0.5248863 3.4448011 0.5204125 3.4148652 3.3944860 3.4272220 0.0080198 0.7860495 0.9327311 0.8987717 3.3237750 3.3275110 3.3275110 3.3342831 3.3231144 3.3237750 3.2860116 3.3575131 3.5464886 0.5237759 0.5291889 0.4983766 0.8916449 0.8961131 0.8959816 0.9036553 0.7847960 0.7110118 0.5309313 0.5280743 0.5093660 3.3263135 3.3785175 0.4685638 0.0357638 0.5381685 0.4876933 0.4714149 0.5222994 0.0189733 3.3705267 3.4136699 3.4090991 2.7829957 0.9102361 0.9856300 2.6179918 3.2824193 0.5201200 2.2616806 0.0000000 1.6648373 2.2347030 3.5630421 
MW251336_Zyryana_toti-like_virus               3.7352554 1.5115955 1.5094818 1.6373331 3.7771269 1.6913374 3.7152486 3.7030953 3.6985271 1.5844582 1.4596186 1.5415643 1.4618613 3.7540961 3.7533296 3.7533296 3.7524038 3.7643875 3.7540961 3.6688670 3.7352554 3.5781908 1.6261948 1.6414668 1.2977559 1.4998801 1.5056967 1.5065404 1.4977958 1.2616843 1.1643523 1.6364449 1.6287478 1.6098744 3.5818179 3.6658712 0.6561482 1.6704918 1.6725464 1.3335476 1.0286968 1.6887920 1.6427561 3.7011655 3.7104785 3.7430449 3.1625143 1.4245955 1.5956897 2.4949967 3.1831054 1.5563524 2.2836645 1.6648373 0.0000000 2.3028973 3.5032674 
MN745083_Bactrocera_dorsalis_toti-like_virus_2 3.8097646 2.2037117 2.2073858 2.3079172 3.7328173 2.2778575 3.8200558 3.7985920 3.8513363 2.1705716 1.9003125 2.2159832 1.9837148 3.8428156 3.8476853 3.8476853 3.8547817 3.8597573 3.8428156 3.8189798 3.8097646 3.8237940 2.2942524 2.3588019 1.7376670 2.2573021 2.2591169 2.2476210 2.2934712 1.8719611 1.6254562 2.3125220 2.2762012 2.3236365 3.7892667 3.7887999 1.0099468 2.3058678 2.3159501 1.7005428 1.3744149 2.3046312 2.2537167 3.8010976 3.8687204 3.8262735 3.2841307 2.0390138 2.3265483 2.3633181 3.4890585 2.0772590 1.1213918 2.2347030 2.3028973 0.0000000 3.7590443 
MZ209749_Fushun_totivirus_5                    3.6810443 3.7099654 3.7125536 3.7351764 3.6479009 3.5625735 3.6703762 3.6612591 3.7267239 3.4674273 3.7915664 3.4965550 3.5226570 3.6561676 3.6779254 3.6779254 3.6812871 3.6791467 3.6561676 3.6826540 3.6810443 3.5444095 3.7101427 3.6737278 2.7730398 3.7214205 3.7205730 3.7218815 3.7623301 3.6556576 3.2421200 3.7357758 3.7181925 3.6640204 3.6645277 3.6384999 1.7071336 3.5655211 3.6186611 2.9781259 2.3136669 3.5872551 3.4648942 3.6375479 3.7045568 3.7100699 3.0647023 3.8095013 3.6517253 2.9049271 3.5027375 3.3552395 3.9665500 3.5630421 3.5032674 3.7590443 0.0000000 
