8
Andiett_virus_F1132C2F1132                 0.0000000 0.3511964 1.2712210 1.1755214 1.3958139 2.5886427 2.2378994 2.8651623 
Andbire_virus_F1046C18F1046                0.3511964 0.0000000 1.0441216 1.0894773 1.1363322 1.1982997 1.9096786 2.9540530 
MZ852358_Drosophila-associated_totivirus_5 1.2712210 1.0441216 0.0000000 1.0780479 1.0097917 1.8203587 2.2108521 3.3026183 
MT129768_Keenan_toti-like_virus            1.1755214 1.0894773 1.0780479 0.0000000 1.1498005 1.7756015 2.1303326 3.2802439 
MZ852363_Drosophila-associated_totivirus_4 1.3958139 1.1363322 1.0097917 1.1498005 0.0000000 1.5322127 2.2833812 3.3639531 
OP020048_Hanko_toti-like_virus_1           2.5886427 1.1982997 1.8203587 1.7756015 1.5322127 0.0000000 2.7370947 3.1600277 
BK059880_Aloadae_toti-like_virus_2         2.2378994 1.9096786 2.2108521 2.1303326 2.2833812 2.7370947 0.0000000 3.8517653 
ON746544_Jiamusi_Totiv_tick_virus_1        2.8651623 2.9540530 3.3026183 3.2802439 3.3639531 3.1600277 3.8517653 0.0000000 
