19
OK491487_Xiangshan_orthomyxo-like_virus               0.0000000 0.6877169 0.8843214 0.8541661 0.9657507 0.0387727 0.9320181 1.5280701 0.8567313 0.8244293 1.9928016 0.8079608 0.8691781 0.9348801 1.8461937 2.1599258 0.8324602 0.8214242 0.8267240 
Norayellet_virus_F1508C144F1508                       0.6877169 0.0000000 0.9052509 0.9396363 0.8909901 0.7021526 1.1029014 1.4220146 0.8277914 0.8994947 1.8273486 0.8621022 0.8855166 1.0502545 1.8573090 2.1061973 0.8957179 0.8906161 0.8511020 
NC_040731_Thogotovirus_ozense                         0.8843214 0.9052509 0.0000000 0.7838402 0.9333320 0.8758249 1.0993392 1.3195999 0.7760804 0.3442156 1.7853157 0.7222105 0.2582171 1.0973352 1.7268867 2.1480432 0.3738642 0.6997907 0.6763058 
NC_006495_Thogotovirus_thogotoense                    0.8541661 0.9396363 0.7838402 0.0000000 0.9189710 0.8563022 1.0560568 1.2746641 0.8094339 0.7012922 1.8450670 0.3733675 0.7358637 0.9611567 1.7546610 2.1397878 0.7200438 0.3746512 0.3949542 
MZ822006_Varroa_orthomyxovirus-1                      0.9657507 0.8909901 0.9333320 0.9189710 0.0000000 0.9743311 1.1481720 1.6027249 0.5153421 0.9210035 2.0691972 0.8942223 0.8985122 1.0865129 1.8028652 2.0794998 0.9815688 0.9184484 0.8857992 
MZ363950_Orthomyxoviridae_sp.                         0.0387727 0.7021526 0.8758249 0.8563022 0.9743311 0.0000000 0.9311100 1.5121789 0.8535630 0.8297288 1.9834051 0.8141470 0.8860538 0.9211091 1.8378559 2.1692244 0.8324496 0.7980855 0.8111022 
MW288204_Neuropteran_orthomyxo-related_virus_OKIAV210 0.9320181 1.1029014 1.0993392 1.0560568 1.1481720 0.9311100 0.0000000 1.3628943 1.0537995 1.1476377 1.9674035 1.0553599 1.2135343 0.3401961 1.6575224 1.9234124 1.1210700 1.0307963 0.9951097 
MW288165_Orthopteran_orthomyxo-related_virus_OKIAV207 1.5280701 1.4220146 1.3195999 1.2746641 1.6027249 1.5121789 1.3628943 0.0000000 1.4379976 1.3056214 0.7374917 1.2770619 1.4145684 1.2668514 0.2851949 0.5909789 1.3674079 1.3009095 1.2150959 
MW288164_Hemipteran_orthomyxo-related_virus_OKIAV211  0.8567313 0.8277914 0.7760804 0.8094339 0.5153421 0.8535630 1.0537995 1.4379976 0.0000000 0.8146876 1.8359997 0.7699947 0.8273036 0.9372567 1.6173739 2.0137837 0.8141126 0.8004968 0.7585399 
MT628417_Thogotovirus_dhoriense                       0.8244293 0.8994947 0.3442156 0.7012922 0.9210035 0.8297288 1.1476377 1.3056214 0.8146876 0.0000000 1.8487505 0.6703811 0.3126306 1.0813877 1.6609054 2.0714792 0.2197882 0.6437699 0.6803194 
MT195540_Soybean_thrips_thogotovirus_1                1.9928016 1.8273486 1.7853157 1.8450670 2.0691972 1.9834051 1.9674035 0.7374917 1.8359997 1.8487505 0.0000000 1.8852943 1.7855695 1.9343446 1.0432687 1.4297368 2.0327486 1.8825055 1.8362753 
MN830238_Neke_harbour_virus                           0.8079608 0.8621022 0.7222105 0.3733675 0.8942223 0.8141470 1.0553599 1.2770619 0.7699947 0.6703811 1.8852943 0.0000000 0.7193307 0.9977910 1.6619792 2.0129929 0.6901420 0.2037994 0.2694428 
MN095540_Thogotovirus_thailandense                    0.8691781 0.8855166 0.2582171 0.7358637 0.8985122 0.8860538 1.2135343 1.4145684 0.8273036 0.3126306 1.7855695 0.7193307 0.0000000 1.1026539 1.7295975 2.0126985 0.3335475 0.7210416 0.6882547 
KX949590_Thogotovirus_sinuense                        0.9348801 1.0502545 1.0973352 0.9611567 1.0865129 0.9211091 0.3401961 1.2668514 0.9372567 1.0813877 1.9343446 0.9977910 1.1026539 0.0000000 1.6500352 1.9453753 1.0726674 0.9592995 0.9228353 
KX883884_Hubei_orthoptera_virus_6                     1.8461937 1.8573090 1.7268867 1.7546610 1.8028652 1.8378559 1.6575224 0.2851949 1.6173739 1.6609054 1.0432687 1.6619792 1.7295975 1.6500352 0.0000000 0.9436152 1.8176163 1.6687607 1.6156402 
KX883874_Hubei_orthomyxo-like_virus_4                 2.1599258 2.1061973 2.1480432 2.1397878 2.0794998 2.1692244 1.9234124 0.5909789 2.0137837 2.0714792 1.4297368 2.0129929 2.0126985 1.9453753 0.9436152 0.0000000 2.0712765 2.0554385 1.9594958 
KU708254_Thogotovirus_bourbonense                     0.8324602 0.8957179 0.3738642 0.7200438 0.9815688 0.8324496 1.1210700 1.3674079 0.8141126 0.2197882 2.0327486 0.6901420 0.3335475 1.0726674 1.8176163 2.0712765 0.0000000 0.6754783 0.6948253 
KC506163_Aransas_Bay_virus                            0.8214242 0.8906161 0.6997907 0.3746512 0.9184484 0.7980855 1.0307963 1.3009095 0.8004968 0.6437699 1.8825055 0.2037994 0.7210416 0.9592995 1.6687607 2.0554385 0.6754783 0.0000000 0.2846591 
HM627170_Thogotovirus_josense                         0.8267240 0.8511020 0.6763058 0.3949542 0.8857992 0.8111022 0.9951097 1.2150959 0.7585399 0.6803194 1.8362753 0.2694428 0.6882547 0.9228353 1.6156402 1.9594958 0.6948253 0.2846591 0.0000000 
