27
MH703052_Yongsan_picorna-like_virus_2     0.0000000 0.0289928 0.0229720 0.1191133 0.1146928 0.2482205 0.2448707 0.2465927 0.2492849 0.2474393 0.2349071 0.2369504 0.2485580 0.2438962 0.2322779 0.2332736 0.2069034 0.2064639 0.2066782 0.2067770 0.2104759 0.1090417 0.1080056 0.0260185 0.1144834 0.1182599 2.4871857 
OL700096_Yongsan_picorna-like_virus_2     0.0289928 0.0000000 0.0297708 0.1207118 0.1144251 0.2437105 0.2416510 0.2430916 0.2450103 0.2431805 0.2301713 0.2335673 0.2432728 0.2398730 0.2293529 0.2310618 0.2023729 0.2019348 0.2021486 0.2022456 0.2061128 0.1019638 0.1006966 0.0247661 0.1140294 0.1198556 2.4699377 
MH703060_Yongsan_picorna-like_virus_2     0.0229720 0.0297708 0.0000000 0.1163745 0.1145272 0.2455975 0.2422558 0.2431259 0.2456206 0.2446454 0.2325376 0.2340642 0.2458411 0.2412273 0.2298434 0.2308343 0.2029051 0.2017053 0.2026804 0.2027778 0.2067101 0.1073148 0.1066815 0.0203950 0.1141965 0.1155278 2.4906009 
MW650740_Ecclesville_picorna-like_virus   0.1191133 0.1207118 0.1163745 0.0000000 0.0123328 0.2862425 0.2843178 0.2839053 0.2844317 0.2829113 0.2851937 0.2715249 0.2859788 0.2830968 0.2686657 0.2685535 0.2442570 0.2426415 0.2437244 0.2439283 0.2442563 0.2201076 0.2172639 0.0344893 0.0109809 0.0006764 2.1961962 
MN661035_Atrato_picorna-like_virus_1      0.1146928 0.1144251 0.1145272 0.0123328 0.0000000 0.2605973 0.2570186 0.2618777 0.2611860 0.2595798 0.2486669 0.2514584 0.2609430 0.2579772 0.2496542 0.2506854 0.2242106 0.2237578 0.2239820 0.2240871 0.2274842 0.1591337 0.1584127 0.1060049 0.0081980 0.0116431 2.4777996 
Zhejiang_mosquito_virus_1_F1605C1F1035    0.2482205 0.2437105 0.2455975 0.2862425 0.2605973 0.0000000 0.0029082 0.0039385 0.0048580 0.0048545 0.0053675 0.0750260 0.0140015 0.0058624 0.0720470 0.0728596 0.2002763 0.2011601 0.2003104 0.2008141 0.1978618 0.2049464 0.2070593 0.2108922 0.2646088 0.2862816 2.5143872 
Zhejiang_mosquito_virus_1_F1605C1F1613    0.2448707 0.2416510 0.2422558 0.2843178 0.2570186 0.0029082 0.0000000 0.0016436 0.0025949 0.0025931 0.0036858 0.0728694 0.0126873 0.0035882 0.0703631 0.0711752 0.1976412 0.1985206 0.1976744 0.1981774 0.1951368 0.2020085 0.2042083 0.2071789 0.2610033 0.2843571 2.5142680 
Zhejiang_mosquito_virus_1_F1605C1F1043    0.2465927 0.2430916 0.2431259 0.2839053 0.2618777 0.0039385 0.0016436 0.0000000 0.0016375 0.0016375 0.0033830 0.0740343 0.0118300 0.0032856 0.0710115 0.0718365 0.2021801 0.2030836 0.2022155 0.2027291 0.1994616 0.2021876 0.2044125 0.2094699 0.2659677 0.2839447 2.5115704 
Zhejiang_mosquito_virus_1_F1605C1F1044    0.2492849 0.2450103 0.2456206 0.2844317 0.2611860 0.0048580 0.0025949 0.0016375 0.0000000 0.0019359 0.0036888 0.0728627 0.0122967 0.0035804 0.0706864 0.0714984 0.2001972 0.2010804 0.2002313 0.2007347 0.1964775 0.2041392 0.2062746 0.2128793 0.2639915 0.2844711 2.5126554 
Zhejiang_mosquito_virus_1_F1605C1F1605    0.2474393 0.2431805 0.2446454 0.2829113 0.2595798 0.0048545 0.0025931 0.0016375 0.0019359 0.0000000 0.0043597 0.0738748 0.0126646 0.0042316 0.0709037 0.0717147 0.1996907 0.2005723 0.1997245 0.2002274 0.1970326 0.2036068 0.2057564 0.2114406 0.2635868 0.2829508 2.5124004 
Zhejiang_mosquito_virus_1_F1605C1F1466    0.2349071 0.2301713 0.2325376 0.2851937 0.2486669 0.0053675 0.0036858 0.0033830 0.0036888 0.0043597 0.0000000 0.0727185 0.0130996 0.0013343 0.0705459 0.0709744 0.1980424 0.1989512 0.1980767 0.1985963 0.1972613 0.1892526 0.1919574 0.1884611 0.2527044 0.2852331 2.4510146 
MW452304_Riboviria_sp_                    0.2369504 0.2335673 0.2340642 0.2715249 0.2514584 0.0750260 0.0728694 0.0740343 0.0728627 0.0738748 0.0727185 0.0000000 0.0826140 0.0741727 0.0051922 0.0065051 0.1955258 0.1964688 0.1956307 0.1961300 0.1948948 0.1865019 0.1872325 0.2068526 0.2534527 0.2727284 2.4996680 
Zhejiang_mosquito_virus_1_F1605C1F1047    0.2485580 0.2432728 0.2458411 0.2859788 0.2609430 0.0140015 0.0126873 0.0118300 0.0122967 0.0126646 0.0130996 0.0826140 0.0000000 0.0133913 0.0796780 0.0808597 0.2063040 0.2072056 0.2063407 0.2068503 0.2055714 0.2071271 0.2088549 0.2092333 0.2649596 0.2860178 2.5183122 
Zhejiang_mosquito_virus_1_F1605C1F1046    0.2438962 0.2398730 0.2412273 0.2830968 0.2579772 0.0058624 0.0035882 0.0032856 0.0035804 0.0042316 0.0013343 0.0741727 0.0133913 0.0000000 0.0711751 0.0719931 0.1994723 0.2003600 0.1995063 0.2000128 0.1987002 0.1999518 0.2026788 0.2062809 0.2619965 0.2831363 2.4842377 
KX883285_Zhejiang_mosquito_virus_1        0.2322779 0.2293529 0.2298434 0.2686657 0.2496542 0.0720470 0.0703631 0.0710115 0.0706864 0.0709037 0.0705459 0.0051922 0.0796780 0.0711751 0.0000000 0.0019378 0.1925955 0.1935295 0.1926988 0.1931953 0.1921118 0.1851546 0.1854690 0.2037547 0.2524642 0.2698613 2.4913206 
NC_033716_Zhejiang_mosquito_virus_1       0.2332736 0.2310618 0.2308343 0.2685535 0.2506854 0.0728596 0.0711752 0.0718365 0.0714984 0.0717147 0.0709744 0.0065051 0.0808597 0.0719931 0.0019378 0.0000000 0.1939172 0.1948542 0.1940211 0.1945183 0.1934363 0.1861101 0.1863932 0.2054657 0.2535010 0.2697484 2.4924397 
MN784075_Old_Port_virus                   0.2069034 0.2023729 0.2029051 0.2442570 0.2242106 0.2002763 0.1976412 0.2021801 0.2001972 0.1996907 0.1980424 0.1955258 0.2063040 0.1994723 0.1925955 0.1939172 0.0000000 0.0019438 0.0009693 0.0019412 0.0222892 0.2255395 0.2239807 0.1829969 0.2237018 0.2435454 2.5052886 
MN784077_Old_Port_virus                   0.2064639 0.2019348 0.2017053 0.2426415 0.2237578 0.2011601 0.1985206 0.2030836 0.2010804 0.2005723 0.1989512 0.1964688 0.2072056 0.2003600 0.1935295 0.1948542 0.0019438 0.0000000 0.0009706 0.0019438 0.0223215 0.2250812 0.2235375 0.1834937 0.2232569 0.2419296 2.5075483 
MN784076_Old_Port_virus                   0.2066782 0.2021486 0.2026804 0.2437244 0.2239820 0.2003104 0.1976744 0.2022155 0.2002313 0.1997245 0.1980767 0.1956307 0.2063407 0.1995063 0.1926988 0.1940211 0.0009693 0.0009706 0.0000000 0.0009693 0.0212504 0.2253039 0.2237529 0.1830479 0.2234732 0.2430125 2.5065236 
MN784073_Old_Port_virus                   0.2067770 0.2022456 0.2027778 0.2439283 0.2240871 0.2008141 0.1981774 0.2027291 0.2007347 0.2002274 0.1985963 0.1961300 0.2068503 0.2000128 0.1931953 0.1945183 0.0019412 0.0019438 0.0009693 0.0000000 0.0222895 0.2258518 0.2242819 0.1830566 0.2235782 0.2432165 2.5057118 
MN784074_Old_Port_virus                   0.2104759 0.2061128 0.2067101 0.2442563 0.2274842 0.1978618 0.1951368 0.1994616 0.1964775 0.1970326 0.1972613 0.1948948 0.2055714 0.1987002 0.1921118 0.1934363 0.0222892 0.0223215 0.0212504 0.0222895 0.0000000 0.2312749 0.2285873 0.1903912 0.2258460 0.2435394 2.5125593 
Yongsan_picorna_like_virus_2_F1457C1F1409 0.1090417 0.1019638 0.1073148 0.2201076 0.1591337 0.2049464 0.2020085 0.2021876 0.2041392 0.2036068 0.1892526 0.1865019 0.2071271 0.1999518 0.1851546 0.1861101 0.2255395 0.2250812 0.2253039 0.2258518 0.2312749 0.0000000 0.0000010 0.0397093 0.1603510 0.2212312 2.5028638 
Yongsan_picorna_like_virus_2_F1457C1F1457 0.1080056 0.1006966 0.1066815 0.2172639 0.1584127 0.2070593 0.2042083 0.2044125 0.2062746 0.2057564 0.1919574 0.1872325 0.2088549 0.2026788 0.1854690 0.1863932 0.2239807 0.2235375 0.2237529 0.2242819 0.2285873 0.0000010 0.0000000 0.0392583 0.1585753 0.2183409 2.5087162 
OP264911_Yongsan_picorna-like_virus_2     0.0260185 0.0247661 0.0203950 0.0344893 0.1060049 0.2108922 0.2071789 0.2094699 0.2128793 0.2114406 0.1884611 0.2068526 0.2092333 0.2062809 0.2037547 0.2054657 0.1829969 0.1834937 0.1830479 0.1830566 0.1903912 0.0397093 0.0392583 0.0000000 0.1051822 0.0344893 2.5298002 
MN661036_Atrato_picorna-like_virus_1      0.1144834 0.1140294 0.1141965 0.0109809 0.0081980 0.2646088 0.2610033 0.2659677 0.2639915 0.2635868 0.2527044 0.2534527 0.2649596 0.2619965 0.2524642 0.2535010 0.2237018 0.2232569 0.2234732 0.2235782 0.2258460 0.1603510 0.1585753 0.1051822 0.0000000 0.0102906 2.4802343 
MW650741_Ecclesville_picorna-like_virus   0.1182599 0.1198556 0.1155278 0.0006764 0.0116431 0.2862816 0.2843571 0.2839447 0.2844711 0.2829508 0.2852331 0.2727284 0.2860178 0.2831363 0.2698613 0.2697484 0.2435454 0.2419296 0.2430125 0.2432165 0.2435394 0.2212312 0.2183409 0.0344893 0.0102906 0.0000000 2.1961962 
MZ209811_Guiyang_Solinvi-like_virus_3     2.4871857 2.4699377 2.4906009 2.1961962 2.4777996 2.5143872 2.5142680 2.5115704 2.5126554 2.5124004 2.4510146 2.4996680 2.5183122 2.4842377 2.4913206 2.4924397 2.5052886 2.5075483 2.5065236 2.5057118 2.5125593 2.5028638 2.5087162 2.5298002 2.4802343 2.1961962 0.0000000 
