51
KP710260_Ferak_feravirus                              0.0000000 0.0031925 0.0032954 0.0032189 0.0038864 0.0032954 0.0063941 0.0032189 0.0096116 0.0033422 0.0096320 0.0096046 0.0066516 0.0065088 0.0097027 0.0070763 0.0064470 0.0096042 0.2310628 0.3408733 0.4069024 1.1179258 0.9909946 1.8151753 1.5904601 1.5240314 1.5694311 1.4451357 1.4451357 1.5212971 1.4168745 1.5700593 1.7148181 1.7148181 1.7148181 1.6846177 1.5341604 1.8471958 2.0342183 2.0342183 2.0201396 2.0285449 2.0301102 2.0166494 2.0166494 2.0307031 2.0688057 2.0402421 2.0473009 2.1662959 4.2023215 
KP710250_Ferak_feravirus                              0.0031925 0.0000000 0.0000010 0.0000010 0.0000010 0.0000010 0.0031681 0.0000010 0.0063497 0.0000010 0.0063630 0.0063451 0.0033040 0.0032336 0.0064094 0.0035307 0.0032030 0.0063448 0.2341784 0.3423613 0.4062442 1.1079553 1.0021823 1.8316321 1.5990855 1.5325275 1.5664208 1.4536520 1.4536520 1.5298517 1.4252833 1.5786640 1.7407540 1.7407540 1.7407540 1.6733995 1.5466670 1.8562865 2.0334525 2.0334525 2.0193963 2.0277737 2.0293329 2.0159192 2.0159192 2.0299499 2.0748328 2.0467998 2.0533453 2.1719842 4.2614698 
KP710256_Ferak_feravirus                              0.0032954 0.0000010 0.0000000 0.0000010 0.0000010 0.0000010 0.0000010 0.0000010 0.0032718 0.0000010 0.0032788 0.0032693 0.0033040 0.0032787 0.0065609 0.0035307 0.0032787 0.0065479 0.2380930 0.3474370 0.4191251 1.1260220 1.0076675 1.8316321 1.6300210 1.5484093 1.5837332 1.4738917 1.4738917 1.5397708 1.4422249 1.6249191 1.7330250 1.7330250 1.7330250 1.6866708 1.5466670 1.8960794 2.0293329 2.0293329 2.0193963 2.0277737 2.0293329 2.0159192 2.0159192 2.0257110 2.0721087 2.0467998 2.0301912 2.1374191 4.3583920 
KP710259_Ferak_feravirus                              0.0032189 0.0000010 0.0000010 0.0000000 0.0000010 0.0000010 0.0000010 0.0000010 0.0032197 0.0000010 0.0032265 0.0032173 0.0033192 0.0032482 0.0064561 0.0035307 0.0032173 0.0064436 0.2270008 0.3388008 0.4042615 1.1025261 0.9883015 1.8186764 1.5889136 1.5221687 1.5562691 1.4428558 1.4428558 1.5194073 1.4074584 1.5689623 1.6931478 1.6931478 1.6931478 1.6663040 1.5371718 1.8374596 2.0331928 2.0331928 2.0121272 2.0205459 2.0221038 2.0086480 2.0086480 2.0296562 2.0749789 2.0392447 2.0301465 2.1479648 4.2526080 
KP710258_Ferak_feravirus                              0.0038864 0.0000010 0.0000010 0.0000010 0.0000000 0.0000010 0.0000010 0.0000010 0.0038875 0.0000010 0.0038841 0.0038841 0.0038841 0.0038841 0.0077994 0.0038841 0.0038841 0.0077812 0.2473621 0.3362372 0.3756302 1.0921252 0.9196520 1.6468790 1.4535329 1.3509270 1.4187687 1.2933920 1.2933920 1.4291751 1.2433750 1.4042290 1.6513112 1.6513112 1.6513112 1.5870785 1.4527704 1.8003423 1.9002824 1.9002824 1.9041463 1.9148020 1.9002824 1.9002824 1.9002824 1.8962224 1.9027335 1.9183406 1.8486217 1.9113374 3.9931283 
KP710257_Ferak_feravirus                              0.0032954 0.0000010 0.0000010 0.0000010 0.0000010 0.0000000 0.0000010 0.0000010 0.0032962 0.0000010 0.0033033 0.0032937 0.0033192 0.0032937 0.0066099 0.0035307 0.0032937 0.0065967 0.2336125 0.3450285 0.4178777 1.1261203 0.9961525 1.8186764 1.6232268 1.5417057 1.5770563 1.4671474 1.4671474 1.5330107 1.4355537 1.6181243 1.7121932 1.7121932 1.7121932 1.6917634 1.5371718 1.8890405 2.0221038 2.0221038 2.0121272 2.0205459 2.0221038 2.0086480 2.0086480 2.0184780 2.0648685 2.0392447 2.0229712 2.1304379 4.3122440 
KP710263_Ferak_feravirus                              0.0063941 0.0031681 0.0000010 0.0000010 0.0000010 0.0000010 0.0000000 0.0000010 0.0052875 0.0000010 0.0030559 0.0031682 0.0033040 0.0032336 0.0064094 0.0035307 0.0032030 0.0095316 0.6073074 0.7415413 0.9101379 2.2791944 2.4241464 2.0587822 2.8380014 2.8946008 2.9597208 2.7982603 2.7977043 2.8525016 2.8334585 2.6708032 3.0722757 3.0781269 3.0490096 2.3557668 2.5131549 3.2967781 4.0641351 4.0595762 2.1316822 2.1233718 2.1402025 2.0827755 1.9848476 4.0620198 4.0477277 2.0128424 4.0870759 4.1177901 7.0368773 
KP710254_Ferak_feravirus                              0.0032189 0.0000010 0.0000010 0.0000010 0.0000010 0.0000010 0.0000010 0.0000000 0.0031560 0.0000010 0.0031626 0.0031538 0.0033040 0.0032336 0.0064094 0.0035307 0.0032030 0.0063970 0.2277964 0.3401199 0.4096600 1.0868482 1.0158060 1.8463906 1.6090143 1.5424705 1.5762497 1.4586501 1.4586501 1.5398706 1.4283799 1.5700464 1.7053443 1.7053443 1.7053443 1.6680716 1.5485142 1.8620305 2.0113349 2.0113349 1.9901350 1.9984329 1.9999418 1.9867505 1.9867505 2.0078870 2.0518889 2.0155839 2.0083889 2.1235325 4.3647972 
KP710262_Ferak_feravirus                              0.0096116 0.0063497 0.0032718 0.0032197 0.0038875 0.0032962 0.0052875 0.0031560 0.0000000 0.0033430 0.0061243 0.0074171 0.0066227 0.0064812 0.0096346 0.0070781 0.0064199 0.0127358 0.6064345 0.7406222 0.9111131 2.2674864 2.4325838 2.0533373 2.8450686 2.8954961 2.9638852 2.7967303 2.7961744 2.8515037 2.8317624 2.6587252 3.0574533 3.0632782 3.0342477 2.3417354 2.5000441 3.2950087 4.0574025 4.0566950 2.1232227 2.1149633 2.1317490 2.0743543 1.9760545 4.0591367 4.0461316 2.0044033 4.0941942 4.0981001 7.0497467 
KP710247_Ferak_feravirus                              0.0033422 0.0000010 0.0000010 0.0000010 0.0000010 0.0000010 0.0000010 0.0000010 0.0033430 0.0000000 0.0000010 0.0000010 0.0000010 0.0000010 0.0033472 0.0000010 0.0000010 0.0033404 0.2332263 0.3465435 0.4146042 1.1221535 0.9742435 1.8314136 1.5964088 1.5154331 1.5508105 1.4424864 1.4424864 1.5065391 1.4096126 1.5913189 1.6829597 1.6829597 1.6829597 1.6589617 1.5273632 1.8737403 1.9904763 1.9904763 1.9939539 2.0034643 1.9904763 1.9904763 1.9904763 1.9868441 2.0330524 2.0202970 1.9913808 2.1223374 4.2577645 
KP710255_Ferak_feravirus                              0.0096320 0.0063630 0.0032788 0.0032265 0.0038841 0.0033033 0.0030559 0.0031626 0.0061243 0.0000010 0.0000000 0.0000010 0.0000010 0.0000010 0.0032095 0.0000010 0.0000010 0.0063631 0.2286637 0.3145135 0.3801688 1.0381692 1.0141351 1.8254021 1.5587217 1.5207252 1.5589159 1.4480889 1.4480889 1.5314623 1.4159599 1.5407635 1.7088828 1.7088828 1.7088828 1.6502820 1.5529377 1.8157045 1.9980564 1.9980564 1.9609682 1.9692642 1.9707378 1.9576427 1.9576427 1.9947185 2.0372024 1.9847766 1.9894178 2.1355405 4.2867779 
NC_043031_Ferak_feravirus                             0.0096046 0.0063451 0.0032693 0.0032173 0.0038841 0.0032937 0.0031682 0.0031538 0.0074171 0.0000010 0.0000010 0.0000000 0.0000010 0.0000010 0.0032003 0.0000010 0.0000010 0.0063452 0.6045856 0.7400726 0.9062972 2.2827573 2.4298012 2.0553502 2.8330446 2.8931745 2.9553252 2.7982058 2.7976500 2.8551660 2.8339123 2.6655457 3.0650268 3.0708629 3.0417988 2.3551047 2.5103488 3.3072384 4.0776609 4.0730639 2.1289135 2.1206146 2.1374410 2.0799889 1.9818727 4.0755128 4.0613023 2.0097326 4.0860726 4.1272164 7.0479506 
KP710253_Ferak_feravirus                              0.0066516 0.0033040 0.0033040 0.0033192 0.0038841 0.0033192 0.0033040 0.0033040 0.0066227 0.0000010 0.0000010 0.0000010 0.0000000 0.0000010 0.0033107 0.0000010 0.0000010 0.0033041 0.2368022 0.3474284 0.4139576 1.1333681 0.9963265 1.8442763 1.6134168 1.5321363 1.5674800 1.4592667 1.4592667 1.5233720 1.4261422 1.6083215 1.6884999 1.6884999 1.6884999 1.6807306 1.5570852 1.8920119 2.0269883 2.0269883 2.0304942 2.0400511 2.0269883 2.0269883 2.0269883 2.0233357 2.0701127 2.0586015 2.0278565 2.1311764 4.3549131 
KP710252_Ferak_feravirus                              0.0065088 0.0032336 0.0032787 0.0032482 0.0038841 0.0032937 0.0032336 0.0032336 0.0064812 0.0000010 0.0000010 0.0000010 0.0000010 0.0000000 0.0032400 0.0000010 0.0000010 0.0032337 0.2305042 0.3373159 0.4072338 1.1244211 1.0187613 1.8442763 1.6240918 1.5470397 1.5818546 1.4659567 1.4659567 1.5443915 1.4294317 1.6140326 1.7327307 1.7327307 1.7327307 1.7152826 1.5570852 1.8943239 2.0804514 2.0804514 2.0304942 2.0388853 2.0404607 2.0269883 2.0269883 2.0768190 2.1237678 2.0586015 2.0772688 2.1955767 4.3628186 
KP710248_Ferak_feravirus                              0.0097027 0.0064094 0.0065609 0.0064561 0.0077994 0.0066099 0.0064094 0.0064094 0.0096346 0.0033472 0.0032095 0.0032003 0.0033107 0.0032400 0.0000000 0.0035383 0.0032093 0.0064095 0.2226291 0.3312441 0.3949170 1.0994068 0.9880307 1.8219774 1.6020547 1.5398139 1.5739695 1.4602903 1.4602903 1.5242537 1.4245367 1.5870051 1.7154985 1.7154985 1.7154985 1.6580685 1.5616655 1.8286788 2.0432151 2.0432151 2.0224735 2.0308443 2.0324061 2.0189928 2.0189928 2.0396795 2.0850682 2.0500353 2.0401585 2.1558249 4.2607627 
KP710261_Ferak_feravirus                              0.0070763 0.0035307 0.0035307 0.0035307 0.0038841 0.0035307 0.0035307 0.0035307 0.0070781 0.0000010 0.0000010 0.0000010 0.0000010 0.0000010 0.0035383 0.0000000 0.0000010 0.0035308 0.2208074 0.3287470 0.3759122 1.0852036 0.9544892 1.7161054 1.5453325 1.4445162 1.4888449 1.3792846 1.3792846 1.4822280 1.3644331 1.5233935 1.6946669 1.6946669 1.6946669 1.7108721 1.5451030 1.8711649 2.0393349 2.0393349 2.0430646 2.0532217 2.0393349 2.0393349 2.0393349 2.0354524 2.0516949 2.0286259 2.0166958 2.0207776 4.1425469 
KP710249_Ferak_feravirus                              0.0064470 0.0032030 0.0032787 0.0032173 0.0038841 0.0032937 0.0032030 0.0032030 0.0064199 0.0000010 0.0000010 0.0000010 0.0000010 0.0000010 0.0032093 0.0000010 0.0000000 0.0032031 0.2279191 0.3377066 0.4021091 1.1061188 1.0023597 1.8442763 1.6040353 1.5366237 1.5708979 1.4568404 1.4568404 1.5339455 1.4210247 1.5839236 1.6993837 1.6993837 1.6993837 1.6818402 1.5570852 1.8553899 2.0511226 2.0511226 2.0304942 2.0388853 2.0404607 2.0269883 2.0269883 2.0475640 2.0933154 2.0586015 2.0480372 2.1643494 4.2981092 
KP710251_Ferak_feravirus                              0.0096042 0.0063448 0.0065479 0.0064436 0.0077812 0.0065967 0.0095316 0.0063970 0.0127358 0.0033404 0.0063631 0.0063452 0.0033041 0.0032337 0.0064095 0.0035308 0.0032031 0.0000000 0.2320195 0.3402994 0.4026785 1.1064477 1.0013598 1.8281560 1.5989574 1.5319716 1.5658421 1.4497101 1.4497101 1.5296907 1.4248113 1.5785303 1.7306427 1.7306427 1.7306427 1.6841427 1.5516826 1.8562283 2.0366490 2.0366490 2.0227188 2.0310810 2.0326414 2.0192411 2.0192411 2.0331466 2.0780525 2.0502654 2.0565482 2.1675880 4.2680323 
MN661015_Guagua_virus                                 0.2310628 0.2341784 0.2380930 0.2270008 0.2473621 0.2336125 0.6073074 0.2277964 0.6064345 0.2332263 0.2286637 0.6045856 0.2368022 0.2305042 0.2226291 0.2208074 0.2279191 0.2320195 0.0000000 0.7292958 0.9332030 2.2164596 2.4153968 1.8490340 2.6217656 2.8381743 2.9149891 2.7672761 2.7670929 2.7631211 2.8076246 2.4640704 3.2183336 3.2201381 3.2082156 2.4373806 2.4909041 3.3996644 4.1326836 4.1329901 2.0320477 2.0244016 2.0405607 1.9682626 1.8683719 4.1409822 4.1412167 1.9459054 4.1376615 4.1666943 7.1198967 
MW039262_Neuropteran_feravirus                        0.3408733 0.3423613 0.3474370 0.3388008 0.3362372 0.3450285 0.7415413 0.3401199 0.7406222 0.3465435 0.3145135 0.7400726 0.3474284 0.3373159 0.3312441 0.3287470 0.3377066 0.3402994 0.7292958 0.0000000 0.9399777 2.2414509 2.5138312 1.8271883 2.8137434 2.9566437 2.9703274 2.9260915 2.9258909 2.9463227 2.8995571 2.6091434 3.1636851 3.1654813 3.1407980 2.5063790 2.5238365 3.4352300 4.1508691 4.1573295 2.1727552 2.1645404 2.1813713 2.1745364 2.0630409 4.1650918 4.1686012 2.0968984 4.1847751 4.2631483 6.8295330 
MT153364_Hemipteran_feravirus                         0.4069024 0.4062442 0.4191251 0.4042615 0.3756302 0.4178777 0.9101379 0.4096600 0.9111131 0.4146042 0.3801688 0.9062972 0.4139576 0.4072338 0.3949170 0.3759122 0.4021091 0.4026785 0.9332030 0.9399777 0.0000000 2.2359382 2.4920605 2.0198792 2.6583817 2.8393267 3.0154288 2.8794388 2.8788656 2.8446618 2.8923599 2.6299857 3.2898567 3.2921902 3.2680931 2.6083225 2.6899299 3.5803295 4.0895670 4.0894833 2.1528270 2.1167978 2.1343359 2.0799438 1.9519875 4.0978258 4.1195274 1.9801501 4.0725067 4.2857312 7.0077772 
NC_055192_Sanxia_sawastrivirus                        1.1179258 1.1079553 1.1260220 1.1025261 1.0921252 1.1261203 2.2791944 1.0868482 2.2674864 1.1221535 1.0381692 2.2827573 1.1333681 1.1244211 1.0994068 1.0852036 1.1061188 1.1064477 2.2164596 2.2414509 2.2359382 0.0000000 2.6356465 2.0385280 2.7175409 2.8058855 3.0760114 2.9153638 2.9156257 2.9506944 2.9675670 2.7408650 3.3130110 3.3183314 3.2941196 2.2786696 2.7046057 3.3545938 4.4131707 4.3868489 2.4371710 2.4189029 2.4486101 2.3544806 2.3410025 4.4029673 4.4501962 2.3394940 4.4768648 4.1960547 6.8986198 
MF893255_Notori_virus                                 0.9909946 1.0021823 1.0076675 0.9883015 0.9196520 0.9961525 2.4241464 1.0158060 2.4325838 0.9742435 1.0141351 2.4298012 0.9963265 1.0187613 0.9880307 0.9544892 1.0023597 1.0013598 2.4153968 2.5138312 2.4920605 2.6356465 0.0000000 1.6143800 2.2331903 2.4659372 2.5213770 2.3820312 2.3821818 2.3716364 2.5201795 2.2743637 2.6942213 2.7000142 2.6992813 1.9492728 2.4246898 3.1102470 3.8282344 3.8132975 2.0704881 2.0597570 2.0805575 2.0253255 2.1224007 3.8146944 3.7349173 2.1064537 3.8190416 3.8866888 6.5163849 
MT153462_Hymenopteran_phasma-related_virus_OKIAV244   1.8151753 1.8316321 1.8316321 1.8186764 1.6468790 1.8186764 2.0587822 1.8463906 2.0533373 1.8314136 1.8254021 2.0553502 1.8442763 1.8442763 1.8219774 1.7161054 1.8442763 1.8281560 1.8490340 1.8271883 2.0198792 2.0385280 1.6143800 0.0000000 1.9536608 1.8186920 1.8988547 1.7967910 1.7967910 1.8984296 1.8707101 1.7197866 2.1727525 2.1727525 2.1727525 2.1848506 2.3077675 2.2365231 2.5039981 2.5039981 2.6103407 2.5714301 2.6103407 2.5176647 2.5297263 2.4947179 2.5072127 2.4973025 2.6061001 2.9039392 5.9197608 
KX884782_Hubei_bunya-like_virus_10                    1.5904601 1.5990855 1.6300210 1.5889136 1.4535329 1.6232268 2.8380014 1.6090143 2.8450686 1.5964088 1.5587217 2.8330446 1.6134168 1.6240918 1.6020547 1.5453325 1.6040353 1.5989574 2.6217656 2.8137434 2.6583817 2.7175409 2.2331903 1.9536608 0.0000000 0.3879413 0.4883914 1.0381285 1.0394248 1.0081049 1.3740136 1.0685000 1.9330536 1.9333189 1.9307021 1.2552482 1.3909629 2.3133028 3.7034142 3.6896837 2.3549189 2.3245747 2.3242628 2.2887877 2.3954106 3.7086488 3.6957154 2.4371046 3.6700539 3.8802135 5.5838644 
NC_030752_Insect_wuhivirus                            1.5240314 1.5325275 1.5484093 1.5221687 1.3509270 1.5417057 2.8946008 1.5424705 2.8954961 1.5154331 1.5207252 2.8931745 1.5321363 1.5470397 1.5398139 1.4445162 1.5366237 1.5319716 2.8381743 2.9566437 2.8393267 2.8058855 2.4659372 1.8186920 0.3879413 0.0000000 0.5334276 1.1708529 1.1720490 1.0737606 1.5320392 1.0450507 2.0314611 2.0328115 2.0322634 1.5268700 1.9152063 2.3185733 3.6959782 3.6867490 2.4383733 2.4218098 2.4208423 2.3865726 2.5003604 3.6921508 3.7150234 2.4227010 3.5776164 3.9462434 5.9067051 
OL752429_Aphid_bunyavirus_1                           1.5694311 1.5664208 1.5837332 1.5562691 1.4187687 1.5770563 2.9597208 1.5762497 2.9638852 1.5508105 1.5589159 2.9553252 1.5674800 1.5818546 1.5739695 1.4888449 1.5708979 1.5658421 2.9149891 2.9703274 3.0154288 3.0760114 2.5213770 1.8988547 0.4883914 0.5334276 0.0000000 1.1891791 1.1903810 1.1085025 1.5330013 1.0579962 2.0451394 2.0424689 2.0367912 1.5973631 1.9172092 2.3718989 3.9650801 3.9603085 2.5734717 2.5583365 2.5542291 2.5327668 2.6858768 3.9647583 3.8884949 2.5742662 3.8134170 4.0751481 5.7694313 
MZ209865_Sanya_sesamia_inferens_phasmavirus_1         1.4451357 1.4536520 1.4738917 1.4428558 1.2933920 1.4671474 2.7982603 1.4586501 2.7967303 1.4424864 1.4480889 2.7982058 1.4592667 1.4659567 1.4602903 1.3792846 1.4568404 1.4497101 2.7672761 2.9260915 2.8794388 2.9153638 2.3820312 1.7967910 1.0381285 1.1708529 1.1891791 0.0000000 0.0005267 1.0312310 1.4282518 1.0497809 1.9879858 1.9904736 1.9733134 1.4991942 1.8306359 2.5243409 3.9257893 3.9146725 2.5074093 2.4747605 2.5132950 2.3881198 2.4635574 3.9125412 3.8823442 2.4740147 3.8553712 3.8671250 6.3257086 
MZ209951_Sanya_sesamia_inferens_phasmavirus_1         1.4451357 1.4536520 1.4738917 1.4428558 1.2933920 1.4671474 2.7977043 1.4586501 2.7961744 1.4424864 1.4480889 2.7976500 1.4592667 1.4659567 1.4602903 1.3792846 1.4568404 1.4497101 2.7670929 2.9258909 2.8788656 2.9156257 2.3821818 1.7967910 1.0394248 1.1720490 1.1903810 0.0005267 0.0000000 1.0325321 1.4282115 1.0503158 1.9864466 1.9889335 1.9717747 1.4991942 1.8306359 2.5225119 3.9269374 3.9158159 2.5074093 2.4747605 2.5132950 2.3881198 2.4635574 3.9136836 3.8834837 2.4740147 3.8564941 3.8643841 6.3251044 
NC_040462_Saesbyeol_virus                             1.5212971 1.5298517 1.5397708 1.5194073 1.4291751 1.5330107 2.8525016 1.5398706 2.8515037 1.5065391 1.5314623 2.8551660 1.5233720 1.5443915 1.5242537 1.4822280 1.5339455 1.5296907 2.7631211 2.9463227 2.8446618 2.9506944 2.3716364 1.8984296 1.0081049 1.0737606 1.1085025 1.0312310 1.0325321 0.0000000 1.4432844 1.0722987 1.9193743 1.9215584 1.9080273 1.5322466 1.6973847 2.3158766 3.7453265 3.7404381 2.4637481 2.4475826 2.4458074 2.3355082 2.4086623 3.7518907 3.6990474 2.3394697 3.7433449 3.9261413 5.7267989 
MZ209660_Hangzhou_frankliniella_intonsa_phasmavirus_1 1.4168745 1.4252833 1.4422249 1.4074584 1.2433750 1.4355537 2.8334585 1.4283799 2.8317624 1.4096126 1.4159599 2.8339123 1.4261422 1.4294317 1.4245367 1.3644331 1.4210247 1.4248113 2.8076246 2.8995571 2.8923599 2.9675670 2.5201795 1.8707101 1.3740136 1.5320392 1.5330013 1.4282518 1.4282115 1.4432844 0.0000000 1.3823109 2.0682872 2.0657958 2.0665672 1.6474710 2.0484729 2.5915538 3.7953179 3.8044511 2.6224247 2.6150120 2.6154872 2.5576643 2.5252617 3.8043297 3.7989340 2.4974646 3.6579792 4.1034416 6.4672323 
MT153437_Lepidopteran_phasma-related_virus_OKIAV246   1.5700593 1.5786640 1.6249191 1.5689623 1.4042290 1.6181243 2.6708032 1.5700464 2.6587252 1.5913189 1.5407635 2.6655457 1.6083215 1.6140326 1.5870051 1.5233935 1.5839236 1.5785303 2.4640704 2.6091434 2.6299857 2.7408650 2.2743637 1.7197866 1.0685000 1.0450507 1.0579962 1.0497809 1.0503158 1.0722987 1.3823109 0.0000000 1.8925382 1.8932683 1.8921900 1.1757179 1.4535367 2.3119427 3.5695769 3.5645336 2.3372663 2.3355602 2.3376969 2.2801563 2.4256981 3.5755794 3.4983130 2.4518150 3.5090334 3.6379962 5.8969044 
Cavaretrus_virus_F1611C2F1608                         1.7148181 1.7407540 1.7330250 1.6931478 1.6513112 1.7121932 3.0722757 1.7053443 3.0574533 1.6829597 1.7088828 3.0650268 1.6884999 1.7327307 1.7154985 1.6946669 1.6993837 1.7306427 3.2183336 3.1636851 3.2898567 3.3130110 2.6942213 2.1727525 1.9330536 2.0314611 2.0451394 1.9879858 1.9864466 1.9193743 2.0682872 1.8925382 0.0000000 0.0015686 0.0063273 0.9617949 2.3754141 3.0388095 4.1169075 4.1069106 2.3659936 2.3838340 2.3796195 2.2835577 2.4448933 4.1018914 4.0797865 2.3585636 4.0111796 4.0289424 6.7808761 
Cavaretrus_virus_F1611C2F1611                         1.7148181 1.7407540 1.7330250 1.6931478 1.6513112 1.7121932 3.0781269 1.7053443 3.0632782 1.6829597 1.7088828 3.0708629 1.6884999 1.7327307 1.7154985 1.6946669 1.6993837 1.7306427 3.2201381 3.1654813 3.2921902 3.3183314 2.7000142 2.1727525 1.9333189 2.0328115 2.0424689 1.9904736 1.9889335 1.9215584 2.0657958 1.8932683 0.0015686 0.0000000 0.0047378 0.9617949 2.3754141 3.0417037 4.1087304 4.0987740 2.3659936 2.3838340 2.3796195 2.2835577 2.4448933 4.0937698 4.0713801 2.3585636 4.0030005 4.0332556 6.7905530 
Cavaretrus_virus_F1611C2F1049                         1.7148181 1.7407540 1.7330250 1.6931478 1.6513112 1.7121932 3.0490096 1.7053443 3.0342477 1.6829597 1.7088828 3.0417988 1.6884999 1.7327307 1.7154985 1.6946669 1.6993837 1.7306427 3.2082156 3.1407980 3.2680931 3.2941196 2.6992813 2.1727525 1.9307021 2.0322634 2.0367912 1.9733134 1.9717747 1.9080273 2.0665672 1.8921900 0.0063273 0.0047378 0.0000000 0.9627543 2.3831296 3.0313862 4.1113330 4.1013236 2.3659936 2.3838340 2.3796195 2.2835577 2.4448933 4.0962945 4.0819626 2.3585636 4.0005221 4.0026485 6.8165049 
KT966494_Terena_virus                                 1.6846177 1.6733995 1.6866708 1.6663040 1.5870785 1.6917634 2.3557668 1.6680716 2.3417354 1.6589617 1.6502820 2.3551047 1.6807306 1.7152826 1.6580685 1.7108721 1.6818402 1.6841427 2.4373806 2.5063790 2.6083225 2.2786696 1.9492728 2.1848506 1.2552482 1.5268700 1.5973631 1.4991942 1.4991942 1.5322466 1.6474710 1.1757179 0.9617949 0.9617949 0.9627543 0.0000000 2.4502317 2.4979792 3.7571733 3.7413965 2.7204108 2.7337234 2.7132432 2.6168261 2.6669239 3.7375706 3.6841808 2.6520659 3.5835788 3.7772857 6.0665635 
MW288188_Hemipteran_phasma-related_virus_OKIAV245     1.5341604 1.5466670 1.5466670 1.5371718 1.4527704 1.5371718 2.5131549 1.5485142 2.5000441 1.5273632 1.5529377 2.5103488 1.5570852 1.5570852 1.5616655 1.5451030 1.5570852 1.5516826 2.4909041 2.5238365 2.6899299 2.7046057 2.4246898 2.3077675 1.3909629 1.9152063 1.9172092 1.8306359 1.8306359 1.6973847 2.0484729 1.4535367 2.3754141 2.3754141 2.3831296 2.4502317 0.0000000 2.8169995 3.7679405 3.7647430 2.8688311 2.8580861 2.8638356 2.8175687 2.7136701 3.7764387 3.7314503 2.7036537 3.7491446 3.8709420 6.2564104 
MZ209649_Hangzhou_phasmavirus_1                       1.8471958 1.8562865 1.8960794 1.8374596 1.8003423 1.8890405 3.2967781 1.8620305 3.2950087 1.8737403 1.8157045 3.3072384 1.8920119 1.8943239 1.8286788 1.8711649 1.8553899 1.8562283 3.3996644 3.4352300 3.5803295 3.3545938 3.1102470 2.2365231 2.3133028 2.3185733 2.3718989 2.5243409 2.5225119 2.3158766 2.5915538 2.3119427 3.0388095 3.0417037 3.0313862 2.4979792 2.8169995 0.0000000 3.9829360 3.9787743 2.4296488 2.4024822 2.4049741 2.3400875 2.3474837 3.9813292 3.9047457 2.3116338 3.8315803 4.1766050 6.5928831 
KP710239_Jonchet_jonvirus                             2.0342183 2.0334525 2.0293329 2.0331928 1.9002824 2.0221038 4.0641351 2.0113349 4.0574025 1.9904763 1.9980564 4.0776609 2.0269883 2.0804514 2.0432151 2.0393349 2.0511226 2.0366490 4.1326836 4.1508691 4.0895670 4.4131707 3.8282344 2.5039981 3.7034142 3.6959782 3.9650801 3.9257893 3.9269374 3.7453265 3.7953179 3.5695769 4.1169075 4.1087304 4.1113330 3.7571733 3.7679405 3.9829360 0.0000000 0.0010560 0.0029421 0.0029264 0.0000010 0.0000010 0.0000010 0.0031795 0.1170229 0.0599818 0.4255292 1.3323872 7.7498459 
NC_038706_Jonchet_jonvirus                            2.0342183 2.0334525 2.0293329 2.0331928 1.9002824 2.0221038 4.0595762 2.0113349 4.0566950 1.9904763 1.9980564 4.0730639 2.0269883 2.0804514 2.0432151 2.0393349 2.0511226 2.0366490 4.1329901 4.1573295 4.0894833 4.3868489 3.8132975 2.5039981 3.6896837 3.6867490 3.9603085 3.9146725 3.9158159 3.7404381 3.8044511 3.5645336 4.1069106 4.0987740 4.1013236 3.7413965 3.7647430 3.9787743 0.0010560 0.0000000 0.0029421 0.0029264 0.0000010 0.0000010 0.0000010 0.0042365 0.1169435 0.0599818 0.4282307 1.3368882 7.7147477 
KP710236_Jonchet_jonvirus                             2.0201396 2.0193963 2.0193963 2.0121272 1.9041463 2.0121272 2.1316822 1.9901350 2.1232227 1.9939539 1.9609682 2.1289135 2.0304942 2.0304942 2.0224735 2.0430646 2.0304942 2.0227188 2.0320477 2.1727552 2.1528270 2.4371710 2.0704881 2.6103407 2.3549189 2.4383733 2.5734717 2.5074093 2.5074093 2.4637481 2.6224247 2.3372663 2.3659936 2.3659936 2.3659936 2.7204108 2.8688311 2.4296488 0.0029421 0.0029421 0.0000000 0.0059019 0.0029421 0.0029945 0.0032912 0.0058911 0.0645150 0.0603889 0.1892600 0.8284800 5.2376320 
KP710237_Jonchet_jonvirus                             2.0285449 2.0277737 2.0277737 2.0205459 1.9148020 2.0205459 2.1233718 1.9984329 2.1149633 2.0034643 1.9692642 2.1206146 2.0400511 2.0388853 2.0308443 2.0532217 2.0388853 2.0310810 2.0244016 2.1645404 2.1167978 2.4189029 2.0597570 2.5714301 2.3245747 2.4218098 2.5583365 2.4747605 2.4747605 2.4475826 2.6150120 2.3355602 2.3838340 2.3838340 2.3838340 2.7337234 2.8580861 2.4024822 0.0029264 0.0029264 0.0059019 0.0000000 0.0029264 0.0029817 0.0032768 0.0058613 0.0609081 0.0563399 0.1915920 0.8262292 5.2830134 
KP710235_Jonchet_jonvirus                             2.0301102 2.0293329 2.0293329 2.0221038 1.9002824 2.0221038 2.1402025 1.9999418 2.1317490 1.9904763 1.9707378 2.1374410 2.0269883 2.0404607 2.0324061 2.0393349 2.0404607 2.0326414 2.0405607 2.1813713 2.1343359 2.4486101 2.0805575 2.6103407 2.3242628 2.4208423 2.5542291 2.5132950 2.5132950 2.4458074 2.6154872 2.3376969 2.3796195 2.3796195 2.3796195 2.7132432 2.8638356 2.4049741 0.0000010 0.0000010 0.0029421 0.0029264 0.0000000 0.0000010 0.0000010 0.0029093 0.0637015 0.0599818 0.1866335 0.8255535 5.3136839 
KP710234_Jonchet_jonvirus                             2.0166494 2.0159192 2.0159192 2.0086480 1.9002824 2.0086480 2.0827755 1.9867505 2.0743543 1.9904763 1.9576427 2.0799889 2.0269883 2.0269883 2.0189928 2.0393349 2.0269883 2.0192411 1.9682626 2.1745364 2.0799438 2.3544806 2.0253255 2.5176647 2.2887877 2.3865726 2.5327668 2.3881198 2.3881198 2.3355082 2.5576643 2.2801563 2.2835577 2.2835577 2.2835577 2.6168261 2.8175687 2.3400875 0.0000010 0.0000010 0.0029945 0.0029817 0.0000010 0.0000000 0.0000010 0.0029804 0.0653347 0.0599818 0.1788933 0.7957694 5.1671946 
KP710233_Jonchet_jonvirus                             2.0166494 2.0159192 2.0159192 2.0086480 1.9002824 2.0086480 1.9848476 1.9867505 1.9760545 1.9904763 1.9576427 1.9818727 2.0269883 2.0269883 2.0189928 2.0393349 2.0269883 2.0192411 1.8683719 2.0630409 1.9519875 2.3410025 2.1224007 2.5297263 2.3954106 2.5003604 2.6858768 2.4635574 2.4635574 2.4086623 2.5252617 2.4256981 2.4448933 2.4448933 2.4448933 2.6669239 2.7136701 2.3474837 0.0000010 0.0000010 0.0032912 0.0032768 0.0000010 0.0000010 0.0000000 0.0032753 0.0614767 0.0599818 0.1628826 0.7703104 5.0492704 
KP710238_Jonchet_jonvirus                             2.0307031 2.0299499 2.0257110 2.0296562 1.8962224 2.0184780 4.0620198 2.0078870 4.0591367 1.9868441 1.9947185 4.0755128 2.0233357 2.0768190 2.0396795 2.0354524 2.0475640 2.0331466 4.1409822 4.1650918 4.0978258 4.4029673 3.8146944 2.4947179 3.7086488 3.6921508 3.9647583 3.9125412 3.9136836 3.7518907 3.8043297 3.5755794 4.1018914 4.0937698 4.0962945 3.7375706 3.7764387 3.9813292 0.0031795 0.0042365 0.0058911 0.0058613 0.0029093 0.0029804 0.0032753 0.0000000 0.1180367 0.0635889 0.4272634 1.3298279 7.7668807 
MZ202272_Mikado_virus                                 2.0688057 2.0748328 2.0721087 2.0749789 1.9027335 2.0648685 4.0477277 2.0518889 4.0461316 2.0330524 2.0372024 4.0613023 2.0701127 2.1237678 2.0850682 2.0516949 2.0933154 2.0780525 4.1412167 4.1686012 4.1195274 4.4501962 3.7349173 2.5072127 3.6957154 3.7150234 3.8884949 3.8823442 3.8834837 3.6990474 3.7989340 3.4983130 4.0797865 4.0713801 4.0819626 3.6841808 3.7314503 3.9047457 0.1170229 0.1169435 0.0645150 0.0609081 0.0637015 0.0653347 0.0614767 0.1180367 0.0000000 0.0101416 0.3894508 1.2928249 7.7337924 
MZ202275_Mikado_virus                                 2.0402421 2.0467998 2.0467998 2.0392447 1.9183406 2.0392447 2.0128424 2.0155839 2.0044033 2.0202970 1.9847766 2.0097326 2.0586015 2.0586015 2.0500353 2.0286259 2.0586015 2.0502654 1.9459054 2.0968984 1.9801501 2.3394940 2.1064537 2.4973025 2.4371046 2.4227010 2.5742662 2.4740147 2.4740147 2.3394697 2.4974646 2.4518150 2.3585636 2.3585636 2.3585636 2.6520659 2.7036537 2.3116338 0.0599818 0.0599818 0.0603889 0.0563399 0.0599818 0.0599818 0.0599818 0.0635889 0.0101416 0.0000000 0.1466596 0.7431198 5.3083164 
MZ202269_Spilikins_virus                              2.0473009 2.0533453 2.0301912 2.0301465 1.8486217 2.0229712 4.0870759 2.0083889 4.0941942 1.9913808 1.9894178 4.0860726 2.0278565 2.0772688 2.0401585 2.0166958 2.0480372 2.0565482 4.1376615 4.1847751 4.0725067 4.4768648 3.8190416 2.6061001 3.6700539 3.5776164 3.8134170 3.8553712 3.8564941 3.7433449 3.6579792 3.5090334 4.0111796 4.0030005 4.0005221 3.5835788 3.7491446 3.8315803 0.4255292 0.4282307 0.1892600 0.1915920 0.1866335 0.1788933 0.1628826 0.4272634 0.3894508 0.1466596 0.0000000 1.3102038 7.5609915 
Cloizable_virus_F1036C2F1036                          2.1662959 2.1719842 2.1374191 2.1479648 1.9113374 2.1304379 4.1177901 2.1235325 4.0981001 2.1223374 2.1355405 4.1272164 2.1311764 2.1955767 2.1558249 2.0207776 2.1643494 2.1675880 4.1666943 4.2631483 4.2857312 4.1960547 3.8866888 2.9039392 3.8802135 3.9462434 4.0751481 3.8671250 3.8643841 3.9261413 4.1034416 3.6379962 4.0289424 4.0332556 4.0026485 3.7772857 3.8709420 4.1766050 1.3323872 1.3368882 0.8284800 0.8262292 0.8255535 0.7957694 0.7703104 1.3298279 1.2928249 0.7431198 1.3102038 0.0000000 8.0994402 
MT153380_Collembolan_phasma-related_virus_OKIAV223    4.2023215 4.2614698 4.3583920 4.2526080 3.9931283 4.3122440 7.0368773 4.3647972 7.0497467 4.2577645 4.2867779 7.0479506 4.3549131 4.3628186 4.2607627 4.1425469 4.2981092 4.2680323 7.1198967 6.8295330 7.0077772 6.8986198 6.5163849 5.9197608 5.5838644 5.9067051 5.7694313 6.3257086 6.3251044 5.7267989 6.4672323 5.8969044 6.7808761 6.7905530 6.8165049 6.0665635 6.2564104 6.5928831 7.7498459 7.7147477 5.2376320 5.2830134 5.3136839 5.1671946 5.0492704 7.7668807 7.7337924 5.3083164 7.5609915 8.0994402 0.0000000 
