64
MT361031_Aedes_phasmavirus                      0.0000000 0.0000010 0.0000010 0.0000010 0.0009680 0.0009684 0.0014523 0.0113302 0.0113291 0.0123197 0.0118250 0.0118232 0.0118266 0.0118247 0.9206584 0.9802820 1.1713888 1.5053902 1.5033396 1.5047769 1.5049431 1.5013340 1.5079755 1.5060245 1.5059022 1.5022835 1.5068808 1.5053484 1.4972638 1.9711451 2.0043256 2.0032411 2.0047737 1.9596739 1.9939517 1.9590066 1.9319350 2.0250353 1.1441020 1.1582938 1.2216965 0.8170685 0.9565522 1.8998243 2.3969727 2.3905683 2.4003491 2.3906068 2.2352791 2.3670336 2.3890757 1.8615620 1.0976673 2.3161745 2.2665005 2.3658861 2.3673414 2.4033912 2.5699346 2.5766911 2.6619425 2.5256874 2.4255704 2.7665748 
MT361034_Aedes_phasmavirus                      0.0000010 0.0000000 0.0000010 0.0000010 0.0009669 0.0009673 0.0014507 0.0113176 0.0113165 0.0123060 0.0118118 0.0118100 0.0118135 0.0118116 0.9222320 0.9821564 1.1748722 1.5118108 1.5097568 1.5111942 1.5113607 1.5077422 1.5144012 1.5124433 1.5123226 1.5086951 1.5133066 1.5117669 1.5036590 1.9736868 2.0068511 2.0057664 2.0072988 1.9621908 1.9978373 1.9627385 1.9356692 2.0229877 1.1441020 1.1582938 1.2216965 0.8170685 0.9565522 1.9037947 2.4061223 2.3997002 2.4095105 2.3997395 2.2401971 2.3676219 2.3896449 1.8614220 1.0976673 2.3218589 2.2655026 2.3647690 2.3662214 2.4123715 2.5745090 2.5812713 2.6659950 2.5298422 2.4277117 2.7706069 
MT361037_Aedes_phasmavirus                      0.0000010 0.0000010 0.0000000 0.0000010 0.0014513 0.0014513 0.0019355 0.0118171 0.0118159 0.0128063 0.0123118 0.0123099 0.0123135 0.0123115 0.9228889 0.9809155 1.1761087 1.5050146 1.5029665 1.5044021 1.5045681 1.5009637 1.5075965 1.5056482 1.5055259 1.5019119 1.5065031 1.5049729 1.4968989 1.9758662 2.0090475 2.0079616 2.0094953 1.9643383 2.0000298 1.9686885 1.9415893 2.0258035 1.1545561 1.1704197 1.2322133 0.8204102 0.9596336 1.9083671 2.4080581 2.4016298 2.4114502 2.4016693 2.2464151 2.3725971 2.3946619 1.8699303 1.0956871 2.3269882 2.2686210 2.3678131 2.3692677 2.4130806 2.5835226 2.5903060 2.6753079 2.5426672 2.4303812 2.7784383 
MT361028_Aedes_phasmavirus                      0.0000010 0.0000010 0.0000010 0.0000000 0.0004839 0.0004842 0.0009664 0.0108185 0.0108174 0.0118061 0.0113123 0.0113106 0.0113139 0.0113121 0.9196109 0.9820157 1.1830827 1.5137891 1.5135852 1.5131717 1.5133382 1.5097180 1.5163802 1.5144208 1.5143007 1.5106716 1.5152859 1.5137445 1.5075672 1.9884010 2.0216715 2.0205794 2.0221201 1.9766913 2.0114694 1.9801077 1.9529721 2.0396958 1.1545561 1.1704197 1.2322133 0.8208285 0.9449179 1.9261342 2.4154631 2.4090185 2.4188657 2.4090587 2.2565585 2.3819436 2.4040738 1.8653279 1.0878999 2.3282406 2.2863399 2.3820792 2.3835443 2.4169857 2.5900998 2.5968951 2.6788150 2.5504453 2.4369337 2.7876245 
MT361040_Aedes_phasmavirus                      0.0009680 0.0009669 0.0014513 0.0004839 0.0000000 0.0000010 0.0004795 0.0122132 0.0122120 0.0131948 0.0127040 0.0127021 0.0127058 0.0127038 0.9315407 0.9904066 1.1863632 1.5209714 1.5230128 1.5203537 1.5205197 1.5169085 1.5235544 1.5215977 1.5214801 1.5178606 1.5224660 1.5209247 1.5128300 1.9995254 2.0326438 2.0315536 2.0330898 1.9864671 2.0248777 1.9984122 1.9714030 2.0496849 1.1596225 1.1704197 1.2372142 0.8338066 0.9585470 1.9255231 2.4354226 2.4315369 2.4408223 2.4315791 2.2717930 2.4110346 2.4332566 1.8792070 1.1012758 2.3412276 2.3079736 2.4025551 2.4040252 2.4293668 2.6128935 2.6180584 2.6938207 2.5725824 2.4605541 2.7930541 
MT361043_Aedes_phasmavirus                      0.0009684 0.0009673 0.0014513 0.0004842 0.0000010 0.0000000 0.0004796 0.0122181 0.0122169 0.0132001 0.0127092 0.0127073 0.0127109 0.0127089 0.9322242 0.9911460 1.1873116 1.5205167 1.5225589 1.5198990 1.5200650 1.5164524 1.5231009 1.5211436 1.5210258 1.5174048 1.5220118 1.5204702 1.5123725 2.0015498 2.0346981 2.0336065 2.0351445 1.9884549 2.0269269 2.0004263 1.9733967 2.0517619 1.1596225 1.1704197 1.2372142 0.8372383 0.9616270 1.9274167 2.4354119 2.4315239 2.4408149 2.4315661 2.2716874 2.4110091 2.4332445 1.8787046 1.0993016 2.3411608 2.3078820 2.4025246 2.4039956 2.4293524 2.6129948 2.6181631 2.6939747 2.5726908 2.4605586 2.7932778 
MT361049_Aedes_phasmavirus                      0.0014523 0.0014507 0.0019355 0.0009664 0.0004795 0.0004796 0.0000000 0.0122220 0.0122208 0.0132044 0.0127133 0.0127113 0.0127150 0.0127130 0.9322886 0.9911918 1.1872822 1.5221220 1.5241650 1.5215037 1.5216698 1.5180563 1.5247064 1.5227482 1.5226308 1.5190092 1.5236178 1.5220750 1.5139747 2.0010224 2.0341504 2.0330595 2.0345965 1.9879419 2.0263834 1.9999020 1.9728879 2.0512018 1.1596225 1.1704197 1.2372142 0.8338066 0.9618672 1.9269503 2.4372436 2.4333552 2.4426476 2.4333976 2.2734842 2.4128485 2.4350841 1.8815088 1.1042196 2.3429868 2.3098208 2.4043574 2.4058288 2.4311866 2.6148715 2.6200395 2.6958471 2.5753920 2.4623996 2.7951762 
Aedes_phasmavirus_F1083C4F1083                  0.0113302 0.0113176 0.0118171 0.0108185 0.0122132 0.0122181 0.0122220 0.0000000 0.0019148 0.0028734 0.0023941 0.0023938 0.0023945 0.0004793 0.9125049 0.9648921 1.1706516 1.4957615 1.4937426 1.4951610 1.4953245 1.4917763 1.4983052 1.4963901 1.4962669 1.4927085 1.4972248 1.4957233 1.4916355 1.9729713 2.0057533 2.0046814 2.0061959 1.9603652 1.9986580 1.9772674 1.9504588 2.0141490 1.1596225 1.1704197 1.2372142 0.8338066 0.9042338 1.9011556 2.3992291 2.3952550 2.4043367 2.3954614 2.2419548 2.3531269 2.3747772 1.8092262 1.0306774 2.2868406 2.2548928 2.3501454 2.3515696 2.3817632 2.5431108 2.5481338 2.6250210 2.5306267 2.4098483 2.7503800 
MW434650_Orthophasmavirus_bastukasense          0.0113291 0.0113165 0.0118159 0.0108174 0.0122120 0.0122169 0.0122208 0.0019148 0.0000000 0.0009567 0.0014352 0.0004782 0.0004793 0.0023938 0.9114593 0.9638075 1.1677010 1.4940279 1.4920107 1.4934285 1.4935919 1.4900475 1.4965694 1.4946568 1.4945332 1.4909785 1.4954893 1.4939904 1.4899073 1.9657762 1.9985260 1.9974571 1.9989684 1.9532687 1.9914301 1.9717226 1.9449264 2.0139315 1.1596225 1.1704197 1.2372142 0.8338066 0.9042338 1.8981369 2.3970761 2.3931045 2.4021794 2.3933106 2.2377862 2.3528765 2.3745303 1.8120017 1.0306774 2.2815538 2.2522891 2.3476350 2.3490579 2.3807541 2.5404177 2.5454371 2.6185144 2.5361328 2.4058614 2.7476367 
MW434651_Orthophasmavirus_barstukasense         0.0123197 0.0123060 0.0128063 0.0118061 0.0131948 0.0132001 0.0132044 0.0028734 0.0009567 0.0000000 0.0004782 0.0004783 0.0014356 0.0033529 0.9110848 0.9634212 1.1679211 1.4938374 1.4918200 1.4932380 1.4934013 1.4898570 1.4963789 1.4944664 1.4943427 1.4907879 1.4952988 1.4937999 1.4897167 1.9667789 1.9995318 1.9984625 1.9999743 1.9547105 1.9896984 1.9720648 1.9452669 2.0153315 1.1596225 1.1704197 1.2372142 0.8338066 0.9042338 1.8955591 2.3959092 2.3919391 2.4010102 2.3921451 2.2399645 2.3516956 2.3733456 1.8120017 1.0306774 2.2829213 2.2506260 2.3460197 2.3474416 2.3803840 2.5395030 2.5445214 2.6170740 2.5361328 2.4053358 2.7510842 
MW434652_Orthophasmavirus_barstukasense         0.0118250 0.0118118 0.0123118 0.0113123 0.0127040 0.0127092 0.0127133 0.0023941 0.0014352 0.0004782 0.0000000 0.0009566 0.0019144 0.0028734 0.9107491 0.9630728 1.1675176 1.4928518 1.4908348 1.4922529 1.4924162 1.4888730 1.4953927 1.4934811 1.4933571 1.4898035 1.4943125 1.4928146 1.4887330 1.9682872 2.0010441 1.9999743 2.0014865 1.9561992 1.9912103 1.9735696 1.9467714 2.0136409 1.1596225 1.1704197 1.2372142 0.8338066 0.9042338 1.8970119 2.3939425 2.3899748 2.3990395 2.3901805 2.2381120 2.3534376 2.3750975 1.8143146 1.0306774 2.2846197 2.2524148 2.3477529 2.3491758 2.3821335 2.5374083 2.5424240 2.6189764 2.5331224 2.4033540 2.7530890 
MW434654_Orthophasmavirus_barstukasense         0.0118232 0.0118100 0.0123099 0.0113106 0.0127021 0.0127073 0.0127113 0.0023938 0.0004782 0.0004783 0.0009566 0.0000000 0.0009568 0.0028730 0.9118040 0.9641614 1.1680958 1.4944941 1.4924766 1.4938944 1.4940578 1.4905127 1.4970359 1.4951229 1.4949993 1.4914439 1.4959559 1.4944564 1.4903723 1.9672841 2.0000379 1.9989684 2.0004804 1.9547570 1.9897470 1.9722630 1.9454652 2.0154495 1.1596225 1.1704197 1.2372142 0.8338066 0.9042338 1.8966593 2.3968038 2.3928327 2.4019066 2.3930388 2.2394425 2.3518161 2.3734660 1.8120017 1.0306774 2.2805143 2.2515368 2.3469030 2.3483254 2.3805039 2.5396245 2.5446428 2.6177031 2.5361328 2.4047904 2.7484816 
MW434660_Orthophasmavirus_barstukasense         0.0118266 0.0118135 0.0123135 0.0113139 0.0127058 0.0127109 0.0127150 0.0023945 0.0004793 0.0014356 0.0019144 0.0009568 0.0000000 0.0028738 0.9104111 0.9627295 1.1664801 1.4959509 1.4939321 1.4953504 1.4955139 1.4919658 1.4984945 1.4965794 1.4964563 1.4928980 1.4974142 1.4959127 1.4918250 1.9638308 1.9965653 1.9954974 1.9970077 1.9513524 1.9894707 1.9697797 1.9429921 2.0119582 1.1596819 1.1704197 1.2370991 0.8338066 0.9042338 1.8965214 2.3946581 2.3906908 2.3999272 2.3908966 2.2355577 2.3504918 2.3721244 1.8120017 1.0306774 2.2792549 2.2519985 2.3473295 2.3487519 2.3783493 2.5431513 2.5481760 2.6158097 2.5325839 2.4085042 2.7487319 
Aedes_phasmavirus_F1083C4F1520                  0.0118247 0.0118116 0.0123115 0.0113121 0.0127038 0.0127089 0.0127130 0.0004793 0.0023938 0.0033529 0.0028734 0.0028730 0.0028738 0.0000000 0.9136054 0.9660298 1.1719630 1.4947285 1.4927101 1.4941285 1.4942920 1.4907452 1.4972715 1.4953575 1.4952340 1.4916769 1.4969759 1.4946907 1.4906047 1.9705992 2.0033670 2.0022962 2.0038095 1.9580270 1.9962723 1.9758541 1.9490499 2.0128758 1.1596225 1.1704197 1.2372142 0.8338066 0.9089027 1.8988880 2.4018296 2.3978513 2.4069438 2.3980580 2.2443633 2.3502974 2.3719268 1.8056630 1.0285331 2.2854041 2.2542903 2.3495651 2.3509890 2.3789145 2.5400354 2.5450536 2.6218629 2.5346536 2.4069604 2.7470322 
ON955170_Kuusamo_orthophasmavirus_4             0.9206584 0.9222320 0.9228889 0.9196109 0.9315407 0.9322242 0.9322886 0.9125049 0.9114593 0.9110848 0.9107491 0.9118040 0.9104111 0.9136054 0.0000000 0.4176844 1.0151742 1.3665801 1.3705223 1.3669612 1.3670724 1.3668399 1.3699761 1.3664209 1.3645019 1.3648052 1.3684348 1.3659490 1.3649829 1.9283008 1.9551282 1.9540800 1.9555688 1.9604832 1.9757011 1.9772177 1.9538418 2.0449709 1.1067630 1.1094900 1.1697668 0.7866995 0.7958926 1.9120225 2.1873809 2.1842324 2.1832274 2.1928536 2.1899544 2.3401978 2.3470602 1.7603284 1.0197405 2.3026238 2.3921671 2.5062317 2.5233770 2.4030781 2.4910973 2.4879285 2.5970327 2.5375104 2.3194696 2.6323013 
MN513376_Flen_bunya-like_virus                  0.9802820 0.9821564 0.9809155 0.9820157 0.9904066 0.9911460 0.9911918 0.9648921 0.9638075 0.9634212 0.9630728 0.9641614 0.9627295 0.9660298 0.4176844 0.0000000 1.0577206 1.3561642 1.3574380 1.3548876 1.3562632 1.3534593 1.3556619 1.3568554 1.3536210 1.3562588 1.3575213 1.3562821 1.3562439 1.9518475 1.9835371 1.9811118 1.9826070 1.9942580 1.9958614 1.9773163 1.9566311 2.0712080 1.1550301 1.1172300 1.2047769 0.8371371 0.8124786 1.9099229 2.1898607 2.1907686 2.1841627 2.1867350 2.1127264 2.4006911 2.4136186 1.8114221 1.0018215 2.3859483 2.3954149 2.5105235 2.5243752 2.3905125 2.4906072 2.4927460 2.5947328 2.4639461 2.4321612 2.6805693 
NC_040759_Yongsan_bunyavirus_1                  1.1713888 1.1748722 1.1761087 1.1830827 1.1863632 1.1873116 1.1872822 1.1706516 1.1677010 1.1679211 1.1675176 1.1680958 1.1664801 1.1719630 1.0151742 1.0577206 0.0000000 1.4689269 1.4693178 1.4683424 1.4667539 1.4664323 1.4692204 1.4690231 1.4651698 1.4683770 1.4695030 1.4672165 1.4679016 2.0449765 2.0723208 2.0759125 2.0741876 2.0998742 2.0967312 2.1309761 2.1143743 2.0620034 1.0802347 1.0682934 1.1159797 0.8682551 1.0122703 1.9492400 2.3050230 2.2905845 2.2959948 2.2995365 2.2840907 2.4589848 2.4614541 1.8944642 1.0522131 2.3996443 2.4590373 2.5849210 2.5932249 2.5360583 2.5740841 2.5681585 2.6496383 2.4745839 2.3636832 2.6300751 
MW434693_Orthophasmavirus_miglotasense          1.5053902 1.5118108 1.5050146 1.5137891 1.5209714 1.5205167 1.5221220 1.4957615 1.4940279 1.4938374 1.4928518 1.4944941 1.4959509 1.4947285 1.3665801 1.3561642 1.4689269 0.0000000 0.0019266 0.0009620 0.0014434 0.0014434 0.0019262 0.0019251 0.0014436 0.0014435 0.0024127 0.0019260 0.0038574 1.8115543 1.8254247 1.8245454 1.8259588 1.8308236 1.8109254 1.8441655 1.8410917 1.8420880 1.1616139 1.0449377 1.1974010 0.7446092 0.8547578 1.6928777 1.9956238 1.9976839 1.9953250 1.9957578 1.8506956 1.9970482 2.0015737 1.5595912 0.8487901 2.0963747 2.0899338 2.1617460 2.1636191 2.1747367 2.1695112 2.1682149 2.2819241 2.3650020 1.9150444 2.3380825 
MW434694_Orthophasmavirus_moglotasense          1.5033396 1.5097568 1.5029665 1.5135852 1.5230128 1.5225589 1.5241650 1.4937426 1.4920107 1.4918200 1.4908348 1.4924766 1.4939321 1.4927101 1.3705223 1.3574380 1.4693178 0.0019266 0.0000000 0.0019265 0.0024088 0.0024089 0.0028931 0.0028915 0.0024092 0.0024090 0.0033809 0.0028928 0.0048281 1.8160167 1.8298766 1.8289966 1.8304122 1.8352933 1.8153594 1.8486714 1.8456330 1.8434251 1.1616139 1.0449377 1.1974010 0.7446092 0.8547578 1.6967000 2.0020944 2.0041639 2.0018301 2.0022013 1.8550274 2.0027666 2.0073072 1.5648536 0.8487901 2.0979817 2.0943225 2.1661714 2.1678860 2.1805629 2.1749682 2.1736707 2.2802946 2.3690663 1.9194376 2.3438796 
MW434698_Orthophasmavirus_miglotasense          1.5047769 1.5111942 1.5044021 1.5131717 1.5203537 1.5198990 1.5215037 1.4951610 1.4934285 1.4932380 1.4922529 1.4938944 1.4953504 1.4941285 1.3669612 1.3548876 1.4683424 0.0009620 0.0019265 0.0000000 0.0004808 0.0014434 0.0009624 0.0009619 0.0014435 0.0014434 0.0024116 0.0019259 0.0038572 1.8102772 1.8241507 1.8232717 1.8246844 1.8295446 1.8096564 1.8428763 1.8397924 1.8444855 1.1616139 1.0449377 1.1974010 0.7446092 0.8547578 1.6927075 1.9964492 1.9985102 1.9961511 1.9965849 1.8504569 1.9978808 2.0024077 1.5595912 0.8487901 2.0960787 2.0902746 2.1622264 2.1639359 2.1772501 2.1692050 2.1679088 2.2819223 2.3685931 1.9165064 2.3383693 
MW434699_Orthophasmavirus_moglotasense          1.5049431 1.5113607 1.5045681 1.5133382 1.5205197 1.5200650 1.5216698 1.4953245 1.4935919 1.4934013 1.4924162 1.4940578 1.4955139 1.4942920 1.3670724 1.3562632 1.4667539 0.0014434 0.0024088 0.0004808 0.0000000 0.0019251 0.0014441 0.0014433 0.0019252 0.0019251 0.0028948 0.0024081 0.0043406 1.8120234 1.8258919 1.8250126 1.8264260 1.8312923 1.8113916 1.8429768 1.8398937 1.8462453 1.1616139 1.0449377 1.1974010 0.7446092 0.8547578 1.6909235 1.9975956 1.9996581 1.9972984 1.9977335 1.8505579 1.9979304 2.0024575 1.5595912 0.8487901 2.0961342 2.0903335 2.1622858 2.1639954 2.1774654 2.1692651 2.1679688 2.2821445 2.3685931 1.9165513 2.3372789 
MW434704_Orthophasmavirus_moglotasense          1.5013340 1.5077422 1.5009637 1.5097180 1.5169085 1.5164524 1.5180563 1.4917763 1.4900475 1.4898570 1.4888730 1.4905127 1.4919658 1.4907452 1.3668399 1.3534593 1.4664323 0.0014434 0.0024089 0.0014434 0.0019251 0.0000000 0.0024084 0.0024071 0.0019253 0.0019252 0.0028949 0.0024082 0.0043408 1.8119328 1.8257991 1.8249200 1.8263331 1.8299807 1.8113017 1.8432453 1.8401643 1.8414868 1.1616139 1.0449377 1.1974010 0.7446092 0.8547578 1.6913178 1.9948730 1.9969311 1.9945738 1.9950056 1.8555153 1.9935249 1.9986403 1.5595912 0.8487901 2.0931124 2.0875090 2.1595481 2.1612546 2.1762309 2.1668873 2.1655916 2.2784403 2.3650020 1.9150693 2.3355221 
MW434703_Orthophasmavirus_moglotasense          1.5079755 1.5144012 1.5075965 1.5163802 1.5235544 1.5231009 1.5247064 1.4983052 1.4965694 1.4963789 1.4953927 1.4970359 1.4984945 1.4972715 1.3699761 1.3556619 1.4692204 0.0019262 0.0028931 0.0009624 0.0014441 0.0024084 0.0000000 0.0019260 0.0024086 0.0024085 0.0033795 0.0028922 0.0048270 1.8113869 1.8252592 1.8243798 1.8257932 1.8306580 1.8107591 1.8460697 1.8430104 1.8499846 1.1616139 1.0449377 1.1974010 0.7419166 0.8514328 1.6960318 1.9995600 2.0016265 1.9992642 1.9997019 1.8558309 2.0019652 2.0065056 1.5577947 0.8462372 2.1004280 2.0954471 2.1672152 2.1689300 2.1805253 2.1717743 2.1704777 2.2833470 2.3696817 1.9218825 2.3384730 
MW434700_Orthophasmavirus_miglotasense          1.5060245 1.5124433 1.5056482 1.5144208 1.5215977 1.5211436 1.5227482 1.4963901 1.4946568 1.4944664 1.4934811 1.4951229 1.4965794 1.4953575 1.3664209 1.3568554 1.4690231 0.0019251 0.0028915 0.0009619 0.0014433 0.0024071 0.0019260 0.0000000 0.0024073 0.0024071 0.0033783 0.0028906 0.0048244 1.8095389 1.8234163 1.8225372 1.8239497 1.8288081 1.8128641 1.8461396 1.8430809 1.8467325 1.1616139 1.0382163 1.1913130 0.7446092 0.8547578 1.6955183 1.9961513 1.9982116 1.9958530 1.9962863 1.8526258 1.9993421 2.0038735 1.5614265 0.8450477 2.0935750 2.0896817 2.1616336 2.1633420 2.1769092 2.1656240 2.1643286 2.2831341 2.3637114 1.9157911 2.3371587 
MW434692_Orthophasmavirus_moglotasense          1.5059022 1.5123226 1.5055259 1.5143007 1.5214801 1.5210258 1.5226308 1.4962669 1.4945332 1.4943427 1.4933571 1.4949993 1.4964563 1.4952340 1.3645019 1.3536210 1.4651698 0.0014436 0.0024092 0.0014435 0.0019252 0.0019253 0.0024086 0.0024073 0.0000000 0.0009618 0.0019284 0.0014438 0.0043412 1.8156207 1.8294819 1.8286019 1.8300173 1.8357847 1.8158465 1.8482924 1.8452520 1.8423972 1.1616139 1.0524690 1.2043183 0.7446092 0.8547578 1.6933119 2.0013480 2.0034159 2.0010537 2.0014933 1.8542088 1.9968866 2.0014087 1.5557505 0.8495919 2.1004308 2.0913324 2.1632542 2.1649650 2.1826701 2.1700565 2.1687600 2.2833605 2.3663487 1.9206451 2.3432164 
MW434697_Orthophasmavirus_miglotasense          1.5022835 1.5086951 1.5019119 1.5106716 1.5178606 1.5174048 1.5190092 1.4927085 1.4909785 1.4907879 1.4898035 1.4914439 1.4928980 1.4916769 1.3648052 1.3562588 1.4683770 0.0014435 0.0024090 0.0014434 0.0019251 0.0019252 0.0024085 0.0024071 0.0009618 0.0000000 0.0019283 0.0014437 0.0043409 1.8143274 1.8281921 1.8273124 1.8287271 1.8336024 1.8136809 1.8469676 1.8439156 1.8410755 1.1616139 1.0524690 1.2043183 0.7446092 0.8547578 1.6915265 1.9986606 2.0007257 1.9983641 1.9988007 1.8518405 1.9962602 2.0007807 1.5557505 0.8495919 2.0979766 2.0920224 2.1639543 2.1656667 2.1801830 2.1680464 2.1667499 2.2812323 2.3663487 1.9210821 2.3439956 
MW434696_Orthophasmavirus_miglotasense          1.5068808 1.5133066 1.5065031 1.5152859 1.5224660 1.5220118 1.5236178 1.4972248 1.4954893 1.4952988 1.4943125 1.4959559 1.4974142 1.4969759 1.3684348 1.3575213 1.4695030 0.0024127 0.0033809 0.0024116 0.0028948 0.0028949 0.0033795 0.0033783 0.0019284 0.0019283 0.0000000 0.0024127 0.0053186 1.8184967 1.8323491 1.8314688 1.8328854 1.8357155 1.8165795 1.8471899 1.8441411 1.8403421 1.1616139 1.0524690 1.2043183 0.7446092 0.8552095 1.6918360 1.9994809 2.0015469 1.9991851 1.9996226 1.8539806 1.9968288 2.0013516 1.5572364 0.8500365 2.1049662 2.0912134 2.1631634 2.1648746 2.1820843 2.1702225 2.1689259 2.2827624 2.3806039 1.9278921 2.3448278 
MW434695_Orthophasmavirus_moglotasense          1.5053484 1.5117669 1.5049729 1.5137445 1.5209247 1.5204702 1.5220750 1.4957233 1.4939904 1.4937999 1.4928146 1.4944564 1.4959127 1.4946907 1.3659490 1.3562821 1.4672165 0.0019260 0.0028928 0.0019259 0.0024081 0.0024082 0.0028922 0.0028906 0.0014438 0.0014437 0.0024127 0.0000000 0.0048266 1.8151655 1.8290261 1.8281463 1.8295613 1.8344388 1.8145137 1.8478087 1.8447638 1.8409522 1.1609008 1.0517289 1.2036077 0.7504600 0.8577254 1.6930613 2.0009031 2.0029705 2.0006085 2.0010476 1.8517962 1.9967952 2.0013163 1.5568469 0.8531093 2.1014088 2.0912888 2.1632099 2.1649206 2.1822662 2.1698529 2.1685566 2.2838167 2.3671283 1.9205787 2.3441990 
MW434705_Orthophasmavirus_miglotasense          1.4972638 1.5036590 1.4968989 1.5075672 1.5128300 1.5123725 1.5139747 1.4916355 1.4899073 1.4897167 1.4887330 1.4903723 1.4918250 1.4906047 1.3649829 1.3562439 1.4679016 0.0038574 0.0048281 0.0038572 0.0043406 0.0043408 0.0048270 0.0048244 0.0043412 0.0043409 0.0053186 0.0048266 0.0000000 1.8120429 1.8259150 1.8250355 1.8264493 1.8326476 1.8139183 1.8461793 1.8431210 1.8370901 1.1616139 1.0449377 1.1974010 0.7539302 0.8566816 1.6925568 2.0035717 2.0056431 2.0032790 2.0037214 1.8510485 2.0005675 2.0051031 1.5639890 0.8529270 2.0969367 2.0982506 2.1702504 2.1719675 2.1847609 2.1698733 2.1685771 2.2817997 2.3579246 1.9138998 2.3367110 
MN661018_Culex_orthophasmavirus                 1.9711451 1.9736868 1.9758662 1.9884010 1.9995254 2.0015498 2.0010224 1.9729713 1.9657762 1.9667789 1.9682872 1.9672841 1.9638308 1.9705992 1.9283008 1.9518475 2.0449765 1.8115543 1.8160167 1.8102772 1.8120234 1.8119328 1.8113869 1.8095389 1.8156207 1.8143274 1.8184967 1.8151655 1.8120429 0.0000000 0.0034466 0.0039397 0.0034466 0.0622959 0.1045947 0.3926794 0.3939082 0.5056534 0.8592701 0.8686311 0.8987237 0.7851747 0.7435779 1.3284939 2.1880893 2.1700679 2.1665126 2.1697794 2.0576185 2.1510204 2.1633450 1.6087363 1.0004385 2.1771755 2.2121631 2.3404527 2.3460616 2.3471710 2.4202361 2.4116983 2.4502918 2.5327639 2.3412882 2.6927124 
MF176293_Culex_orthophasmavirus                 2.0043256 2.0068511 2.0090475 2.0216715 2.0326438 2.0346981 2.0341504 2.0057533 1.9985260 1.9995318 2.0010441 2.0000379 1.9965653 2.0033670 1.9551282 1.9835371 2.0723208 1.8254247 1.8298766 1.8241507 1.8258919 1.8257991 1.8252592 1.8234163 1.8294819 1.8281921 1.8323491 1.8290261 1.8259150 0.0034466 0.0000000 0.0009735 0.0004867 0.0631759 0.1034152 0.3947766 0.3948217 0.5075862 0.8584298 0.8676602 0.8978868 0.7851747 0.7435779 1.3290090 2.2208984 2.2030788 2.1994922 2.2027477 2.0747601 2.1819345 2.1929292 1.6584478 1.0004385 2.2141711 2.2151894 2.3851168 2.3896650 2.3909540 2.4596676 2.4510964 2.4862174 2.5326149 2.3702500 2.7229517 
MF176313_Culex_orthophasmavirus                 2.0032411 2.0057664 2.0079616 2.0205794 2.0315536 2.0336065 2.0330595 2.0046814 1.9974571 1.9984625 1.9999743 1.9989684 1.9954974 2.0022962 1.9540800 1.9811118 2.0759125 1.8245454 1.8289966 1.8232717 1.8250126 1.8249200 1.8243798 1.8225372 1.8286019 1.8273124 1.8314688 1.8281463 1.8250355 0.0039397 0.0009735 0.0000000 0.0004863 0.0626844 0.1040180 0.3956819 0.3957366 0.5090654 0.8584298 0.8676602 0.8978868 0.7851747 0.7435779 1.3283906 2.2197545 2.2019416 2.1983571 2.2016121 2.0760174 2.1842252 2.1952282 1.6584478 1.0004385 2.2156092 2.2139633 2.3838872 2.3884329 2.3910090 2.4597283 2.4511564 2.4877291 2.5316111 2.3692768 2.7227025 
NC_055215_Culex_orthophasmavirus                2.0047737 2.0072988 2.0094953 2.0221201 2.0330898 2.0351445 2.0345965 2.0061959 1.9989684 1.9999743 2.0014865 2.0004804 1.9970077 2.0038095 1.9555688 1.9826070 2.0741876 1.8259588 1.8304122 1.8246844 1.8264260 1.8263331 1.8257932 1.8239497 1.8300173 1.8287271 1.8328854 1.8295613 1.8264493 0.0034466 0.0004867 0.0004863 0.0000000 0.0632078 0.1034671 0.3949690 0.3950162 0.5083065 0.8584298 0.8676602 0.8978868 0.7851747 0.7435779 1.3295203 2.2213948 2.2035734 2.1999861 2.2032416 2.0766290 2.1824033 2.1933995 1.6584478 1.0004385 2.2162167 2.2157219 2.3856389 2.3901878 2.3917231 2.4604654 2.4518911 2.4884697 2.5326149 2.3710082 2.7235309 
MK440628_Anjon_virus                            1.9596739 1.9621908 1.9643383 1.9766913 1.9864671 1.9884549 1.9879419 1.9603652 1.9532687 1.9547105 1.9561992 1.9547570 1.9513524 1.9580270 1.9604832 1.9942580 2.0998742 1.8308236 1.8352933 1.8295446 1.8312923 1.8299807 1.8306580 1.8288081 1.8357847 1.8336024 1.8357155 1.8344388 1.8326476 0.0622959 0.0631759 0.0626844 0.0632078 0.0000000 0.1069220 0.3967523 0.3974705 0.5114871 0.8552813 0.8619600 0.8949738 0.8006145 0.7651371 1.3323062 2.2368430 2.2171403 2.2151258 2.2131170 2.0863967 2.1913105 2.2108100 1.6635222 0.9932357 2.2488385 2.2013771 2.3702201 2.3739536 2.3995844 2.4116586 2.4043499 2.4617578 2.5162619 2.3658720 2.7256992 
OL700053_Culex_orthophasmavirus                 1.9939517 1.9978373 2.0000298 2.0114694 2.0248777 2.0269269 2.0263834 1.9986580 1.9914301 1.9896984 1.9912103 1.9897470 1.9894707 1.9962723 1.9757011 1.9958614 2.0967312 1.8109254 1.8153594 1.8096564 1.8113916 1.8113017 1.8107591 1.8128641 1.8158465 1.8136809 1.8165795 1.8145137 1.8139183 0.1045947 0.1034152 0.1040180 0.1034671 0.1069220 0.0000000 0.3952264 0.3949864 0.5186574 0.8393620 0.8550750 0.8860997 0.7770186 0.7686499 1.3484237 2.2131646 2.1941712 2.2067209 2.1980395 2.0913332 2.1829260 2.1961699 1.6585135 0.9806571 2.2343703 2.2053707 2.3682044 2.3731117 2.3714453 2.4171862 2.4088582 2.4405215 2.5137259 2.3707527 2.6969013 
MW452284_Wuhan_mosquito_orthophasmavirus_2      1.9590066 1.9627385 1.9686885 1.9801077 1.9984122 2.0004263 1.9999020 1.9772674 1.9717226 1.9720648 1.9735696 1.9722630 1.9697797 1.9758541 1.9772177 1.9773163 2.1309761 1.8441655 1.8486714 1.8428763 1.8429768 1.8432453 1.8460697 1.8461396 1.8482924 1.8469676 1.8471899 1.8478087 1.8461793 0.3926794 0.3947766 0.3956819 0.3949690 0.3967523 0.3952264 0.0000000 0.0004922 0.5349196 0.9053187 0.8946963 0.9316622 0.7612667 0.7556795 1.3421468 2.2435180 2.2242291 2.2164633 2.2382962 2.0747436 2.1982561 2.2175131 1.7067578 0.9862490 2.3132081 2.2011866 2.3491280 2.3576717 2.3460170 2.4360131 2.4301618 2.4756339 2.4428445 2.2855374 2.6688569 
NC_031312_Wuhan_mosquito_orthophasmavirus_2     1.9319350 1.9356692 1.9415893 1.9529721 1.9714030 1.9733967 1.9728879 1.9504588 1.9449264 1.9452669 1.9467714 1.9454652 1.9429921 1.9490499 1.9538418 1.9566311 2.1143743 1.8410917 1.8456330 1.8397924 1.8398937 1.8401643 1.8430104 1.8430809 1.8452520 1.8439156 1.8441411 1.8447638 1.8431210 0.3939082 0.3948217 0.3957366 0.3950162 0.3974705 0.3949864 0.0004922 0.0000000 0.5327428 0.9130955 0.9034900 0.9393219 0.7612667 0.7556795 1.3530273 2.2179836 2.1990898 2.1913562 2.2131704 2.0774502 2.1747244 2.1987337 1.6690290 0.9924536 2.2767910 2.2060190 2.3241650 2.3346534 2.3005399 2.4017556 2.3959210 2.4425546 2.4438580 2.2685755 2.6407811 
OL700113_XiangYun_bunya-arena-like_virus_12     2.0250353 2.0229877 2.0258035 2.0396958 2.0496849 2.0517619 2.0512018 2.0141490 2.0139315 2.0153315 2.0136409 2.0154495 2.0119582 2.0128758 2.0449709 2.0712080 2.0620034 1.8420880 1.8434251 1.8444855 1.8462453 1.8414868 1.8499846 1.8467325 1.8423972 1.8410755 1.8403421 1.8409522 1.8370901 0.5056534 0.5075862 0.5090654 0.5083065 0.5114871 0.5186574 0.5349196 0.5327428 0.0000000 0.9070226 0.9316718 0.9645084 0.7220481 0.7841570 1.3271427 2.2916256 2.2644982 2.2767362 2.2744427 2.1428654 2.2348827 2.2568740 1.7822875 1.0569050 2.3007241 2.2367182 2.3744016 2.3847610 2.3395421 2.5323473 2.5288927 2.5978478 2.5407324 2.3594453 2.7541669 
ON955163_Hameenlinna_orthophasmavirus_1         1.1441020 1.1441020 1.1545561 1.1545561 1.1596225 1.1596225 1.1596225 1.1596225 1.1596225 1.1596225 1.1596225 1.1596225 1.1596819 1.1596225 1.1067630 1.1550301 1.0802347 1.1616139 1.1616139 1.1616139 1.1616139 1.1616139 1.1616139 1.1616139 1.1616139 1.1616139 1.1616139 1.1609008 1.1616139 0.8592701 0.8584298 0.8584298 0.8584298 0.8552813 0.8393620 0.9053187 0.9130955 0.9070226 0.0000000 0.0080850 0.0021703 9.0000000 0.9302672 0.7556174 1.3171417 1.3140691 1.3082199 1.3224712 1.4650581 1.4897866 1.4922256 0.9506000 0.6503519 1.5333234 1.6009372 1.6030103 1.6009372 1.6900658 1.5217710 1.5217710 1.5133289 2.1313692 1.6365153 1.7182200 
ON955161_Hameenlinna_orthophasmavirus_1         1.1582938 1.1582938 1.1704197 1.1704197 1.1704197 1.1704197 1.1704197 1.1704197 1.1704197 1.1704197 1.1704197 1.1704197 1.1704197 1.1704197 1.1094900 1.1172300 1.0682934 1.0449377 1.0449377 1.0449377 1.0449377 1.0449377 1.0449377 1.0382163 1.0524690 1.0524690 1.0524690 1.0517289 1.0449377 0.8686311 0.8676602 0.8676602 0.8676602 0.8619600 0.8550750 0.8946963 0.9034900 0.9316718 0.0080850 0.0000000 0.0208290 2.1344416 1.3221118 0.7434998 1.2094740 1.2101025 1.2058645 1.2115283 1.3470159 1.3862012 1.3862012 1.1186513 0.8165347 1.3540540 1.4381652 1.4402939 1.4381652 1.4481401 1.3446833 1.3446833 1.3393819 2.0030607 1.4265450 1.4280495 
ON955162_Hameenlinna_orthophasmavirus_1         1.2216965 1.2216965 1.2322133 1.2322133 1.2372142 1.2372142 1.2372142 1.2372142 1.2372142 1.2372142 1.2372142 1.2372142 1.2370991 1.2372142 1.1697668 1.2047769 1.1159797 1.1974010 1.1974010 1.1974010 1.1974010 1.1974010 1.1974010 1.1913130 1.2043183 1.2043183 1.2043183 1.2036077 1.1974010 0.8987237 0.8978868 0.8978868 0.8978868 0.8949738 0.8860997 0.9316622 0.9393219 0.9645084 0.0021703 0.0208290 0.0000000 8.9999990 1.7543829 0.8100469 1.3805250 1.3773766 1.3720614 1.3862100 1.5377734 1.5889687 1.5913048 1.1322153 0.8365388 1.5775349 1.6719434 1.6740276 1.6719434 1.7701748 1.5862003 1.5862003 1.5831895 2.2103273 1.6909881 1.7278447 
ON955171_Lestijarvi_orthophasmavirus_1          0.8170685 0.8170685 0.8204102 0.8208285 0.8338066 0.8372383 0.8338066 0.8338066 0.8338066 0.8338066 0.8338066 0.8338066 0.8338066 0.8338066 0.7866995 0.8371371 0.8682551 0.7446092 0.7446092 0.7446092 0.7446092 0.7446092 0.7419166 0.7446092 0.7446092 0.7446092 0.7446092 0.7504600 0.7539302 0.7851747 0.7851747 0.7851747 0.7851747 0.8006145 0.7770186 0.7612667 0.7612667 0.7220481 9.0000000 2.1344416 8.9999990 0.0000000 0.6125357 0.6448881 1.1192860 1.1019596 1.0995553 1.1065725 1.2270422 1.0118417 1.0133366 1.0075479 1.0746606 1.1494732 1.1141585 1.1141585 1.1172179 1.0168392 1.1087732 1.1057492 1.1810704 2.0299788 1.1476438 1.3034608 
ON955167_Kuusamo_orthophasmavirus_2             0.9565522 0.9565522 0.9596336 0.9449179 0.9585470 0.9616270 0.9618672 0.9042338 0.9042338 0.9042338 0.9042338 0.9042338 0.9042338 0.9089027 0.7958926 0.8124786 1.0122703 0.8547578 0.8547578 0.8547578 0.8547578 0.8547578 0.8514328 0.8547578 0.8547578 0.8547578 0.8552095 0.8577254 0.8566816 0.7435779 0.7435779 0.7435779 0.7435779 0.7651371 0.7686499 0.7556795 0.7556795 0.7841570 0.9302672 1.3221118 1.7543829 0.6125357 0.0000000 0.5527535 1.0285316 1.0200824 1.0376994 1.0289376 0.9649600 1.0384898 1.0454089 1.0348019 1.1188794 1.1441192 1.1591520 1.1591520 1.1564082 1.1176309 1.2385855 1.2360622 1.2566965 2.2747310 1.0751567 1.4389942 
MN661021_Orthophasmavirus_coredoense            1.8998243 1.9037947 1.9083671 1.9261342 1.9255231 1.9274167 1.9269503 1.9011556 1.8981369 1.8955591 1.8970119 1.8966593 1.8965214 1.8988880 1.9120225 1.9099229 1.9492400 1.6928777 1.6967000 1.6927075 1.6909235 1.6913178 1.6960318 1.6955183 1.6933119 1.6915265 1.6918360 1.6930613 1.6925568 1.3284939 1.3290090 1.3283906 1.3295203 1.3323062 1.3484237 1.3421468 1.3530273 1.3271427 0.7556174 0.7434998 0.8100469 0.6448881 0.5527535 0.0000000 2.0782973 2.0842446 2.0766539 2.0937220 2.0125569 2.1254342 2.1304441 1.5557103 0.9112307 2.2227016 2.1144052 2.2295045 2.2289126 2.3251369 2.3344507 2.3356911 2.4645818 2.4468711 2.2994243 2.6386642 
ON059782_Niukluk_phantom_orthophasmavirus       2.3969727 2.4061223 2.4080581 2.4154631 2.4354226 2.4354119 2.4372436 2.3992291 2.3970761 2.3959092 2.3939425 2.3968038 2.3946581 2.4018296 2.1873809 2.1898607 2.3050230 1.9956238 2.0020944 1.9964492 1.9975956 1.9948730 1.9995600 1.9961513 2.0013480 1.9986606 1.9994809 2.0009031 2.0035717 2.1880893 2.2208984 2.2197545 2.2213948 2.2368430 2.2131646 2.2435180 2.2179836 2.2916256 1.3171417 1.2094740 1.3805250 1.1192860 1.0285316 2.0782973 0.0000000 0.0151272 0.0235417 0.0262159 1.6436035 1.9848084 1.9987582 1.5188727 0.9147280 2.0459997 2.0825002 2.1733172 2.1716607 2.1287604 2.1332753 2.1360281 2.1563642 2.2173201 2.0843959 2.3839184 
ON059784_Niukluk_phantom_orthophasmavirus       2.3905683 2.3997002 2.4016298 2.4090185 2.4315369 2.4315239 2.4333552 2.3952550 2.3931045 2.3919391 2.3899748 2.3928327 2.3906908 2.3978513 2.1842324 2.1907686 2.2905845 1.9976839 2.0041639 1.9985102 1.9996581 1.9969311 2.0016265 1.9982116 2.0034159 2.0007257 2.0015469 2.0029705 2.0056431 2.1700679 2.2030788 2.2019416 2.2035734 2.2171403 2.1941712 2.2242291 2.1990898 2.2644982 1.3140691 1.2101025 1.3773766 1.1019596 1.0200824 2.0842446 0.0151272 0.0000000 0.0220403 0.0251523 1.6454062 1.9860791 2.0000491 1.5182030 0.9190986 2.0454674 2.0897545 2.1798753 2.1782141 2.1341767 2.1552660 2.1580477 2.1736662 2.2101646 2.0864414 2.3954886 
MN168168_Niukluk_phantom_orthophasmavirus       2.4003491 2.4095105 2.4114502 2.4188657 2.4408223 2.4408149 2.4426476 2.4043367 2.4021794 2.4010102 2.3990395 2.4019066 2.3999272 2.4069438 2.1832274 2.1841627 2.2959948 1.9953250 2.0018301 1.9961511 1.9972984 1.9945738 1.9992642 1.9958530 2.0010537 1.9983641 1.9991851 2.0006085 2.0032790 2.1665126 2.1994922 2.1983571 2.1999861 2.2151258 2.2067209 2.2164633 2.1913562 2.2767362 1.3082199 1.2058645 1.3720614 1.0995553 1.0376994 2.0766539 0.0235417 0.0220403 0.0000000 0.0257404 1.6392619 1.9872600 2.0012285 1.5177935 0.9173990 2.0451853 2.0772881 2.1681247 2.1672209 2.1276921 2.1446082 2.1443731 2.1550074 2.2225986 2.0891884 2.3855539 
ON059783_Niukluk_phantom_orthophasmavirus       2.3906068 2.3997395 2.4016693 2.4090587 2.4315791 2.4315661 2.4333976 2.3954614 2.3933106 2.3921451 2.3901805 2.3930388 2.3908966 2.3980580 2.1928536 2.1867350 2.2995365 1.9957578 2.0022013 1.9965849 1.9977335 1.9950056 1.9997019 1.9962863 2.0014933 1.9988007 1.9996226 2.0010476 2.0037214 2.1697794 2.2027477 2.2016121 2.2032416 2.2131170 2.1980395 2.2382962 2.2131704 2.2744427 1.3224712 1.2115283 1.3862100 1.1065725 1.0289376 2.0937220 0.0262159 0.0251523 0.0257404 0.0000000 1.6544440 1.9965778 2.0108588 1.5347599 0.9142060 2.0407097 2.0855841 2.1751169 2.1752584 2.1298785 2.1596604 2.1624483 2.1650877 2.2466329 2.0936628 2.4023977 
NC_034462_Kigluaik_phantom_orthophasmavirus     2.2352791 2.2401971 2.2464151 2.2565585 2.2717930 2.2716874 2.2734842 2.2419548 2.2377862 2.2399645 2.2381120 2.2394425 2.2355577 2.2443633 2.1899544 2.1127264 2.2840907 1.8506956 1.8550274 1.8504569 1.8505579 1.8555153 1.8558309 1.8526258 1.8542088 1.8518405 1.8539806 1.8517962 1.8510485 2.0576185 2.0747601 2.0760174 2.0766290 2.0863967 2.0913332 2.0747436 2.0774502 2.1428654 1.4650581 1.3470159 1.5377734 1.2270422 0.9649600 2.0125569 1.6436035 1.6454062 1.6392619 1.6544440 0.0000000 1.8783127 1.8854928 1.4492963 0.8784719 1.9594412 2.0969071 2.1469198 2.1531244 2.2512270 2.2231604 2.2260035 2.1755032 2.2140266 2.1062523 2.6407996 
KX884805_Hubei_diptera_virus_6                  2.3670336 2.3676219 2.3725971 2.3819436 2.4110346 2.4110091 2.4128485 2.3531269 2.3528765 2.3516956 2.3534376 2.3518161 2.3504918 2.3502974 2.3401978 2.4006911 2.4589848 1.9970482 2.0027666 1.9978808 1.9979304 1.9935249 2.0019652 1.9993421 1.9968866 1.9962602 1.9968288 1.9967952 2.0005675 2.1510204 2.1819345 2.1842252 2.1824033 2.1913105 2.1829260 2.1982561 2.1747244 2.2348827 1.4897866 1.3862012 1.5889687 1.0118417 1.0384898 2.1254342 1.9848084 1.9860791 1.9872600 1.9965778 1.8783127 0.0000000 0.0197421 0.0209369 0.4263100 1.1970041 1.3099489 1.3465994 1.3478982 1.3549567 1.5269845 1.5242329 1.5396419 1.8778577 1.4426564 2.0155818 
OK491514_Hubei_diptera_virus_6                  2.3890757 2.3896449 2.3946619 2.4040738 2.4332566 2.4332445 2.4350841 2.3747772 2.3745303 2.3733456 2.3750975 2.3734660 2.3721244 2.3719268 2.3470602 2.4136186 2.4614541 2.0015737 2.0073072 2.0024077 2.0024575 1.9986403 2.0065056 2.0038735 2.0014087 2.0007807 2.0013516 2.0013163 2.0051031 2.1633450 2.1929292 2.1952282 2.1933995 2.2108100 2.1961699 2.2175131 2.1987337 2.2568740 1.4922256 1.3862012 1.5913048 1.0133366 1.0454089 2.1304441 1.9987582 2.0000491 2.0012285 2.0108588 1.8854928 0.0197421 0.0000000 0.0152775 0.4212075 1.1920949 1.3097464 1.3450420 1.3463391 1.3671979 1.5271617 1.5244095 1.5353084 1.8779363 1.4466084 2.0197627 
MT153491_Dipteran_phasma-related_virus_OKIAV224 1.8615620 1.8614220 1.8699303 1.8653279 1.8792070 1.8787046 1.8815088 1.8092262 1.8120017 1.8120017 1.8143146 1.8120017 1.8120017 1.8056630 1.7603284 1.8114221 1.8944642 1.5595912 1.5648536 1.5595912 1.5595912 1.5595912 1.5577947 1.5614265 1.5557505 1.5557505 1.5572364 1.5568469 1.5639890 1.6087363 1.6584478 1.6584478 1.6584478 1.6635222 1.6585135 1.7067578 1.6690290 1.7822875 0.9506000 1.1186513 1.1322153 1.0075479 1.0348019 1.5557103 1.5188727 1.5182030 1.5177935 1.5347599 1.4492963 0.0209369 0.0152775 0.0000000 0.4212132 0.9038540 0.9088668 0.9896086 0.9908181 1.0409164 1.1727258 1.1746440 1.2064546 1.8396338 1.1776595 1.5302286 
MT153492_Dipteran_phasma-related_virus_OKIAV225 1.0976673 1.0976673 1.0956871 1.0878999 1.1012758 1.0993016 1.1042196 1.0306774 1.0306774 1.0306774 1.0306774 1.0306774 1.0306774 1.0285331 1.0197405 1.0018215 1.0522131 0.8487901 0.8487901 0.8487901 0.8487901 0.8487901 0.8462372 0.8450477 0.8495919 0.8495919 0.8500365 0.8531093 0.8529270 1.0004385 1.0004385 1.0004385 1.0004385 0.9932357 0.9806571 0.9862490 0.9924536 1.0569050 0.6503519 0.8165347 0.8365388 1.0746606 1.1188794 0.9112307 0.9147280 0.9190986 0.9173990 0.9142060 0.8784719 0.4263100 0.4212075 0.4212132 0.0000000 0.5130941 0.5283873 0.5308301 0.5282037 0.4556554 0.6719027 0.6717115 0.7429871 1.5163117 0.6765262 1.0366347 
MW310369_Bactrocera_latifrons_orthophasmavirus  2.3161745 2.3218589 2.3269882 2.3282406 2.3412276 2.3411608 2.3429868 2.2868406 2.2815538 2.2829213 2.2846197 2.2805143 2.2792549 2.2854041 2.3026238 2.3859483 2.3996443 2.0963747 2.0979817 2.0960787 2.0961342 2.0931124 2.1004280 2.0935750 2.1004308 2.0979766 2.1049662 2.1014088 2.0969367 2.1771755 2.2141711 2.2156092 2.2162167 2.2488385 2.2343703 2.3132081 2.2767910 2.3007241 1.5333234 1.3540540 1.5775349 1.1494732 1.1441192 2.2227016 2.0459997 2.0454674 2.0451853 2.0407097 1.9594412 1.1970041 1.1920949 0.9038540 0.5130941 0.0000000 1.3978471 1.4603486 1.4615691 1.5060225 1.5953087 1.5928520 1.6364925 1.9945113 1.4717617 1.9775583 
MW452283_Wuhan_mosquito_orthophasmavirus_1      2.2665005 2.2655026 2.2686210 2.2863399 2.3079736 2.3078820 2.3098208 2.2548928 2.2522891 2.2506260 2.2524148 2.2515368 2.2519985 2.2542903 2.3921671 2.3954149 2.4590373 2.0899338 2.0943225 2.0902746 2.0903335 2.0875090 2.0954471 2.0896817 2.0913324 2.0920224 2.0912134 2.0912888 2.0982506 2.2121631 2.2151894 2.2139633 2.2157219 2.2013771 2.2053707 2.2011866 2.2060190 2.2367182 1.6009372 1.4381652 1.6719434 1.1141585 1.1591520 2.1144052 2.0825002 2.0897545 2.0772881 2.0855841 2.0969071 1.3099489 1.3097464 0.9088668 0.5283873 1.3978471 0.0000000 0.0041034 0.0010239 0.9688856 1.5809863 1.5809605 1.6777557 2.0296484 1.4580499 2.0555262 
OL700085_Wuhan_mosquito_orthophasmavirus_1      2.3658861 2.3647690 2.3678131 2.3820792 2.4025551 2.4025246 2.4043574 2.3501454 2.3476350 2.3460197 2.3477529 2.3469030 2.3473295 2.3495651 2.5062317 2.5105235 2.5849210 2.1617460 2.1661714 2.1622264 2.1622858 2.1595481 2.1672152 2.1616336 2.1632542 2.1639543 2.1631634 2.1632099 2.1702504 2.3404527 2.3851168 2.3838872 2.3856389 2.3702201 2.3682044 2.3491280 2.3241650 2.3744016 1.6030103 1.4402939 1.6740276 1.1141585 1.1591520 2.2295045 2.1733172 2.1798753 2.1681247 2.1751169 2.1469198 1.3465994 1.3450420 0.9896086 0.5308301 1.4603486 0.0041034 0.0000000 0.0052849 1.0082659 1.6570772 1.6598637 1.7080830 2.0297322 1.5064473 2.1396113 
NC_031307_Wuhan_mosquito_orthophasmavirus_1     2.3673414 2.3662214 2.3692677 2.3835443 2.4040252 2.4039956 2.4058288 2.3515696 2.3490579 2.3474416 2.3491758 2.3483254 2.3487519 2.3509890 2.5233770 2.5243752 2.5932249 2.1636191 2.1678860 2.1639359 2.1639954 2.1612546 2.1689300 2.1633420 2.1649650 2.1656667 2.1648746 2.1649206 2.1719675 2.3460616 2.3896650 2.3884329 2.3901878 2.3739536 2.3731117 2.3576717 2.3346534 2.3847610 1.6009372 1.4381652 1.6719434 1.1172179 1.1564082 2.2289126 2.1716607 2.1782141 2.1672209 2.1752584 2.1531244 1.3478982 1.3463391 0.9908181 0.5282037 1.4615691 0.0010239 0.0052849 0.0000000 1.0085949 1.6538252 1.6537932 1.7142461 2.0268210 1.5101081 2.1347523 
NC_055394_Anopheles_orthophasmavirus            2.4033912 2.4123715 2.4130806 2.4169857 2.4293668 2.4293524 2.4311866 2.3817632 2.3807541 2.3803840 2.3821335 2.3805039 2.3783493 2.3789145 2.4030781 2.3905125 2.5360583 2.1747367 2.1805629 2.1772501 2.1774654 2.1762309 2.1805253 2.1769092 2.1826701 2.1801830 2.1820843 2.1822662 2.1847609 2.3471710 2.3909540 2.3910090 2.3917231 2.3995844 2.3714453 2.3460170 2.3005399 2.3395421 1.6900658 1.4481401 1.7701748 1.0168392 1.1176309 2.3251369 2.1287604 2.1341767 2.1276921 2.1298785 2.2512270 1.3549567 1.3671979 1.0409164 0.4556554 1.5060225 0.9688856 1.0082659 1.0085949 0.0000000 1.6746329 1.6729426 1.7530524 2.0042923 1.6329228 2.1400028 
