80
Phasi_Charoen_like_virus_F1339C31F1506  0.0000000 0.0037117 0.0060566 0.0060451 0.0046731 0.0092994 0.0097955 0.0102776 0.0041803 0.0102973 0.0155189 0.0102910 0.0097955 0.0093411 0.0037113 0.0060394 0.0065062 0.0165661 1.0682539 3.2872018 1.1133350 3.6608566 0.0161180 0.0167673 0.0152626 0.0155575 1.0718293 1.0539191 0.0102151 0.0107643 0.0151347 0.0174991 0.0127344 0.0156214 0.0136968 0.0141786 0.0165382 0.0132215 0.0141722 0.0136798 0.0155824 0.0165422 0.0127430 0.0132196 0.0160787 0.0161262 0.0161681 0.0132205 0.0132205 0.0146226 0.0160636 0.0132216 0.0155960 0.0175053 0.0144490 0.0170666 0.6426281 0.0162747 0.0178642 0.0148080 0.0184677 0.0170160 0.0175508 0.0149095 0.0158092 0.0173373 0.0179013 0.0155771 0.0173339 0.0165172 1.1220037 0.0189488 0.0194423 0.0065248 0.0065885 0.0199580 0.0122272 0.6375967 0.6373840 0.4872454 
Phasi_Charoen_like_virus_F1339C31F1504  0.0037117 0.0000000 0.0041755 0.0041676 0.0037308 0.0061637 0.0078966 0.0083740 0.0023127 0.0083901 0.0135793 0.0083849 0.0078966 0.0074418 0.0027776 0.0041636 0.0046279 0.0155852 1.0715321 3.2929961 1.1157283 3.6603708 0.0141642 0.0146680 0.0131674 0.0133997 1.0752392 1.0586136 0.0081499 0.0093542 0.0131878 0.0155418 0.0108027 0.0136707 0.0117591 0.0122376 0.0145866 0.0112861 0.0122315 0.0117435 0.0136362 0.0150644 0.0108106 0.0112845 0.0141276 0.0141698 0.0142057 0.0112853 0.0112853 0.0126824 0.0145882 0.0112862 0.0136481 0.0155473 0.0124700 0.0160830 0.6428949 0.0141757 0.0157505 0.0127072 0.0163412 0.0150614 0.0159285 0.0127941 0.0137068 0.0152279 0.0157833 0.0136311 0.0152250 0.0145677 1.1244152 0.0169818 0.0174712 0.0046412 0.0046862 0.0179809 0.0103014 0.6388391 0.6386253 0.4871305 
Phasi_Charoen_like_virus_F1339C31F1503  0.0060566 0.0041755 0.0000000 0.0065075 0.0060847 0.0074183 0.0079086 0.0083867 0.0046429 0.0084028 0.0126347 0.0083976 0.0079086 0.0079248 0.0051134 0.0046385 0.0051041 0.0146311 1.0673624 3.2875074 1.1166394 3.6521178 0.0141785 0.0146839 0.0131871 0.0134386 1.0676124 1.0539596 0.0081507 0.0098303 0.0132012 0.0155231 0.0108139 0.0136846 0.0117137 0.0121906 0.0145689 0.0112422 0.0122441 0.0117289 0.0136195 0.0150462 0.0107683 0.0112407 0.0141103 0.0141843 0.0141883 0.0112414 0.0112414 0.0126667 0.0145705 0.0112423 0.0136314 0.0155286 0.0124214 0.0151271 0.6432657 0.0141911 0.0157676 0.0127264 0.0163655 0.0150766 0.0159524 0.0128135 0.0137218 0.0152445 0.0158004 0.0136450 0.0152415 0.0145824 1.1238087 0.0160279 0.0165159 0.0051169 0.0051667 0.0170233 0.0103130 0.6386061 0.6383926 0.4838674 
Phasi_Charoen_like_virus_F1339C31F1339  0.0060451 0.0041676 0.0065075 0.0000000 0.0060732 0.0086347 0.0102383 0.0107200 0.0046341 0.0107406 0.0159515 0.0107340 0.0102383 0.0097856 0.0051037 0.0064914 0.0069574 0.0179800 1.0727106 3.2928995 1.1200203 3.6658522 0.0165520 0.0167168 0.0147005 0.0162699 1.0722456 1.0561120 0.0107158 0.0121812 0.0155704 0.0179293 0.0131747 0.0160563 0.0141353 0.0146162 0.0169703 0.0136609 0.0146098 0.0141180 0.0160165 0.0174501 0.0131834 0.0136590 0.0165122 0.0165607 0.0166038 0.0136599 0.0136599 0.0150586 0.0169722 0.0136611 0.0160305 0.0179356 0.0148942 0.0184825 0.6466143 0.0162256 0.0178100 0.0142456 0.0173680 0.0174472 0.0174858 0.0143429 0.0157614 0.0162623 0.0178470 0.0160112 0.0162592 0.0169489 1.1272078 0.0193763 0.0198690 0.0069748 0.0070427 0.0203843 0.0126676 0.6402034 0.6399887 0.4918109 
Phasi_Charoen_like_virus_F1339C31F1336  0.0046731 0.0037308 0.0060847 0.0060732 0.0000000 0.0087285 0.0098404 0.0103248 0.0042001 0.0103451 0.0146189 0.0103386 0.0098404 0.0084210 0.0037304 0.0060697 0.0065387 0.0166374 1.0701392 3.2938105 1.1134880 3.6599516 0.0152192 0.0158041 0.0142998 0.0141288 1.0733877 1.0549333 0.0108016 0.0117930 0.0152008 0.0175737 0.0127912 0.0156893 0.0137574 0.0142411 0.0166093 0.0132802 0.0142347 0.0137402 0.0156500 0.0170919 0.0127999 0.0132784 0.0161482 0.0161961 0.0162384 0.0132792 0.0132792 0.0146867 0.0166112 0.0132804 0.0156638 0.0175800 0.0145136 0.0171399 0.6421191 0.0153093 0.0168995 0.0138403 0.0175070 0.0161207 0.0170983 0.0139355 0.0148400 0.0163721 0.0169348 0.0146795 0.0163689 0.0156221 1.1206413 0.0180639 0.0185578 0.0065549 0.0066193 0.0190731 0.0122819 0.6362851 0.6360737 0.4883344 
Phasi_Charoen_like_virus_F1339C31F1156  0.0092994 0.0061637 0.0074183 0.0086347 0.0087285 0.0000000 0.0111469 0.0111653 0.0067842 0.0105358 0.0155808 0.0105271 0.0111469 0.0098993 0.0074122 0.0055391 0.0055394 0.0188935 1.0420269 3.3492160 1.0906189 3.7544565 0.0163625 0.0171032 0.0144353 0.0148063 1.0347070 1.0464335 0.0098983 0.0130836 0.0157344 0.0188258 0.0137994 0.0157239 0.0137967 0.0157197 0.0169351 0.0150786 0.0150840 0.0150127 0.0156479 0.0169347 0.0144410 0.0144410 0.0169600 0.0170063 0.0163019 0.0150771 0.0150771 0.0150071 0.0169347 0.0137967 0.0175792 0.0175571 0.0171796 0.0195648 0.6314692 0.0158049 0.0164889 0.0151409 0.0164937 0.0168931 0.0151368 0.0158510 0.0158510 0.0158043 0.0165211 0.0149895 0.0158043 0.0168830 1.1073353 0.0188088 0.0200937 0.0080488 0.0068911 0.0201463 0.0137433 0.6434031 0.6421595 0.4592697 
Phasi_Charoen_like_virus_F1339C31F1085  0.0097955 0.0078966 0.0079086 0.0102383 0.0098404 0.0111469 0.0000000 0.0032366 0.0083672 0.0060337 0.0164666 0.0060299 0.0000010 0.0111929 0.0088427 0.0083593 0.0088268 0.0185042 1.0703539 3.2973320 1.1178195 3.6575447 0.0170717 0.0172820 0.0157843 0.0163239 1.0735405 1.0540213 0.0112663 0.0126861 0.0151299 0.0178698 0.0127311 0.0165746 0.0145596 0.0150396 0.0169138 0.0140863 0.0141681 0.0131224 0.0164447 0.0173922 0.0136098 0.0140844 0.0164571 0.0161207 0.0165481 0.0140853 0.0140853 0.0154886 0.0169157 0.0140865 0.0159769 0.0178761 0.0153249 0.0190088 0.6444321 0.0167899 0.0183810 0.0153314 0.0189946 0.0179684 0.0185959 0.0154364 0.0163257 0.0178537 0.0184192 0.0165283 0.0178502 0.0174682 1.1219216 0.0199032 0.0203976 0.0083881 0.0089351 0.0209150 0.0131745 0.6398989 0.6396845 0.4892805 
Phasi_Charoen_like_virus_F1339C31F1067  0.0102776 0.0083740 0.0083867 0.0107200 0.0103248 0.0111653 0.0032366 0.0000000 0.0088456 0.0065078 0.0169632 0.0065037 0.0032366 0.0116772 0.0093223 0.0088373 0.0093056 0.0190082 1.0699310 3.3010385 1.1203313 3.6673522 0.0170932 0.0172938 0.0157950 0.0170598 1.0730694 1.0535513 0.0112740 0.0131763 0.0156266 0.0183685 0.0132229 0.0170743 0.0150525 0.0155336 0.0174106 0.0145784 0.0146628 0.0136121 0.0169407 0.0178899 0.0141009 0.0145764 0.0169536 0.0166203 0.0170475 0.0145774 0.0145774 0.0159827 0.0174126 0.0145786 0.0164723 0.0183750 0.0158287 0.0195143 0.6435524 0.0168013 0.0183936 0.0153419 0.0190077 0.0184699 0.0186087 0.0154471 0.0163369 0.0178659 0.0184319 0.0170268 0.0178624 0.0179680 1.1242774 0.0204087 0.0209043 0.0088677 0.0094199 0.0214236 0.0136661 0.6434435 0.6432260 0.4901482 
Phasi_Charoen_like_virus_F1339C31F1065  0.0041803 0.0023127 0.0046429 0.0046341 0.0042001 0.0067842 0.0083672 0.0088456 0.0000000 0.0088626 0.0140588 0.0088572 0.0083672 0.0074417 0.0032441 0.0046314 0.0050963 0.0160691 1.0684437 3.3037440 1.1136581 3.6583605 0.0146463 0.0146670 0.0131718 0.0141310 1.0729843 1.0568151 0.0081477 0.0102944 0.0131905 0.0155450 0.0108050 0.0136736 0.0117615 0.0122401 0.0145896 0.0112884 0.0122341 0.0117460 0.0136390 0.0150675 0.0108128 0.0112869 0.0141305 0.0141728 0.0142086 0.0112876 0.0112876 0.0126850 0.0145912 0.0112886 0.0136509 0.0155505 0.0124726 0.0165681 0.6420970 0.0141748 0.0157494 0.0127115 0.0163467 0.0155433 0.0159339 0.0127985 0.0137059 0.0152269 0.0157822 0.0141114 0.0152240 0.0150486 1.1208121 0.0169853 0.0174748 0.0051090 0.0051586 0.0179845 0.0103045 0.6363316 0.6361202 0.4889385 
Phasi_Charoen_like_virus_F1339C31F1064  0.0102973 0.0083901 0.0084028 0.0107406 0.0103451 0.0105358 0.0060337 0.0065078 0.0088626 0.0000000 0.0169963 0.0018478 0.0060337 0.0116995 0.0093403 0.0088543 0.0093236 0.0190454 1.0642635 3.3037324 1.1167160 3.6730289 0.0176069 0.0183734 0.0168715 0.0164028 1.0690752 1.0484178 0.0123414 0.0132021 0.0156573 0.0184042 0.0132488 0.0171078 0.0150819 0.0155639 0.0174445 0.0146069 0.0146916 0.0136386 0.0169737 0.0179248 0.0141285 0.0146049 0.0169866 0.0166530 0.0170809 0.0146058 0.0146058 0.0160138 0.0174465 0.0146071 0.0165044 0.0184107 0.0158602 0.0195526 0.6421675 0.0178802 0.0194817 0.0164208 0.0201034 0.0185060 0.0197097 0.0165336 0.0174171 0.0189512 0.0195222 0.0170602 0.0189475 0.0180031 1.1208423 0.0204486 0.0209452 0.0088847 0.0094383 0.0214655 0.0136929 0.6322349 0.6320271 0.4907089 
Phasi_Charoen_like_virus_F1339C31F1063  0.0155189 0.0135793 0.0126347 0.0159515 0.0146189 0.0155808 0.0164666 0.0169632 0.0140588 0.0169963 0.0000000 0.0169858 0.0164666 0.0164633 0.0145448 0.0140446 0.0145177 0.0136572 1.0641037 3.2728845 1.1159483 3.6262207 0.0141951 0.0147056 0.0132068 0.0162625 1.0643694 1.0513160 0.0117557 0.0112245 0.0150887 0.0174294 0.0122304 0.0165369 0.0135612 0.0135736 0.0164723 0.0130901 0.0141292 0.0145759 0.0155203 0.0169512 0.0126161 0.0130883 0.0160146 0.0160770 0.0165924 0.0130892 0.0130892 0.0145643 0.0164742 0.0130903 0.0160038 0.0174356 0.0143038 0.0141506 0.6380052 0.0141803 0.0157556 0.0127166 0.0163530 0.0150628 0.0164775 0.0133213 0.0137113 0.0152329 0.0157884 0.0136324 0.0152299 0.0145691 1.1231035 0.0169754 0.0165009 0.0135985 0.0137442 0.0179740 0.0121849 0.6401798 0.6399652 0.4949437 
Phasi_Charoen_like_virus_F1339C31F1062  0.0102910 0.0083849 0.0083976 0.0107340 0.0103386 0.0105271 0.0060299 0.0065037 0.0088572 0.0018478 0.0169858 0.0000000 0.0060299 0.0116924 0.0093345 0.0088488 0.0093178 0.0190337 1.0662793 3.3053009 1.1174581 3.6752263 0.0175960 0.0183612 0.0168602 0.0163928 1.0711069 1.0504074 0.0123330 0.0131939 0.0156476 0.0183929 0.0132405 0.0170972 0.0150726 0.0155543 0.0174338 0.0145978 0.0146824 0.0136302 0.0169633 0.0179137 0.0141197 0.0145958 0.0169761 0.0166426 0.0170703 0.0145968 0.0145968 0.0160039 0.0174357 0.0145980 0.0164942 0.0183994 0.0158502 0.0195405 0.6404079 0.0178683 0.0194687 0.0164097 0.0200900 0.0184946 0.0196964 0.0165224 0.0174055 0.0189386 0.0195092 0.0170496 0.0189350 0.0179920 1.1215875 0.0204360 0.0209323 0.0088792 0.0094324 0.0214523 0.0136843 0.6368990 0.6366872 0.4886292 
Phasi_Charoen_like_virus_F1339C31F1061  0.0097955 0.0078966 0.0079086 0.0102383 0.0098404 0.0111469 0.0000010 0.0032366 0.0083672 0.0060337 0.0164666 0.0060299 0.0000000 0.0111929 0.0088427 0.0083593 0.0088268 0.0185042 1.0703539 3.2973320 1.1178195 3.6575447 0.0170717 0.0172820 0.0157843 0.0163239 1.0735405 1.0540213 0.0112663 0.0126861 0.0151299 0.0178698 0.0127311 0.0165746 0.0145596 0.0150396 0.0169138 0.0140863 0.0141681 0.0131224 0.0164447 0.0173922 0.0136098 0.0140844 0.0164571 0.0161207 0.0165481 0.0140853 0.0140853 0.0154886 0.0169157 0.0140865 0.0159769 0.0178761 0.0153249 0.0190088 0.6444321 0.0167899 0.0183810 0.0153314 0.0189946 0.0179684 0.0185959 0.0154364 0.0163257 0.0178537 0.0184192 0.0165283 0.0178502 0.0174682 1.1219216 0.0199032 0.0203976 0.0083881 0.0089351 0.0209150 0.0131745 0.6398989 0.6396845 0.4892805 
Phasi_Charoen_like_virus_F1339C31F1060  0.0093411 0.0074418 0.0079248 0.0097856 0.0084210 0.0098993 0.0111929 0.0116772 0.0074417 0.0116995 0.0164633 0.0116924 0.0111929 0.0000000 0.0083881 0.0079052 0.0083731 0.0184956 1.0662123 3.2919395 1.1186426 3.6737596 0.0174251 0.0182951 0.0162831 0.0141442 1.0713003 1.0544319 0.0096960 0.0117193 0.0156042 0.0170172 0.0132033 0.0160912 0.0141660 0.0146479 0.0150823 0.0136906 0.0146415 0.0132013 0.0160512 0.0165375 0.0132120 0.0136887 0.0155976 0.0165967 0.0156843 0.0136896 0.0136896 0.0150912 0.0160590 0.0136907 0.0151156 0.0170232 0.0149271 0.0190001 0.6456669 0.0178037 0.0193988 0.0158322 0.0200178 0.0179599 0.0191010 0.0148791 0.0162863 0.0188705 0.0183756 0.0165200 0.0188668 0.0174597 1.1269011 0.0194124 0.0199061 0.0079339 0.0084759 0.0204224 0.0126950 0.6365145 0.6363030 0.4910648 
Phasi_Charoen_like_virus_F1339C31F1058  0.0037113 0.0027776 0.0051134 0.0051037 0.0037304 0.0074122 0.0088427 0.0093223 0.0032441 0.0093403 0.0145448 0.0093345 0.0088427 0.0083881 0.0000000 0.0050988 0.0055643 0.0155833 1.0756317 3.2986541 1.1166043 3.6705305 0.0151363 0.0157121 0.0142098 0.0148650 1.0762482 1.0563703 0.0096967 0.0107763 0.0141566 0.0165152 0.0117645 0.0146413 0.0127237 0.0132037 0.0155574 0.0122496 0.0131975 0.0127074 0.0146046 0.0160366 0.0117727 0.0122479 0.0150983 0.0151431 0.0151820 0.0122487 0.0122487 0.0136480 0.0155592 0.0122498 0.0146173 0.0165211 0.0134549 0.0160811 0.6439413 0.0152197 0.0168014 0.0137525 0.0173984 0.0160336 0.0169912 0.0133109 0.0142197 0.0162768 0.0162985 0.0145994 0.0162737 0.0155375 1.1252973 0.0179597 0.0184510 0.0055802 0.0056345 0.0189635 0.0112608 0.6364582 0.6362464 0.4895994 
Phasi_Charoen_like_virus_F1339C31F1002  0.0060394 0.0041636 0.0046385 0.0064914 0.0060697 0.0055391 0.0083593 0.0088373 0.0046314 0.0088543 0.0140446 0.0088488 0.0083593 0.0079052 0.0050988 0.0000000 0.0013848 0.0160537 1.0707682 3.2967406 1.1169691 3.6598489 0.0146323 0.0146596 0.0131598 0.0126916 1.0736023 1.0563583 0.0086520 0.0102848 0.0136554 0.0160090 0.0112697 0.0141387 0.0122263 0.0127050 0.0150536 0.0117534 0.0126989 0.0122104 0.0141031 0.0155315 0.0112777 0.0117517 0.0145950 0.0146385 0.0146757 0.0117525 0.0117525 0.0131490 0.0150553 0.0117535 0.0141154 0.0160146 0.0129462 0.0165522 0.6475418 0.0141675 0.0157414 0.0126999 0.0163317 0.0155285 0.0159193 0.0127867 0.0136989 0.0152192 0.0157742 0.0140980 0.0152162 0.0150342 1.1258194 0.0174495 0.0179392 0.0051042 0.0051537 0.0184497 0.0107673 0.6398110 0.6395964 0.4901250 
Phasi_Charoen_like_virus_F1339C31F1001  0.0065062 0.0046279 0.0051041 0.0069574 0.0065387 0.0055394 0.0088268 0.0093056 0.0050963 0.0093236 0.0145177 0.0093178 0.0088268 0.0083731 0.0055643 0.0013848 0.0000000 0.0160493 1.0725474 3.2992880 1.1172423 3.6519873 0.0146282 0.0146552 0.0131559 0.0134001 1.0753915 1.0581160 0.0091644 0.0107560 0.0141309 0.0164854 0.0117431 0.0146148 0.0127006 0.0131798 0.0155293 0.0122274 0.0131735 0.0126843 0.0136279 0.0160076 0.0117514 0.0122257 0.0150709 0.0151157 0.0151543 0.0122265 0.0122265 0.0136233 0.0155310 0.0122275 0.0145909 0.0164912 0.0134300 0.0165476 0.6493534 0.0142003 0.0157368 0.0127005 0.0163269 0.0155242 0.0159200 0.0127873 0.0136948 0.0152147 0.0157695 0.0140941 0.0152117 0.0150663 1.1257904 0.0174447 0.0179343 0.0055701 0.0056242 0.0184446 0.0112404 0.6410888 0.6408731 0.4917134 
NC_038262_Phasi_Charoen_like_phasivirus 0.0165661 0.0155852 0.0146311 0.0179800 0.0166374 0.0188935 0.0185042 0.0190082 0.0160691 0.0190454 0.0136572 0.0190337 0.0185042 0.0184956 0.0155833 0.0160537 0.0160493 0.0000000 1.0702879 3.2935250 1.1162804 3.6583627 0.0088896 0.0101024 0.0086014 0.0222115 1.0642628 1.0571812 0.0139075 0.0127160 0.0171043 0.0199344 0.0146826 0.0185305 0.0165125 0.0160252 0.0189680 0.0160365 0.0165972 0.0175504 0.0175225 0.0184874 0.0155568 0.0160343 0.0185087 0.0185676 0.0191074 0.0160353 0.0160353 0.0170416 0.0180066 0.0160367 0.0184964 0.0199415 0.0173199 0.0013887 0.6408940 0.0085821 0.0085818 0.0070887 0.0101656 0.0070098 0.0107669 0.0076511 0.0075759 0.0080693 0.0085999 0.0056004 0.0080677 0.0079592 1.1247329 0.0098440 0.0093735 0.0156061 0.0148072 0.0108153 0.0146291 0.6336631 0.6337978 0.4906678 
NC_038257_Badu_phasivirus               1.0682539 1.0715321 1.0673624 1.0727106 1.0701392 1.0420269 1.0703539 1.0699310 1.0684437 1.0642635 1.0641037 1.0662793 1.0703539 1.0662123 1.0756317 1.0707682 1.0725474 1.0702879 0.0000000 3.4440740 0.4493314 3.6093927 1.0723720 1.0601086 1.0536308 0.8681337 0.1476635 0.1411989 1.0404357 1.0607415 1.0668209 1.0687397 1.0654176 1.0644973 1.0715869 1.0703432 1.0619093 1.0716287 1.0668229 1.0699294 1.0676474 1.0645189 1.0700168 1.0694731 1.0650552 1.0693117 1.0697450 1.0704263 1.0704263 1.0662210 1.0661156 1.0701208 1.0708378 1.0630653 1.0817593 1.0729010 1.0817126 1.0492437 1.0551841 1.0451973 1.0596072 1.0692116 1.0506745 1.0364204 1.0582974 1.0523906 1.0581840 1.0709216 1.0560442 1.0690696 0.4561600 1.0727246 1.0695548 1.0707830 1.0680104 1.0774532 1.0714793 1.0698277 1.0660082 1.0927243 
NC_032276_Dipteran_phasivirus           3.2872018 3.2929961 3.2875074 3.2928995 3.2938105 3.3492160 3.2973320 3.3010385 3.3037440 3.3037324 3.2728845 3.3053009 3.2973320 3.2919395 3.2986541 3.2967406 3.2992880 3.2935250 3.4440740 0.0000000 3.2844402 2.8144051 3.2950389 3.2059976 3.2001268 2.7451217 3.5232773 3.4127020 3.1839125 3.2779686 3.2993644 3.3116018 3.2971220 3.3069051 3.3103817 3.3206605 3.2986918 3.3061290 3.3030079 3.3046147 3.3038076 3.3049921 3.3067571 3.3058386 3.3038614 3.3054142 3.2754214 3.3069512 3.3069512 3.3078977 3.3029057 3.3057701 3.2885610 3.3157095 3.3029708 3.2854772 3.4288380 3.1872829 3.2026080 3.1887745 3.2097153 3.2867309 3.1858654 3.1763152 3.2008043 3.2022743 3.2051391 3.2884682 3.2015513 3.2876766 3.3140171 3.2884389 3.2958159 3.2817062 3.3107125 3.2952108 3.3083416 3.4173439 3.4197329 3.3064987 
NC_031317_Wutai_mosquito_phasivirus     1.1133350 1.1157283 1.1166394 1.1200203 1.1134880 1.0906189 1.1178195 1.1203313 1.1136581 1.1167160 1.1159483 1.1174581 1.1178195 1.1186426 1.1166043 1.1169691 1.1172423 1.1162804 0.4493314 3.2844402 0.0000000 3.6133238 1.1156853 1.0949249 1.0898375 0.9247403 0.4618831 0.4474966 1.0863283 1.1123299 1.1201387 1.1209950 1.1173868 1.1184157 1.1215720 1.1232609 1.1168045 1.1218415 1.1197567 1.1203542 1.1188480 1.1138631 1.1201711 1.1185097 1.1159666 1.1240990 1.1149797 1.1192970 1.1192970 1.1189492 1.1155182 1.1200534 1.1228326 1.1180088 1.1385377 1.1114735 1.2062564 1.0950610 1.1007449 1.0862389 1.1004914 1.1188897 1.0917715 1.0768664 1.0971981 1.0989206 1.0978809 1.1198153 1.0964659 1.1189073 0.0335154 1.1179359 1.1177427 1.1160152 1.1143043 1.1249146 1.1163285 1.1182051 1.1145794 1.1011776 
NC_031298_Fly_phasivirus                3.6608566 3.6603708 3.6521178 3.6658522 3.6599516 3.7544565 3.6575447 3.6673522 3.6583605 3.6730289 3.6262207 3.6752263 3.6575447 3.6737596 3.6705305 3.6598489 3.6519873 3.6583627 3.6093927 2.8144051 3.6133238 0.0000000 3.6439598 3.5030489 3.5037811 3.2086876 3.6298850 3.5523414 3.4888018 3.6300027 3.6432768 3.6630050 3.6335683 3.6359325 3.6294130 3.6372400 3.6528788 3.6392493 3.6384961 3.6463501 3.6521593 3.6477124 3.6342172 3.6345808 3.6485541 3.6408963 3.6153684 3.6340894 3.6340894 3.6459876 3.6496087 3.6296682 3.6572335 3.6586666 3.6572444 3.6676559 3.6953256 3.4934486 3.5123231 3.4985045 3.5164294 3.6471108 3.5035952 3.4943648 3.5033760 3.4994130 3.5116745 3.6454639 3.5046216 3.6378379 3.6508769 3.6536628 3.6451599 3.6570040 3.6682347 3.6537175 3.6429290 3.9311011 3.9415576 3.7332914 
MW650771_Phasi_Charoen_like_phasivirus  0.0161180 0.0141642 0.0141785 0.0165520 0.0152192 0.0163625 0.0170717 0.0170932 0.0146463 0.0176069 0.0141951 0.0175960 0.0170717 0.0174251 0.0151363 0.0146323 0.0146282 0.0088896 1.0723720 3.2950389 1.1156853 3.6439598 0.0000000 0.0024910 0.0000010 0.0186073 1.0676315 1.0563337 0.0117481 0.0113031 0.0171103 0.0189952 0.0142287 0.0185717 0.0150914 0.0155731 0.0180306 0.0146166 0.0161425 0.0161202 0.0165876 0.0175508 0.0141385 0.0146146 0.0175711 0.0181103 0.0177608 0.0146156 0.0146156 0.0161075 0.0170708 0.0146168 0.0175593 0.0190019 0.0158693 0.0103195 0.6397059 0.0070268 0.0080407 0.0055381 0.0085913 0.0074521 0.0081489 0.0060852 0.0060256 0.0075310 0.0080572 0.0060468 0.0075295 0.0074562 1.1270873 0.0112296 0.0107598 0.0151468 0.0133713 0.0122044 0.0141766 0.6312515 0.6310447 0.4880841 
MW650730_Phasi_Charoen_like_phasivirus  0.0167673 0.0146680 0.0146839 0.0167168 0.0158041 0.0171032 0.0172820 0.0172938 0.0146670 0.0183734 0.0147056 0.0183612 0.0172820 0.0182951 0.0157121 0.0146596 0.0146552 0.0101024 1.0601086 3.2059976 1.0949249 3.5030489 0.0024910 0.0000000 0.0024989 0.0177934 1.0562724 1.0517251 0.0133007 0.0121090 0.0183549 0.0208935 0.0157685 0.0199280 0.0161718 0.0172051 0.0198552 0.0161765 0.0173137 0.0178005 0.0183022 0.0193389 0.0156623 0.0156623 0.0188255 0.0194331 0.0195863 0.0156623 0.0156623 0.0177856 0.0188224 0.0156623 0.0188156 0.0209015 0.0175571 0.0111369 0.6247886 0.0085453 0.0095626 0.0070592 0.0101225 0.0085440 0.0096911 0.0076179 0.0075433 0.0090507 0.0095833 0.0070262 0.0090490 0.0085491 1.1023367 0.0126282 0.0116102 0.0151996 0.0143369 0.0136843 0.0151986 0.6239245 0.6224827 0.4844278 
MW650717_Phasi_Charoen_like_phasivirus  0.0152626 0.0131674 0.0131871 0.0147005 0.0142998 0.0144353 0.0157843 0.0157950 0.0131718 0.0168715 0.0132068 0.0168602 0.0157843 0.0162831 0.0142098 0.0131598 0.0131559 0.0086014 1.0536308 3.2001268 1.0898375 3.5037811 0.0000010 0.0024989 0.0000000 0.0177926 1.0496835 1.0448643 0.0117678 0.0106121 0.0168550 0.0193982 0.0142675 0.0184277 0.0146803 0.0157134 0.0183594 0.0146845 0.0158138 0.0163028 0.0168058 0.0178427 0.0141703 0.0141703 0.0173289 0.0179308 0.0180725 0.0141703 0.0141703 0.0162890 0.0173260 0.0141703 0.0173197 0.0194056 0.0160354 0.0096344 0.6207288 0.0070490 0.0080661 0.0055381 0.0070471 0.0070480 0.0081489 0.0060852 0.0060447 0.0075548 0.0080828 0.0055297 0.0075533 0.0070521 1.1005111 0.0111314 0.0101117 0.0137027 0.0128225 0.0121844 0.0137018 0.6254769 0.6240276 0.4843035 
MT913597_Phasi_Charoen_like_phasivirus  0.0155575 0.0133997 0.0134386 0.0162699 0.0141288 0.0148063 0.0163239 0.0170598 0.0141310 0.0164028 0.0162625 0.0163928 0.0163239 0.0141442 0.0148650 0.0126916 0.0134001 0.0222115 0.8681337 2.7451217 0.9247403 3.2086876 0.0186073 0.0177934 0.0177926 0.0000000 0.8730770 0.8578786 0.0127132 0.0112696 0.0149640 0.0177671 0.0149634 0.0156922 0.0148370 0.0155649 0.0185049 0.0141254 0.0149640 0.0148882 0.0163298 0.0185070 0.0141254 0.0141254 0.0178149 0.0171425 0.0171756 0.0148414 0.0148414 0.0163298 0.0185070 0.0141254 0.0170539 0.0185062 0.0150286 0.0229828 0.5328149 0.0193353 0.0201041 0.0185757 0.0200842 0.0198974 0.0193258 0.0186215 0.0186215 0.0185828 0.0186109 0.0177305 0.0185776 0.0199122 0.9359324 0.0228291 0.0228264 0.0134349 0.0133965 0.0251361 0.0141705 0.4961891 0.4951349 0.4103924 
MT498819_Broome_phasivirus_1            1.0718293 1.0752392 1.0676124 1.0722456 1.0733877 1.0347070 1.0735405 1.0730694 1.0729843 1.0690752 1.0643694 1.0711069 1.0735405 1.0713003 1.0762482 1.0736023 1.0753915 1.0642628 0.1476635 3.5232773 0.4618831 3.6298850 1.0676315 1.0562724 1.0496835 0.8730770 0.0000000 0.0981626 1.0406876 1.0601636 1.0633537 1.0710965 1.0618256 1.0600564 1.0661951 1.0649500 1.0652649 1.0662352 1.0633564 1.0699257 1.0704886 1.0654465 1.0646207 1.0640772 1.0665098 1.0676551 1.0691539 1.0646011 1.0646011 1.0678372 1.0670518 1.0647265 1.0718093 1.0674768 1.0789555 1.0667968 1.1094272 1.0455479 1.0456511 1.0412058 1.0488698 1.0638812 1.0463170 1.0320974 1.0526309 1.0519133 1.0516541 1.0653185 1.0506885 1.0653885 0.4545269 1.0702714 1.0700321 1.0720620 1.0663259 1.0708368 1.0704348 1.0712338 1.0673098 1.0555781 
MT498816_Kimberley_phasivirus           1.0539191 1.0586136 1.0539596 1.0561120 1.0549333 1.0464335 1.0540213 1.0535513 1.0568151 1.0484178 1.0513160 1.0504074 1.0540213 1.0544319 1.0563703 1.0563583 1.0581160 1.0571812 0.1411989 3.4127020 0.4474966 3.5523414 1.0563337 1.0517251 1.0448643 0.8578786 0.0981626 0.0000000 1.0337892 1.0483046 1.0515405 1.0571485 1.0478043 1.0513476 1.0576927 1.0564635 1.0486812 1.0577295 1.0518576 1.0552025 1.0565438 1.0480139 1.0561346 1.0555997 1.0493303 1.0547778 1.0534218 1.0561150 1.0561150 1.0561989 1.0495908 1.0562417 1.0544469 1.0544688 1.0676459 1.0547294 1.0880269 1.0423038 1.0449634 1.0352728 1.0494112 1.0512631 1.0404668 1.0234622 1.0439378 1.0447075 1.0424573 1.0538844 1.0445219 1.0511753 0.4349406 1.0621931 1.0591994 1.0540358 1.0511264 1.0627484 1.0556819 1.0466364 1.0451071 1.0792966 
MT361072_Phasi_Charoen_like_phasivirus  0.0102151 0.0081499 0.0081507 0.0107158 0.0108016 0.0098983 0.0112663 0.0112740 0.0081477 0.0123414 0.0117557 0.0123330 0.0112663 0.0096960 0.0096967 0.0086520 0.0091644 0.0139075 1.0404357 3.1839125 1.0863283 3.4888018 0.0117481 0.0133007 0.0117678 0.0127132 1.0406876 1.0337892 0.0000000 0.0025252 0.0112630 0.0143964 0.0086813 0.0123080 0.0096847 0.0107194 0.0123004 0.0096875 0.0102256 0.0112887 0.0123183 0.0138758 0.0091725 0.0091725 0.0123199 0.0123255 0.0129302 0.0091725 0.0091725 0.0112787 0.0133564 0.0091725 0.0118009 0.0144020 0.0104243 0.0139254 0.6177716 0.0128015 0.0138737 0.0107672 0.0143996 0.0128279 0.0145356 0.0113628 0.0123236 0.0128243 0.0139030 0.0112723 0.0128243 0.0128074 1.0946311 0.0154544 0.0149375 0.0091866 0.0092925 0.0165405 0.0097197 0.6268904 0.6255216 0.4811150 
MT361069_Phasi_Charoen_like_phasivirus  0.0107643 0.0093542 0.0098303 0.0121812 0.0117930 0.0130836 0.0126861 0.0131763 0.0102944 0.0132021 0.0112245 0.0131939 0.0126861 0.0117193 0.0107763 0.0102848 0.0107560 0.0127160 1.0607415 3.2779686 1.1123299 3.6300027 0.0113031 0.0121090 0.0106121 0.0112696 1.0601636 1.0483046 0.0025252 0.0000000 0.0108193 0.0126903 0.0079778 0.0122555 0.0088643 0.0093372 0.0107786 0.0083955 0.0098670 0.0098520 0.0107929 0.0122150 0.0079250 0.0083944 0.0112792 0.0117936 0.0118249 0.0083949 0.0083949 0.0098439 0.0117408 0.0083956 0.0107951 0.0126948 0.0095133 0.0132080 0.6396793 0.0116156 0.0131774 0.0101446 0.0137598 0.0122033 0.0138647 0.0107293 0.0111410 0.0126585 0.0132049 0.0107808 0.0126561 0.0117155 1.1194698 0.0150710 0.0145973 0.0107838 0.0099385 0.0160627 0.0088889 0.6323607 0.6321530 0.4857913 
MN866243_Phasi_Charoen_like_phasivirus  0.0151347 0.0131878 0.0132012 0.0155704 0.0152008 0.0157344 0.0151299 0.0156266 0.0131905 0.0156573 0.0150887 0.0156476 0.0151299 0.0156042 0.0141566 0.0136554 0.0141309 0.0171043 1.0668209 3.2993644 1.1201387 3.6432768 0.0171103 0.0183549 0.0168550 0.0149640 1.0633537 1.0515405 0.0112630 0.0108193 0.0000000 0.0117474 0.0037030 0.0055682 0.0088773 0.0074636 0.0107980 0.0084080 0.0009239 0.0070175 0.0098527 0.0112728 0.0079370 0.0084069 0.0103373 0.0032432 0.0108765 0.0084074 0.0084074 0.0093820 0.0107992 0.0084081 0.0103302 0.0117516 0.0094690 0.0176071 0.6431297 0.0168124 0.0179086 0.0153527 0.0190193 0.0165727 0.0186204 0.0143961 0.0152932 0.0173809 0.0168841 0.0151329 0.0173775 0.0165342 1.1273267 0.0183679 0.0178937 0.0141664 0.0133488 0.0193694 0.0074781 0.6393692 0.6391552 0.4900934 
MN866242_Phasi_Charoen_like_phasivirus  0.0174991 0.0155418 0.0155231 0.0179293 0.0175737 0.0188258 0.0178698 0.0183685 0.0155450 0.0184042 0.0174294 0.0183929 0.0178698 0.0170172 0.0165152 0.0160090 0.0164854 0.0199344 1.0687397 3.3116018 1.1209950 3.6630050 0.0189952 0.0208935 0.0193982 0.0177671 1.0710965 1.0571485 0.0143964 0.0126903 0.0117474 0.0000000 0.0093827 0.0117504 0.0093085 0.0097807 0.0065037 0.0088408 0.0112727 0.0065172 0.0027739 0.0069717 0.0083712 0.0088396 0.0060441 0.0132039 0.0046734 0.0088402 0.0088402 0.0032367 0.0065045 0.0088409 0.0060400 0.0027765 0.0104438 0.0204414 0.6419164 0.0204034 0.0214711 0.0189573 0.0226452 0.0193936 0.0228165 0.0180032 0.0188835 0.0209403 0.0204466 0.0179509 0.0209363 0.0193870 1.1272914 0.0218215 0.0213433 0.0160675 0.0157316 0.0228401 0.0102899 0.6380086 0.6377958 0.4923170 
MN866241_Phasi_Charoen_like_phasivirus  0.0127344 0.0108027 0.0108139 0.0131747 0.0127912 0.0137994 0.0127311 0.0132229 0.0108050 0.0132488 0.0122304 0.0132405 0.0127311 0.0132033 0.0117645 0.0112697 0.0117431 0.0146826 1.0654176 3.2971220 1.1173868 3.6335683 0.0142287 0.0157685 0.0142675 0.0149634 1.0618256 1.0478043 0.0086813 0.0079778 0.0037030 0.0093827 0.0000000 0.0069652 0.0060595 0.0055882 0.0084368 0.0055920 0.0027739 0.0056150 0.0074946 0.0089097 0.0051235 0.0055913 0.0079749 0.0046421 0.0084981 0.0055916 0.0055916 0.0070250 0.0084378 0.0055921 0.0079694 0.0093860 0.0066114 0.0151801 0.6399647 0.0142317 0.0158117 0.0127637 0.0164111 0.0141607 0.0165364 0.0123153 0.0127145 0.0152874 0.0147905 0.0127284 0.0152844 0.0136674 1.1245574 0.0155038 0.0150313 0.0117727 0.0109343 0.0164944 0.0046627 0.6357818 0.6355709 0.4900023 
MN866240_Phasi_Charoen_like_phasivirus  0.0156214 0.0136707 0.0136846 0.0160563 0.0156893 0.0157239 0.0165746 0.0170743 0.0136736 0.0171078 0.0165369 0.0170972 0.0165746 0.0160912 0.0146413 0.0141387 0.0146148 0.0185305 1.0644973 3.3069051 1.1184157 3.6359325 0.0185717 0.0199280 0.0184277 0.0156922 1.0600564 1.0513476 0.0123080 0.0122555 0.0055682 0.0117504 0.0069652 0.0000000 0.0093590 0.0079423 0.0098544 0.0088889 0.0051019 0.0084414 0.0098552 0.0103285 0.0084169 0.0088877 0.0093931 0.0074430 0.0099260 0.0088882 0.0088882 0.0093843 0.0108020 0.0088890 0.0103328 0.0117546 0.0094805 0.0190356 0.6445342 0.0183809 0.0194446 0.0169250 0.0206062 0.0179940 0.0202159 0.0159736 0.0168592 0.0189154 0.0184198 0.0165523 0.0189117 0.0179880 1.1252504 0.0188557 0.0193466 0.0146515 0.0138378 0.0198595 0.0088992 0.6375781 0.6373655 0.4895021 
MN866239_Phasi_Charoen_like_phasivirus  0.0136968 0.0117591 0.0117137 0.0141353 0.0137574 0.0137967 0.0145596 0.0150525 0.0117615 0.0150819 0.0135612 0.0150726 0.0145596 0.0141660 0.0127237 0.0122263 0.0127006 0.0165125 1.0715869 3.3103817 1.1215720 3.6294130 0.0150914 0.0161718 0.0146803 0.0148370 1.0661951 1.0576927 0.0096847 0.0088643 0.0088773 0.0093085 0.0060595 0.0093590 0.0000000 0.0023119 0.0074341 0.0013858 0.0079337 0.0065038 0.0074348 0.0079026 0.0009225 0.0013856 0.0069752 0.0098404 0.0084302 0.0013857 0.0013857 0.0060358 0.0074349 0.0004612 0.0079059 0.0093118 0.0028273 0.0170112 0.6416967 0.0156813 0.0172600 0.0142259 0.0178646 0.0159861 0.0180000 0.0143108 0.0146911 0.0167365 0.0167661 0.0145562 0.0167333 0.0154916 1.1287665 0.0178970 0.0174229 0.0127326 0.0119025 0.0188972 0.0065039 0.6335320 0.6333231 0.4913595 
MN866238_Phasi_Charoen_like_phasivirus  0.0141786 0.0122376 0.0121906 0.0146162 0.0142411 0.0157197 0.0150396 0.0155336 0.0122401 0.0155639 0.0135736 0.0155543 0.0150396 0.0146479 0.0132037 0.0127050 0.0131798 0.0160252 1.0703432 3.3206605 1.1232609 3.6372400 0.0155731 0.0172051 0.0157134 0.0155649 1.0649500 1.0564635 0.0107194 0.0093372 0.0074636 0.0097807 0.0055882 0.0079423 0.0023119 0.0000000 0.0079042 0.0018490 0.0065231 0.0064964 0.0079049 0.0083732 0.0013860 0.0018488 0.0074453 0.0088781 0.0089047 0.0018489 0.0018489 0.0065046 0.0079051 0.0018490 0.0083767 0.0097841 0.0033009 0.0165228 0.6424933 0.0156740 0.0172520 0.0142192 0.0178562 0.0155011 0.0179915 0.0143041 0.0146843 0.0167287 0.0167583 0.0140731 0.0167255 0.0150077 1.1304650 0.0174093 0.0169357 0.0132129 0.0123869 0.0184070 0.0060336 0.6367519 0.6365402 0.4936051 
MN866237_Phasi_Charoen_like_phasivirus  0.0165382 0.0145866 0.0145689 0.0169703 0.0166093 0.0169351 0.0169138 0.0174106 0.0145896 0.0174445 0.0164723 0.0174338 0.0169138 0.0150823 0.0155574 0.0150536 0.0155293 0.0189680 1.0619093 3.2986918 1.1168045 3.6528788 0.0180306 0.0198552 0.0183594 0.0185049 1.0652649 1.0486812 0.0123004 0.0107786 0.0107980 0.0065037 0.0084368 0.0098544 0.0074341 0.0079042 0.0000000 0.0069677 0.0103241 0.0055809 0.0055674 0.0032430 0.0064998 0.0069667 0.0023172 0.0122500 0.0046709 0.0069672 0.0069672 0.0051025 0.0037077 0.0069677 0.0051059 0.0065060 0.0080531 0.0194731 0.6403223 0.0193646 0.0204290 0.0179151 0.0215954 0.0184309 0.0217590 0.0174912 0.0178456 0.0198996 0.0194055 0.0169907 0.0198958 0.0184247 1.1238264 0.0193965 0.0189201 0.0151087 0.0147646 0.0204054 0.0093458 0.6353979 0.6351873 0.4896927 
MN866236_Phasi_Charoen_like_phasivirus  0.0132215 0.0112861 0.0112422 0.0136609 0.0132802 0.0150786 0.0140863 0.0145784 0.0112884 0.0146069 0.0130901 0.0145978 0.0140863 0.0136906 0.0122496 0.0117534 0.0122274 0.0160365 1.0716287 3.3061290 1.1218415 3.6392493 0.0146166 0.0161765 0.0146845 0.0141254 1.0662352 1.0577295 0.0096875 0.0083955 0.0084080 0.0088408 0.0055920 0.0088889 0.0013858 0.0018490 0.0069677 0.0000000 0.0074652 0.0060376 0.0069683 0.0074358 0.0004612 0.0009225 0.0065085 0.0093696 0.0079598 0.0009236 0.0009236 0.0055701 0.0069684 0.0009236 0.0074389 0.0088439 0.0023555 0.0165344 0.6396081 0.0156858 0.0172650 0.0142300 0.0178698 0.0155119 0.0180052 0.0143150 0.0146954 0.0167414 0.0167709 0.0140830 0.0167381 0.0150182 1.1290382 0.0174215 0.0169476 0.0122582 0.0114237 0.0184200 0.0060378 0.6355701 0.6353594 0.4925213 
MN866235_Phasi_Charoen_like_phasivirus  0.0141722 0.0122315 0.0122441 0.0146098 0.0142347 0.0150840 0.0141681 0.0146628 0.0122341 0.0146916 0.0141292 0.0146824 0.0141681 0.0146415 0.0131975 0.0126989 0.0131735 0.0165972 1.0668229 3.3030079 1.1197567 3.6384961 0.0161425 0.0173137 0.0158138 0.0149640 1.0633564 1.0518576 0.0102256 0.0098670 0.0009239 0.0112727 0.0027739 0.0051019 0.0079337 0.0065231 0.0103241 0.0074652 0.0000000 0.0060749 0.0093796 0.0107985 0.0069951 0.0074642 0.0098632 0.0023138 0.0103992 0.0074646 0.0074646 0.0089091 0.0103253 0.0074652 0.0098564 0.0112767 0.0085117 0.0170984 0.6423105 0.0157740 0.0173611 0.0143113 0.0179693 0.0160683 0.0175645 0.0133511 0.0142560 0.0168349 0.0163387 0.0146318 0.0168316 0.0155714 1.1269420 0.0174054 0.0169319 0.0132067 0.0123808 0.0184029 0.0065358 0.6397553 0.6395409 0.4891178 
MN866234_Phasi_Charoen_like_phasivirus  0.0136798 0.0117435 0.0117289 0.0141180 0.0137402 0.0150127 0.0131224 0.0136121 0.0117460 0.0136386 0.0145759 0.0136302 0.0131224 0.0132013 0.0127074 0.0122104 0.0126843 0.0175504 1.0699294 3.3046147 1.1203542 3.6463501 0.0161202 0.0178005 0.0163028 0.0148882 1.0699257 1.0552025 0.0112887 0.0098520 0.0070175 0.0065172 0.0056150 0.0084414 0.0065038 0.0064964 0.0055809 0.0060376 0.0060749 0.0000000 0.0055790 0.0060489 0.0055704 0.0060368 0.0051200 0.0074848 0.0056212 0.0060372 0.0060372 0.0051131 0.0055815 0.0060377 0.0051165 0.0065194 0.0071042 0.0180534 0.6416493 0.0173086 0.0189025 0.0158516 0.0195192 0.0170180 0.0191233 0.0148977 0.0157902 0.0183744 0.0178790 0.0155794 0.0183709 0.0165193 1.1275453 0.0189402 0.0184634 0.0122554 0.0118866 0.0199484 0.0074698 0.6346716 0.6344616 0.4866704 
MN866233_Phasi_Charoen_like_phasivirus  0.0155824 0.0136362 0.0136195 0.0160165 0.0156500 0.0156479 0.0164447 0.0169407 0.0136390 0.0169737 0.0155203 0.0169633 0.0164447 0.0160512 0.0146046 0.0141031 0.0136279 0.0175225 1.0676474 3.3038076 1.1188480 3.6521593 0.0165876 0.0183022 0.0168058 0.0163298 1.0704886 1.0565438 0.0123183 0.0107929 0.0098527 0.0027739 0.0074946 0.0098552 0.0074348 0.0079049 0.0055674 0.0069683 0.0093796 0.0055790 0.0000000 0.0060343 0.0065004 0.0069673 0.0051077 0.0113004 0.0037338 0.0069678 0.0069678 0.0013841 0.0055681 0.0069684 0.0051042 0.0027749 0.0085309 0.0180247 0.6398144 0.0178568 0.0188703 0.0163622 0.0200250 0.0169909 0.0201840 0.0153998 0.0162932 0.0183431 0.0178484 0.0155545 0.0183395 0.0170260 1.1248316 0.0194069 0.0189302 0.0146147 0.0138025 0.0204162 0.0084056 0.6369096 0.6366976 0.4908891 
MN866232_Phasi_Charoen_like_phasivirus  0.0165422 0.0150644 0.0150462 0.0174501 0.0170919 0.0169347 0.0173922 0.0178899 0.0150675 0.0179248 0.0169512 0.0179137 0.0173922 0.0165375 0.0160366 0.0155315 0.0160076 0.0184874 1.0645189 3.3049921 1.1138631 3.6477124 0.0175508 0.0193389 0.0178427 0.0185070 1.0654465 1.0480139 0.0138758 0.0122150 0.0112728 0.0069717 0.0089097 0.0103285 0.0079026 0.0083732 0.0032430 0.0074358 0.0107985 0.0060489 0.0060343 0.0000000 0.0069675 0.0074348 0.0027820 0.0127271 0.0051405 0.0074353 0.0074353 0.0055691 0.0004612 0.0074359 0.0055728 0.0069741 0.0085311 0.0189916 0.6420901 0.0188479 0.0199109 0.0173967 0.0210735 0.0179521 0.0212333 0.0169704 0.0173292 0.0193821 0.0188878 0.0165130 0.0193784 0.0179460 1.1208611 0.0198769 0.0194002 0.0155884 0.0152483 0.0208875 0.0098179 0.6364516 0.6362401 0.4892634 
MN866231_Phasi_Charoen_like_phasivirus  0.0127430 0.0108106 0.0107683 0.0131834 0.0127999 0.0144410 0.0136098 0.0141009 0.0108128 0.0141285 0.0126161 0.0141197 0.0136098 0.0132120 0.0117727 0.0112777 0.0117514 0.0155568 1.0700168 3.3067571 1.1201711 3.6342172 0.0141385 0.0156623 0.0141703 0.0141254 1.0646207 1.0561346 0.0091725 0.0079250 0.0079370 0.0083712 0.0051235 0.0084169 0.0009225 0.0013860 0.0064998 0.0004612 0.0069951 0.0055704 0.0065004 0.0069675 0.0000000 0.0004612 0.0060405 0.0088967 0.0074877 0.0004612 0.0004612 0.0051033 0.0065005 0.0004612 0.0069703 0.0083741 0.0018834 0.0160537 0.6409682 0.0151714 0.0167480 0.0137141 0.0173497 0.0150341 0.0174813 0.0137961 0.0141808 0.0162251 0.0162537 0.0136065 0.0162219 0.0145414 1.1273595 0.0169420 0.0164683 0.0117810 0.0109423 0.0179385 0.0055704 0.6344095 0.6341998 0.4926539 
MN866230_Phasi_Charoen_like_phasivirus  0.0132196 0.0112845 0.0112407 0.0136590 0.0132784 0.0144410 0.0140844 0.0145764 0.0112869 0.0146049 0.0130883 0.0145958 0.0140844 0.0136887 0.0122479 0.0117517 0.0122257 0.0160343 1.0694731 3.3058386 1.1185097 3.6345808 0.0146146 0.0156623 0.0141703 0.0141254 1.0640772 1.0555997 0.0091725 0.0083944 0.0084069 0.0088396 0.0055913 0.0088877 0.0013856 0.0018488 0.0069667 0.0009225 0.0074642 0.0060368 0.0069673 0.0074348 0.0004612 0.0000000 0.0065076 0.0093683 0.0079587 0.0009225 0.0009225 0.0055693 0.0069675 0.0009225 0.0074378 0.0088427 0.0023551 0.0165321 0.6398212 0.0151714 0.0167480 0.0137141 0.0173497 0.0155098 0.0174813 0.0137961 0.0141808 0.0162251 0.0162537 0.0140810 0.0162219 0.0150162 1.1256897 0.0174191 0.0169453 0.0122565 0.0114221 0.0184175 0.0060369 0.6341117 0.6339023 0.4920381 
MN866229_Phasi_Charoen_like_phasivirus  0.0160787 0.0141276 0.0141103 0.0165122 0.0161482 0.0169600 0.0164571 0.0169536 0.0141305 0.0169866 0.0160146 0.0169761 0.0164571 0.0155976 0.0150983 0.0145950 0.0150709 0.0185087 1.0650552 3.3038614 1.1159666 3.6485541 0.0175711 0.0188255 0.0173289 0.0178149 1.0665098 1.0493303 0.0123199 0.0112792 0.0103373 0.0060441 0.0079749 0.0093931 0.0069752 0.0074453 0.0023172 0.0065085 0.0098632 0.0051200 0.0051077 0.0027820 0.0060405 0.0065076 0.0000000 0.0117888 0.0042073 0.0065080 0.0065080 0.0046424 0.0032470 0.0065085 0.0046456 0.0060463 0.0075857 0.0190135 0.6411645 0.0183343 0.0193958 0.0168811 0.0205548 0.0179727 0.0207108 0.0159424 0.0163104 0.0188676 0.0183730 0.0165321 0.0188640 0.0179667 1.1229788 0.0198997 0.0194224 0.0146486 0.0143001 0.0209114 0.0084109 0.6362388 0.6360276 0.4910511 
MN866228_Phasi_Charoen_like_phasivirus  0.0161262 0.0141698 0.0141843 0.0165607 0.0161961 0.0170063 0.0161207 0.0166203 0.0141728 0.0166530 0.0160770 0.0166426 0.0161207 0.0165967 0.0151431 0.0146385 0.0151157 0.0185676 1.0693117 3.3054142 1.1240990 3.6408963 0.0181103 0.0194331 0.0179308 0.0171425 1.0676551 1.0547778 0.0123255 0.0117936 0.0032432 0.0132039 0.0046421 0.0074430 0.0098404 0.0088781 0.0122500 0.0093696 0.0023138 0.0074848 0.0113004 0.0127271 0.0088967 0.0093683 0.0117888 0.0000000 0.0123394 0.0093689 0.0093689 0.0108278 0.0122514 0.0093697 0.0117807 0.0132086 0.0104462 0.0190737 0.6457299 0.0178853 0.0194863 0.0164261 0.0201079 0.0180300 0.0197143 0.0154717 0.0163623 0.0189560 0.0184595 0.0165856 0.0189524 0.0170399 1.1313086 0.0193645 0.0188889 0.0151537 0.0143433 0.0203717 0.0084377 0.6426568 0.6424398 0.4898942 
MN866227_Phasi_Charoen_like_phasivirus  0.0161681 0.0142057 0.0141883 0.0166038 0.0162384 0.0163019 0.0165481 0.0170475 0.0142086 0.0170809 0.0165924 0.0170703 0.0165481 0.0156843 0.0151820 0.0146757 0.0151543 0.0191074 1.0697450 3.2754214 1.1149797 3.6153684 0.0177608 0.0195863 0.0180725 0.0171756 1.0691539 1.0534218 0.0129302 0.0118249 0.0108765 0.0046734 0.0084981 0.0099260 0.0084302 0.0089047 0.0046709 0.0079598 0.0103992 0.0056212 0.0037338 0.0051405 0.0074877 0.0079587 0.0042073 0.0123394 0.0000000 0.0079592 0.0079592 0.0042012 0.0056101 0.0079599 0.0046732 0.0046751 0.0090739 0.0196164 0.6426969 0.0195175 0.0205907 0.0180573 0.0217674 0.0185658 0.0219336 0.0176233 0.0179866 0.0200570 0.0195591 0.0171150 0.0200531 0.0185595 1.1232573 0.0210072 0.0205261 0.0147299 0.0143801 0.0220300 0.0089385 0.6321393 0.6319298 0.4854195 
