68
Pirounced_virus_F1032C17F1305               0.0000000 0.0000010 0.0000010 0.0000010 0.0047066 0.0070976 0.0070976 0.0094905 0.0311832 0.0386552 0.0386552 0.0359738 0.0282702 0.0215339 0.0204479 0.0250682 0.0184565 0.0168968 0.0190642 0.0197037 0.0299914 0.0470644 0.0950829 0.0870890 0.0796248 0.0797047 0.0800864 0.1418180 0.1918883 0.2810291 0.4731572 0.4811301 0.4559482 0.5279193 0.3052488 0.2740105 0.2740105 0.2711389 0.2767381 0.2728626 0.2728626 0.2796204 0.2661574 0.2649141 0.2722570 0.2743367 0.2781850 0.2739641 0.2828111 0.3139590 0.3181545 0.3149626 0.3101969 0.3008623 0.3055126 0.3052992 0.2994309 0.2997535 0.3245704 0.3447792 0.3587702 0.3587702 0.3575221 0.3677369 0.3632353 0.3543072 0.3584938 0.2953521 
Pirounced_virus_F1032C17F1585               0.0000010 0.0000000 0.0000010 0.0000010 0.0047066 0.0070976 0.0070976 0.0094905 0.0311832 0.0386552 0.0386552 0.0359738 0.0282702 0.0215339 0.0204479 0.0250682 0.0184565 0.0168968 0.0190642 0.0197037 0.0299914 0.0470644 0.0950829 0.0870890 0.0796248 0.0797047 0.0800864 0.1418180 0.1918883 0.2810291 0.4731572 0.4811301 0.4559482 0.5279193 0.3052488 0.2740105 0.2740105 0.2711389 0.2767381 0.2728626 0.2728626 0.2796204 0.2661574 0.2649141 0.2722570 0.2743367 0.2781850 0.2739641 0.2828111 0.3139590 0.3181545 0.3149626 0.3101969 0.3008623 0.3055126 0.3052992 0.2994309 0.2997535 0.3245704 0.3447792 0.3587702 0.3587702 0.3575221 0.3677369 0.3632353 0.3543072 0.3584938 0.2953521 
Pirounced_virus_F1032C17F1266               0.0000010 0.0000010 0.0000000 0.0000010 0.0048827 0.0073646 0.0073646 0.0098486 0.0258704 0.0373966 0.0373966 0.0346242 0.0249489 0.0192499 0.0213524 0.0228957 0.0160401 0.0177119 0.0198524 0.0205471 0.0312694 0.0492470 0.0932830 0.0852347 0.0749841 0.0750629 0.0754352 0.1304886 0.1865424 0.2647838 0.4805363 0.4931641 0.4663105 0.4943894 0.3028896 0.2601241 0.2601241 0.2571715 0.2628904 0.2601241 0.2601241 0.2657983 0.2566675 0.2508393 0.2582241 0.2604466 0.2643729 0.2600790 0.2690683 0.2994832 0.2967592 0.3004758 0.2956541 0.2861596 0.2908961 0.2906811 0.2846637 0.2850059 0.3218988 0.3427409 0.3524484 0.3524484 0.3509886 0.3654576 0.3570301 0.3478699 0.3521643 0.2776177 
Pirounced_virus_F1032C17F1034               0.0000010 0.0000010 0.0000010 0.0000000 0.0049636 0.0074873 0.0074873 0.0100130 0.0299327 0.0380555 0.0380555 0.0352330 0.0282702 0.0196694 0.0204479 0.0234040 0.0163899 0.0168968 0.0190642 0.0197037 0.0299914 0.0470644 0.0950829 0.0870890 0.0816396 0.0817269 0.0821457 0.1449822 0.1926582 0.2836681 0.4805162 0.4811301 0.4657765 0.5593593 0.3191571 0.2695661 0.2695661 0.2665415 0.2724269 0.2683683 0.2683683 0.2754450 0.2613046 0.2600076 0.2676867 0.2699055 0.2739487 0.2695180 0.2788023 0.3174487 0.3130112 0.3185220 0.3134526 0.3035409 0.3084763 0.3082494 0.3020290 0.3023690 0.3309404 0.3324113 0.3598578 0.3598578 0.3598578 0.3677369 0.3645801 0.3551391 0.3595656 0.3033964 
Pirounced_virus_F1032C17F1607               0.0047066 0.0047066 0.0048827 0.0049636 0.0000000 0.0023556 0.0023556 0.0071435 0.0279773 0.0334715 0.0334715 0.0308124 0.0241355 0.0184018 0.0169828 0.0218686 0.0153334 0.0134722 0.0151933 0.0157002 0.0238527 0.0426322 0.0998267 0.0914034 0.0833777 0.0834607 0.0838606 0.1376279 0.1873914 0.2856374 0.4693056 0.4769480 0.4520504 0.5236366 0.2998761 0.2712093 0.2712093 0.2683411 0.2739264 0.2700694 0.2700694 0.2767938 0.2633710 0.2621358 0.2694389 0.2715327 0.2753702 0.2711635 0.2799780 0.3177925 0.3226549 0.3188100 0.3140054 0.3046080 0.3092876 0.3090723 0.3031771 0.3034984 0.3188782 0.3389953 0.3530749 0.3530749 0.3516807 0.3614922 0.3575077 0.3486440 0.3528000 0.2954501 
Pirounced_virus_F1032C17F1604               0.0070976 0.0070976 0.0073646 0.0074873 0.0023556 0.0000000 0.0000010 0.0047369 0.0279773 0.0307843 0.0307843 0.0281447 0.0241355 0.0184018 0.0169828 0.0218686 0.0153334 0.0134722 0.0151933 0.0157002 0.0238527 0.0426322 0.0998267 0.0914034 0.0833777 0.0834607 0.0838606 0.1376279 0.1873914 0.2883739 0.4685381 0.4761193 0.4512651 0.5163279 0.2946925 0.2748029 0.2748029 0.2719343 0.2775295 0.2736544 0.2736544 0.2804115 0.2669557 0.2657115 0.2730566 0.2751295 0.2789752 0.2747564 0.2835989 0.3145869 0.3188924 0.3155930 0.3108202 0.3014752 0.3061302 0.3059164 0.3025751 0.3028955 0.3154922 0.3355306 0.3560261 0.3560261 0.3547096 0.3647121 0.3604684 0.3515854 0.3557508 0.2923345 
Pirounced_virus_F1032C17F1461               0.0070976 0.0070976 0.0073646 0.0074873 0.0023556 0.0000010 0.0000000 0.0047369 0.0279773 0.0307843 0.0307843 0.0281447 0.0241355 0.0184018 0.0169828 0.0218686 0.0153334 0.0134722 0.0151933 0.0157002 0.0238527 0.0426322 0.0998267 0.0914034 0.0833777 0.0834607 0.0838606 0.1376279 0.1873914 0.2883739 0.4685381 0.4761193 0.4512651 0.5163279 0.2946925 0.2748029 0.2748029 0.2719343 0.2775295 0.2736544 0.2736544 0.2804115 0.2669557 0.2657115 0.2730566 0.2751295 0.2789752 0.2747564 0.2835989 0.3145869 0.3188924 0.3155930 0.3108202 0.3014752 0.3061302 0.3059164 0.3025751 0.3028955 0.3154922 0.3355306 0.3560261 0.3560261 0.3547096 0.3647121 0.3604684 0.3515854 0.3557508 0.2923345 
Pirounced_virus_F1032C17F1325               0.0094905 0.0094905 0.0098486 0.0100130 0.0071435 0.0047369 0.0047369 0.0000000 0.0312293 0.0361633 0.0361633 0.0334872 0.0283245 0.0215658 0.0204816 0.0251058 0.0184840 0.0169246 0.0190994 0.0197413 0.0238527 0.0471557 0.1046578 0.0957949 0.0871936 0.0872797 0.0876980 0.1419882 0.1920738 0.2847724 0.4712821 0.4790704 0.4540998 0.5162753 0.2956275 0.2747529 0.2747529 0.2718842 0.2774794 0.2736045 0.2736045 0.2803613 0.2669057 0.2656617 0.2730062 0.2750794 0.2789251 0.2747064 0.2835487 0.3180702 0.3229673 0.3190863 0.3142903 0.3049100 0.3095811 0.3093662 0.3060132 0.3063317 0.3212515 0.3413872 0.3596679 0.3596679 0.3584471 0.3686861 0.3641223 0.3552148 0.3593921 0.2966244 
LC513833_Culex_inatomii_luteo-like_virus    0.0311832 0.0311832 0.0258704 0.0299327 0.0279773 0.0279773 0.0279773 0.0312293 0.0000000 0.0342669 0.0342669 0.0310197 0.0407589 0.0309215 0.0344717 0.0346517 0.0278228 0.0307531 0.0307443 0.0317918 0.0415767 0.0538136 0.1156228 0.1014290 0.0918181 0.0919087 0.0923535 0.1383817 0.1972942 0.2653858 0.3417203 0.3448875 0.3341241 0.5275506 0.2325912 0.2406831 0.2406831 0.2371883 0.2438854 0.2393886 0.2393886 0.2472437 0.2312254 0.2298260 0.2382737 0.2410430 0.2511006 0.2460569 0.2511006 0.2881768 0.2870845 0.2881768 0.2836618 0.2724953 0.2780676 0.2778178 0.2778178 0.2782304 0.2475733 0.2691888 0.2880859 0.2880859 0.2843631 0.2913904 0.2880859 0.2830913 0.2880859 0.2365806 
Peninsere_virus_F1127C300F1127              0.0386552 0.0386552 0.0373966 0.0380555 0.0334715 0.0307843 0.0307843 0.0361633 0.0342669 0.0000000 0.0000010 0.0047331 0.0077352 0.0029595 0.0032839 0.0120683 0.0059210 0.0065178 0.0073202 0.0075547 0.0231163 0.0328946 0.0990294 0.0907028 0.0826409 0.0827229 0.0831174 0.1432514 0.1786113 0.2826136 0.4562510 0.4651938 0.4558242 0.5126116 0.2857925 0.2740248 0.2740248 0.2711477 0.2767572 0.2728747 0.2728747 0.2796443 0.2661555 0.2649094 0.2722681 0.2743516 0.2782066 0.2739783 0.2828396 0.3375309 0.3458590 0.3386150 0.3429102 0.3331087 0.3379725 0.3285460 0.3250945 0.3254061 0.3184751 0.3401284 0.3603081 0.3603081 0.3590989 0.3697491 0.3647840 0.3558343 0.3600311 0.2893289 
Peninsere_virus_F1127C300F1156              0.0386552 0.0386552 0.0373966 0.0380555 0.0334715 0.0307843 0.0307843 0.0361633 0.0342669 0.0000010 0.0000000 0.0047331 0.0077352 0.0029595 0.0032839 0.0120683 0.0059210 0.0065178 0.0073202 0.0075547 0.0231163 0.0328946 0.0990294 0.0907028 0.0826409 0.0827229 0.0831174 0.1432514 0.1786113 0.2826136 0.4562510 0.4651938 0.4558242 0.5126116 0.2857925 0.2740248 0.2740248 0.2711477 0.2767572 0.2728747 0.2728747 0.2796443 0.2661555 0.2649094 0.2722681 0.2743516 0.2782066 0.2739783 0.2828396 0.3375309 0.3458590 0.3386150 0.3429102 0.3331087 0.3379725 0.3285460 0.3250945 0.3254061 0.3184751 0.3401284 0.3603081 0.3603081 0.3590989 0.3697491 0.3647840 0.3558343 0.3600311 0.2893289 
Peninsere_virus_F1127C300F1450              0.0359738 0.0359738 0.0346242 0.0352330 0.0308124 0.0281447 0.0281447 0.0334872 0.0310197 0.0047331 0.0047331 0.0000000 0.0116702 0.0059448 0.0065996 0.0151499 0.0089199 0.0098229 0.0110399 0.0113963 0.0231163 0.0372021 0.0993273 0.0909702 0.0828683 0.0829506 0.0833465 0.1389448 0.1831105 0.2781829 0.4504569 0.4588838 0.4498164 0.5190537 0.2903889 0.2781000 0.2781000 0.2752193 0.2808463 0.2769390 0.2769390 0.2837539 0.2702128 0.2689554 0.2763689 0.2784309 0.2822999 0.2780529 0.2869572 0.3419680 0.3510843 0.3430663 0.3380495 0.3283187 0.3331507 0.3329264 0.3294552 0.3297649 0.3139227 0.3333997 0.3590865 0.3590865 0.3578461 0.3684076 0.3635548 0.3546205 0.3588099 0.2848170 
MW030476_Hubei_mosquito_virus_2             0.0282702 0.0282702 0.0249489 0.0282702 0.0241355 0.0241355 0.0241355 0.0283245 0.0407589 0.0077352 0.0077352 0.0116702 0.0000000 0.0038298 0.0038298 0.0076646 0.0076646 0.0076646 0.0076646 0.0076646 0.0232461 0.0287803 0.0864858 0.0864858 0.0864858 0.0865979 0.0871427 0.1524173 0.1996787 0.2920723 0.4017026 0.3824669 0.3941956 0.6852270 0.2551294 0.2454288 0.2454288 0.2407975 0.2454288 0.2436954 0.2436954 0.2541850 0.2328753 0.2310117 0.2422788 0.2459127 0.2593024 0.2525839 0.2593024 0.3023830 0.3023830 0.3023830 0.3107407 0.2956339 0.3031454 0.2885991 0.2885991 0.2891297 0.3067514 0.3067514 0.2989640 0.2989640 0.2989640 0.3024064 0.2989640 0.2923316 0.2989640 0.2753333 
KX882764_Hubei_mosquito_virus_2             0.0215339 0.0215339 0.0192499 0.0196694 0.0184018 0.0184018 0.0184018 0.0215658 0.0309215 0.0029595 0.0029595 0.0059448 0.0038298 0.0000000 0.0000010 0.0089841 0.0029388 0.0032326 0.0036266 0.0037414 0.0170874 0.0284998 0.0938485 0.0860253 0.0786062 0.0786846 0.0790580 0.1383095 0.1765963 0.2535856 0.3262454 0.3238334 0.3181026 0.5046035 0.2185287 0.2199042 0.2199042 0.2164375 0.2229873 0.2186913 0.2186913 0.2262313 0.2105957 0.2092836 0.2173515 0.2202374 0.2300376 0.2251249 0.2300376 0.2756473 0.2727894 0.2756473 0.2818090 0.2707182 0.2762537 0.2655147 0.2655147 0.2659334 0.2597586 0.2816343 0.2713374 0.2713374 0.2671388 0.2727372 0.2713374 0.2664800 0.2713374 0.2394635 
MW030482_Hubei_mosquito_virus_2             0.0204479 0.0204479 0.0213524 0.0204479 0.0169828 0.0169828 0.0169828 0.0204816 0.0344717 0.0032839 0.0032839 0.0065996 0.0038298 0.0000010 0.0000000 0.0099820 0.0032584 0.0032584 0.0036266 0.0037414 0.0170874 0.0284998 0.0938485 0.0860253 0.0842211 0.0843135 0.0847597 0.1459276 0.1798309 0.2604204 0.3431657 0.3280447 0.3372919 0.5683162 0.2352676 0.2176203 0.2176203 0.2137495 0.2210507 0.2162760 0.2162760 0.2246650 0.2072373 0.2057868 0.2147480 0.2179893 0.2289124 0.2234361 0.2289124 0.2869842 0.2668443 0.2869842 0.2939626 0.2813778 0.2876500 0.2754910 0.2754910 0.2759516 0.2736505 0.2736505 0.2749394 0.2749394 0.2749394 0.2775562 0.2749394 0.2694972 0.2749394 0.2518393 
MW030484_Hubei_mosquito_virus_2             0.0250682 0.0250682 0.0228957 0.0234040 0.0218686 0.0218686 0.0218686 0.0251058 0.0346517 0.0120683 0.0120683 0.0151499 0.0076646 0.0089841 0.0099820 0.0000000 0.0059863 0.0065969 0.0000010 0.0000010 0.0113770 0.0244176 0.0931075 0.0898903 0.0864639 0.0865492 0.0869632 0.1478796 0.1871482 0.2659823 0.3406891 0.3396926 0.3330748 0.5242272 0.2305340 0.2315627 0.2315627 0.2280643 0.2347287 0.2302977 0.2302977 0.2380497 0.2221246 0.2207559 0.2290781 0.2319125 0.2419000 0.2368928 0.2419000 0.2885909 0.2715250 0.2885909 0.2948765 0.2835330 0.2891882 0.2782223 0.2782223 0.2786348 0.2744758 0.2967996 0.2842653 0.2842653 0.2804308 0.2871324 0.2842653 0.2792995 0.2842653 0.2516701 
MW030472_Hubei_mosquito_virus_2             0.0184565 0.0184565 0.0160401 0.0163899 0.0153334 0.0153334 0.0153334 0.0184840 0.0278228 0.0059210 0.0059210 0.0089199 0.0076646 0.0029388 0.0032584 0.0059863 0.0000000 0.0000010 0.0000010 0.0000010 0.0113770 0.0244176 0.0931075 0.0853782 0.0780688 0.0781465 0.0785160 0.1375250 0.1757139 0.2525740 0.3251091 0.3225858 0.3169207 0.5031907 0.2175336 0.2189376 0.2189376 0.2154723 0.2220149 0.2177287 0.2177287 0.2252541 0.2096367 0.2083290 0.2163784 0.2192695 0.2290585 0.2241514 0.2290585 0.2746032 0.2715250 0.2746032 0.2807584 0.2696818 0.2752106 0.2644842 0.2644842 0.2649036 0.2600234 0.2819356 0.2702921 0.2702921 0.2660621 0.2715754 0.2702921 0.2654408 0.2702921 0.2384599 
MW030480_Hubei_mosquito_virus_2             0.0168968 0.0168968 0.0177119 0.0168968 0.0134722 0.0134722 0.0134722 0.0169246 0.0307531 0.0065178 0.0065178 0.0098229 0.0076646 0.0032326 0.0032584 0.0065969 0.0000010 0.0000000 0.0000010 0.0000010 0.0113770 0.0244176 0.0931075 0.0853782 0.0828025 0.0828925 0.0833255 0.1434883 0.1768509 0.2561816 0.3374517 0.3225858 0.3316780 0.5578523 0.2313460 0.2140279 0.2140279 0.2101989 0.2174012 0.2127127 0.2127127 0.2209613 0.2037735 0.2023543 0.2111565 0.2143884 0.2251600 0.2197599 0.2251600 0.2823130 0.2655862 0.2823130 0.2891858 0.2768026 0.2829772 0.2710048 0.2710048 0.2714640 0.2706223 0.2706223 0.2704345 0.2704345 0.2704345 0.2729724 0.2704345 0.2650771 0.2704345 0.2476925 
MW030488_Hubei_mosquito_virus_2             0.0190642 0.0190642 0.0198524 0.0190642 0.0151933 0.0151933 0.0151933 0.0190994 0.0307443 0.0073202 0.0073202 0.0110399 0.0076646 0.0036266 0.0036266 0.0000010 0.0000010 0.0000010 0.0000000 0.0000010 0.0113770 0.0244176 0.0807354 0.0807354 0.0807354 0.0808352 0.0813135 0.1416426 0.1852843 0.2638703 0.3625968 0.3452116 0.3558331 0.6127694 0.2296455 0.2212210 0.2212210 0.2168658 0.2212210 0.2196932 0.2196932 0.2291925 0.2095235 0.2078804 0.2180209 0.2216415 0.2339772 0.2277904 0.2339772 0.2733158 0.2733158 0.2733158 0.2809735 0.2672077 0.2740733 0.2607609 0.2607609 0.2612861 0.2787748 0.2787748 0.2699523 0.2699523 0.2699523 0.2728192 0.2699523 0.2639015 0.2699523 0.2485051 
MW030478_Hubei_mosquito_virus_2             0.0197037 0.0197037 0.0205471 0.0197037 0.0157002 0.0157002 0.0157002 0.0197413 0.0317918 0.0075547 0.0075547 0.0113963 0.0076646 0.0037414 0.0037414 0.0000010 0.0000010 0.0000010 0.0000010 0.0000000 0.0113770 0.0244176 0.0838195 0.0838195 0.0838195 0.0839262 0.0844413 0.1477352 0.1936896 0.2767207 0.3819214 0.3634121 0.3747097 0.6525925 0.2407908 0.2316963 0.2316963 0.2271575 0.2316963 0.2300566 0.2300566 0.2401250 0.2194547 0.2176923 0.2284670 0.2321503 0.2451240 0.2386155 0.2451240 0.2866906 0.2866906 0.2866906 0.2947731 0.2802071 0.2874617 0.2734049 0.2734049 0.2739398 0.2925790 0.2925790 0.2832564 0.2832564 0.2832564 0.2864234 0.2832564 0.2768572 0.2832564 0.2605314 
MW030486_Hubei_mosquito_virus_2             0.0299914 0.0299914 0.0312694 0.0299914 0.0238527 0.0238527 0.0238527 0.0238527 0.0415767 0.0231163 0.0231163 0.0231163 0.0232461 0.0170874 0.0170874 0.0113770 0.0113770 0.0113770 0.0113770 0.0113770 0.0000000 0.0113770 0.0937242 0.0937242 0.0937242 0.0938992 0.0937242 0.1557843 0.2653408 0.3823245 0.4673032 0.4518754 0.4710865 0.7097998 0.3968839 0.2833822 0.2833822 0.2763263 0.2833822 0.2805198 0.2805198 0.2974101 0.2640550 0.2610146 0.2770347 0.2842056 0.2947031 0.2947031 0.2947031 0.3584968 0.3584968 0.3584968 0.3603292 0.3584968 0.3705753 0.3584968 0.3584968 0.3592116 0.4053060 0.4053060 0.3246458 0.3246458 0.3246458 0.3283681 0.3246458 0.3145664 0.3246458 0.3301668 
MW030470_Hubei_mosquito_virus_2             0.0470644 0.0470644 0.0492470 0.0470644 0.0426322 0.0426322 0.0426322 0.0471557 0.0538136 0.0328946 0.0328946 0.0372021 0.0287803 0.0284998 0.0284998 0.0244176 0.0244176 0.0244176 0.0244176 0.0244176 0.0113770 0.0000000 0.1008083 0.1008083 0.1008083 0.1009384 0.0957106 0.1270345 0.2236824 0.3165964 0.4183258 0.3987509 0.4106759 0.7035294 0.2839630 0.2664216 0.2664216 0.2617325 0.2664216 0.2645802 0.2645802 0.2755208 0.2536274 0.2516478 0.2634622 0.2669431 0.2807300 0.2738108 0.2807300 0.2943195 0.2943195 0.2943195 0.3025527 0.3006938 0.3082220 0.2936439 0.2936439 0.2941685 0.3080033 0.3080033 0.3080532 0.3080532 0.3080532 0.3116159 0.3080532 0.3013624 0.3080532 0.2779980 
MW434902_Marma_virus                        0.0950829 0.0950829 0.0932830 0.0950829 0.0998267 0.0998267 0.0998267 0.1046578 0.1156228 0.0990294 0.0990294 0.0993273 0.0864858 0.0938485 0.0938485 0.0931075 0.0931075 0.0931075 0.0807354 0.0838195 0.0937242 0.1008083 0.0000000 0.0109095 0.0109095 0.0146286 0.0145940 0.1380465 0.1483276 0.2624676 0.3369281 0.3208335 0.3285064 0.6067399 0.2555147 0.2249883 0.2249883 0.2207668 0.2249883 0.2234907 0.2234907 0.2327572 0.2136345 0.2135874 0.2219227 0.2254013 0.2374023 0.2313824 0.2374023 0.2472403 0.2285987 0.2472403 0.2492309 0.2469794 0.2534364 0.2466906 0.2466906 0.2478678 0.3004477 0.3004477 0.2520544 0.2520544 0.2520544 0.2545823 0.2520544 0.2577512 0.2520544 0.2490238 
MW434875_Marma_virus                        0.0870890 0.0870890 0.0852347 0.0870890 0.0914034 0.0914034 0.0914034 0.0957949 0.1014290 0.0907028 0.0907028 0.0909702 0.0864858 0.0860253 0.0860253 0.0898903 0.0853782 0.0853782 0.0807354 0.0838195 0.0937242 0.1008083 0.0109095 0.0000000 0.0000010 0.0033499 0.0033423 0.1168755 0.1255505 0.2363375 0.3204950 0.3056051 0.3127137 0.5514623 0.2369426 0.2083526 0.2083526 0.2044181 0.2146383 0.2070254 0.2070254 0.2154248 0.1978482 0.1978036 0.2053524 0.2087155 0.2197397 0.2142114 0.2197397 0.2458629 0.2285987 0.2458629 0.2477449 0.2456181 0.2517267 0.2453437 0.2453437 0.2464560 0.2785723 0.2785723 0.2474557 0.2474557 0.2474557 0.2497849 0.2474557 0.2527963 0.2474557 0.2361365 
MW434863_Marma_virus                        0.0796248 0.0796248 0.0749841 0.0816396 0.0833777 0.0833777 0.0833777 0.0871936 0.0918181 0.0826409 0.0826409 0.0828683 0.0864858 0.0786062 0.0842211 0.0864639 0.0780688 0.0828025 0.0807354 0.0838195 0.0937242 0.1008083 0.0109095 0.0000010 0.0000000 0.0029619 0.0029559 0.1087158 0.1208682 0.2228068 0.3050206 0.2935624 0.2875845 0.4772056 0.2147719 0.2088303 0.2088303 0.2053713 0.2143576 0.2076609 0.2076609 0.2150482 0.1995908 0.1995517 0.2061988 0.2091500 0.2188409 0.2139826 0.2188409 0.2279529 0.2273178 0.2279529 0.2295458 0.2277668 0.2329818 0.2275192 0.2275192 0.2284513 0.2574825 0.2794411 0.2352730 0.2352730 0.2300680 0.2392000 0.2352730 0.2398688 0.2352730 0.2144703 
MW434872_Marma_virus                        0.0797047 0.0797047 0.0750629 0.0817269 0.0834607 0.0834607 0.0834607 0.0872797 0.0919087 0.0827229 0.0827229 0.0829506 0.0865979 0.0786846 0.0843135 0.0865492 0.0781465 0.0828925 0.0808352 0.0839262 0.0938992 0.1009384 0.0146286 0.0033499 0.0029619 0.0000000 0.0059390 0.1088210 0.1250767 0.2250752 0.3076196 0.2963885 0.2902581 0.4847168 0.2197880 0.2110395 0.2110395 0.2075748 0.2165897 0.2098598 0.2098598 0.2172865 0.2017743 0.2017352 0.2084204 0.2113622 0.2210860 0.2162114 0.2210860 0.2302397 0.2300900 0.2302397 0.2318398 0.2300501 0.2352820 0.2298034 0.2298034 0.2307410 0.2576684 0.2796308 0.2375873 0.2375873 0.2324468 0.2417901 0.2375873 0.2421985 0.2375873 0.2146364 
MK440646_Marma_virus                        0.0800864 0.0800864 0.0754352 0.0821457 0.0838606 0.0838606 0.0838606 0.0876980 0.0923535 0.0831174 0.0831174 0.0833465 0.0871427 0.0790580 0.0847597 0.0869632 0.0785160 0.0833255 0.0813135 0.0844413 0.0937242 0.0957106 0.0145940 0.0033423 0.0029559 0.0059390 0.0000000 0.1047669 0.1167441 0.2226235 0.3069080 0.2955888 0.2894879 0.4785073 0.2113681 0.2100418 0.2100418 0.2065767 0.2155863 0.2088657 0.2088657 0.2162809 0.2007804 0.2007412 0.2074148 0.2103634 0.2200807 0.2152092 0.2200807 0.2228899 0.2211883 0.2228899 0.2244662 0.2227119 0.2278858 0.2224622 0.2224622 0.2233814 0.2518386 0.2736343 0.2301453 0.2301453 0.2248023 0.2334597 0.2301453 0.2347020 0.2301453 0.2142908 
NC_033305_Hubei_mosquito_virus_2            0.1418180 0.1418180 0.1304886 0.1449822 0.1376279 0.1376279 0.1376279 0.1419882 0.1383817 0.1432514 0.1432514 0.1389448 0.1524173 0.1383095 0.1459276 0.1478796 0.1375250 0.1434883 0.1416426 0.1477352 0.1557843 0.1270345 0.1380465 0.1168755 0.1087158 0.1088210 0.1047669 0.0000000 0.1469857 0.2530575 0.3741521 0.3714180 0.3609637 0.5527698 0.2649779 0.2347265 0.2347265 0.2312065 0.2292194 0.2334428 0.2334428 0.2412826 0.2252206 0.2251819 0.2322517 0.2350821 0.2451612 0.2401072 0.2451612 0.2660440 0.2729701 0.2660440 0.2718899 0.2603477 0.2583218 0.2655646 0.2655646 0.2665820 0.2276574 0.2539387 0.2916153 0.2916153 0.2880368 0.2901149 0.2916153 0.2866486 0.2916153 0.2534805 
MT361063_Kisumu_mosquito_virus              0.1918883 0.1918883 0.1865424 0.1926582 0.1873914 0.1873914 0.1873914 0.1920738 0.1972942 0.1786113 0.1786113 0.1831105 0.1996787 0.1765963 0.1798309 0.1871482 0.1757139 0.1768509 0.1852843 0.1936896 0.2653408 0.2236824 0.1483276 0.1255505 0.1208682 0.1250767 0.1167441 0.1469857 0.0000000 0.2583878 0.2578922 0.2478273 0.2376295 0.4852636 0.2183026 0.2314989 0.2314989 0.2279858 0.2260199 0.2302288 0.2302288 0.2380124 0.2220213 0.2226632 0.2199213 0.2318501 0.2364138 0.2368509 0.2364138 0.2502335 0.2580364 0.2502335 0.2591349 0.2455706 0.2400232 0.2405919 0.2405919 0.2348415 0.2057147 0.2318055 0.2129919 0.2129919 0.2072821 0.2202155 0.2129919 0.2173568 0.2129919 0.2378423 
MH703049_Yongsan_sobemo-like_virus_1        0.2810291 0.2810291 0.2647838 0.2836681 0.2856374 0.2883739 0.2883739 0.2847724 0.2653858 0.2826136 0.2826136 0.2781829 0.2920723 0.2535856 0.2604204 0.2659823 0.2525740 0.2561816 0.2638703 0.2767207 0.3823245 0.3165964 0.2624676 0.2363375 0.2228068 0.2250752 0.2226235 0.2530575 0.2583878 0.0000000 0.4120779 0.4231963 0.4082703 0.5829593 0.3249482 0.2853669 0.2853669 0.2824168 0.2904780 0.2841612 0.2841612 0.2912049 0.2772744 0.2829538 0.2836450 0.2857124 0.2896903 0.2853175 0.2944908 0.2622164 0.2804303 0.2581292 0.2631603 0.2583527 0.2627182 0.2625269 0.2559752 0.2606903 0.2937783 0.3180322 0.3181552 0.3181552 0.3211808 0.3334393 0.3223914 0.3184389 0.3126632 0.2551578 
MN661099_Atrato_Sobemo-like_virus_5         0.4731572 0.4731572 0.4805363 0.4805162 0.4693056 0.4685381 0.4685381 0.4712821 0.3417203 0.4562510 0.4562510 0.4504569 0.4017026 0.3262454 0.3431657 0.3406891 0.3251091 0.3374517 0.3625968 0.3819214 0.4673032 0.4183258 0.3369281 0.3204950 0.3050206 0.3076196 0.3069080 0.3741521 0.2578922 0.4120779 0.0000000 0.0077219 0.0099966 0.6624216 0.3966206 0.3966859 0.3966859 0.3935089 0.3999472 0.3951551 0.3951551 0.4037277 0.3835693 0.3903469 0.3913884 0.3918741 0.3964145 0.3913451 0.4020569 0.3807121 0.4002105 0.3833635 0.3862476 0.3682957 0.3734835 0.3732425 0.3770200 0.3828404 0.4241239 0.4504127 0.4184957 0.4184957 0.4217187 0.4357385 0.4234253 0.4234253 0.4188744 0.3700950 
MN661097_Atrato_Sobemo-like_virus_5         0.4811301 0.4811301 0.4931641 0.4811301 0.4769480 0.4761193 0.4761193 0.4790704 0.3448875 0.4651938 0.4651938 0.4588838 0.3824669 0.3238334 0.3280447 0.3396926 0.3225858 0.3225858 0.3452116 0.3634121 0.4518754 0.3987509 0.3208335 0.3056051 0.2935624 0.2963885 0.2955888 0.3714180 0.2478273 0.4231963 0.0077219 0.0000000 0.0129384 0.6978300 0.4077589 0.3965169 0.3965169 0.3930970 0.4000274 0.3948696 0.3948696 0.4040986 0.3824001 0.3896914 0.3908111 0.3913388 0.3962248 0.3907700 0.4022989 0.3848204 0.3855423 0.3876956 0.3908135 0.3714048 0.3770077 0.3767475 0.3808268 0.3871219 0.4347874 0.4371168 0.4187146 0.4187146 0.4187146 0.4223171 0.4240301 0.4240301 0.4191231 0.3829698 
MN661107_Atrato_Sobemo-like_virus_5         0.4559482 0.4559482 0.4663105 0.4657765 0.4520504 0.4512651 0.4512651 0.4540998 0.3341241 0.4558242 0.4558242 0.4498164 0.3941956 0.3181026 0.3372919 0.3330748 0.3169207 0.3316780 0.3558331 0.3747097 0.4710865 0.4106759 0.3285064 0.3127137 0.2875845 0.2902581 0.2894879 0.3609637 0.2376295 0.4082703 0.0099966 0.0129384 0.0000000 0.6524618 0.3762755 0.3921480 0.3921480 0.3888535 0.3955231 0.3905691 0.3905691 0.3994220 0.3785648 0.3803142 0.3866312 0.3871737 0.3918696 0.3866294 0.3977007 0.3658371 0.3793194 0.3684980 0.3652043 0.3532454 0.3585076 0.3582628 0.3621029 0.3618086 0.4054549 0.4076615 0.3977622 0.3977622 0.3977622 0.4217777 0.4027167 0.4027167 0.3981196 0.3760817 
MT896210_Aedes_sobemo-like_virus            0.5279193 0.5279193 0.4943894 0.5593593 0.5236366 0.5163279 0.5163279 0.5162753 0.5275506 0.5126116 0.5126116 0.5190537 0.6852270 0.5046035 0.5683162 0.5242272 0.5031907 0.5578523 0.6127694 0.6525925 0.7097998 0.7035294 0.6067399 0.5514623 0.4772056 0.4847168 0.4785073 0.5527698 0.4852636 0.5829593 0.6624216 0.6978300 0.6524618 0.0000000 0.1583344 0.4948962 0.4948962 0.4913582 0.5021449 0.4988659 0.4988659 0.4866128 0.4870856 0.4850157 0.4946658 0.4954982 0.5008286 0.4948183 0.5075734 0.5733680 0.6612496 0.5804622 0.5915204 0.5719967 0.5789727 0.5654605 0.5605091 0.5618411 0.5704945 0.5995540 0.6945392 0.6945392 0.7040490 0.7481980 0.7022032 0.7022032 0.6852231 0.5628372 
MT896211_Aedes_sobemo-like_virus            0.3052488 0.3052488 0.3028896 0.3191571 0.2998761 0.2946925 0.2946925 0.2956275 0.2325912 0.2857925 0.2857925 0.2903889 0.2551294 0.2185287 0.2352676 0.2305340 0.2175336 0.2313460 0.2296455 0.2407908 0.3968839 0.2839630 0.2555147 0.2369426 0.2147719 0.2197880 0.2113681 0.2649779 0.2183026 0.3249482 0.3966206 0.4077589 0.3762755 0.1583344 0.0000000 0.2680015 0.2680015 0.2650435 0.2730392 0.2709914 0.2709914 0.2737382 0.2612691 0.2598934 0.2661529 0.2683319 0.2722817 0.2679547 0.2770183 0.3020055 0.3148908 0.3067257 0.3141967 0.2977704 0.3024838 0.2933431 0.2899986 0.2908762 0.3206456 0.3431336 0.3804295 0.3804295 0.3801323 0.4022876 0.3851327 0.3851327 0.3743149 0.3035222 
Guangzhou_sobemo_like_virus_F1517C31F1016   0.2740105 0.2740105 0.2601241 0.2695661 0.2712093 0.2748029 0.2748029 0.2747529 0.2406831 0.2740248 0.2740248 0.2781000 0.2454288 0.2199042 0.2176203 0.2315627 0.2189376 0.2140279 0.2212210 0.2316963 0.2833822 0.2664216 0.2249883 0.2083526 0.2088303 0.2110395 0.2100418 0.2347265 0.2314989 0.2853669 0.3966859 0.3965169 0.3921480 0.4948962 0.2680015 0.0000000 0.0000010 0.0000010 0.0023601 0.0023525 0.0023525 0.0023687 0.0000010 0.0000010 0.0000010 0.0023609 0.0095527 0.0071411 0.0071299 0.2233900 0.2415068 0.2274796 0.2394295 0.2198066 0.2238984 0.2159321 0.2091189 0.2134722 0.3201421 0.3503609 0.3045404 0.3045404 0.3024815 0.3056419 0.3086784 0.3086784 0.2991839 0.2462533 
Guangzhou_sobemo_like_virus_F1517C31F1083   0.2740105 0.2740105 0.2601241 0.2695661 0.2712093 0.2748029 0.2748029 0.2747529 0.2406831 0.2740248 0.2740248 0.2781000 0.2454288 0.2199042 0.2176203 0.2315627 0.2189376 0.2140279 0.2212210 0.2316963 0.2833822 0.2664216 0.2249883 0.2083526 0.2088303 0.2110395 0.2100418 0.2347265 0.2314989 0.2853669 0.3966859 0.3965169 0.3921480 0.4948962 0.2680015 0.0000010 0.0000000 0.0000010 0.0023601 0.0023525 0.0023525 0.0023687 0.0000010 0.0000010 0.0000010 0.0023609 0.0095527 0.0071411 0.0071299 0.2233900 0.2415068 0.2274796 0.2394295 0.2198066 0.2238984 0.2159321 0.2091189 0.2134722 0.3201421 0.3503609 0.3045404 0.3045404 0.3024815 0.3056419 0.3086784 0.3086784 0.2991839 0.2462533 
MT361061_Guangzhou_sobemo-like_virus        0.2711389 0.2711389 0.2571715 0.2665415 0.2683411 0.2719343 0.2719343 0.2718842 0.2371883 0.2711477 0.2711477 0.2752193 0.2407975 0.2164375 0.2137495 0.2280643 0.2154723 0.2101989 0.2168658 0.2271575 0.2763263 0.2617325 0.2207668 0.2044181 0.2053713 0.2075748 0.2065767 0.2312065 0.2279858 0.2824168 0.3935089 0.3930970 0.3888535 0.4913582 0.2650435 0.0000010 0.0000010 0.0000000 0.0023680 0.0023603 0.0023603 0.0023766 0.0000010 0.0000010 0.0000010 0.0023687 0.0095845 0.0071649 0.0071536 0.2242131 0.2425481 0.2283187 0.2403165 0.2206150 0.2247227 0.2167259 0.2098836 0.2142539 0.3170201 0.3472125 0.3015669 0.3015669 0.2994266 0.3024114 0.3056975 0.3056975 0.2962218 0.2434188 
Guangzhou_sobemo_like_virus_F1517C31F1070   0.2767381 0.2767381 0.2628904 0.2724269 0.2739264 0.2775295 0.2775295 0.2774794 0.2438854 0.2767572 0.2767572 0.2808463 0.2454288 0.2229873 0.2210507 0.2347287 0.2220149 0.2174012 0.2212210 0.2316963 0.2833822 0.2664216 0.2249883 0.2146383 0.2143576 0.2165897 0.2155863 0.2292194 0.2260199 0.2904780 0.3999472 0.4000274 0.3955231 0.5021449 0.2730392 0.0023601 0.0023601 0.0023680 0.0000000 0.0047321 0.0047321 0.0047645 0.0023797 0.0023778 0.0023812 0.0047489 0.0120086 0.0095757 0.0095606 0.2278923 0.2415068 0.2320120 0.2440558 0.2242778 0.2283999 0.2203774 0.2134981 0.2178850 0.3214194 0.3516828 0.3074373 0.3074373 0.3054531 0.3087917 0.3115914 0.3115914 0.3020582 0.2509733 
Guangzhou_sobemo_like_virus_F1517C31F1073   0.2728626 0.2728626 0.2601241 0.2683683 0.2700694 0.2736544 0.2736544 0.2736045 0.2393886 0.2728747 0.2728747 0.2769390 0.2436954 0.2186913 0.2162760 0.2302977 0.2177287 0.2127127 0.2196932 0.2300566 0.2805198 0.2645802 0.2234907 0.2070254 0.2076609 0.2098598 0.2088657 0.2334428 0.2302288 0.2841612 0.3951551 0.3948696 0.3905691 0.4988659 0.2709914 0.0023525 0.0023525 0.0023603 0.0047321 0.0000000 0.0000010 0.0047491 0.0000010 0.0023701 0.0023735 0.0047336 0.0119698 0.0095448 0.0095297 0.2224095 0.2402980 0.2264857 0.2383958 0.2188390 0.2229171 0.2149770 0.2081905 0.2125285 0.3187865 0.3489308 0.3047936 0.3047936 0.3027452 0.3059149 0.3089254 0.3089254 0.2994452 0.2451881 
Guangzhou_sobemo_like_virus_F1517C31F1352   0.2728626 0.2728626 0.2601241 0.2683683 0.2700694 0.2736544 0.2736544 0.2736045 0.2393886 0.2728747 0.2728747 0.2769390 0.2436954 0.2186913 0.2162760 0.2302977 0.2177287 0.2127127 0.2196932 0.2300566 0.2805198 0.2645802 0.2234907 0.2070254 0.2076609 0.2098598 0.2088657 0.2334428 0.2302288 0.2841612 0.3951551 0.3948696 0.3905691 0.4988659 0.2709914 0.0023525 0.0023525 0.0023603 0.0047321 0.0000010 0.0000000 0.0047491 0.0000010 0.0023701 0.0023735 0.0047336 0.0119698 0.0095448 0.0095297 0.2224095 0.2402980 0.2264857 0.2383958 0.2188390 0.2229171 0.2149770 0.2081905 0.2125285 0.3187865 0.3489308 0.3047936 0.3047936 0.3027452 0.3059149 0.3089254 0.3089254 0.2994452 0.2451881 
Guangzhou_sobemo_like_virus_F1517C31F1171   0.2796204 0.2796204 0.2657983 0.2754450 0.2767938 0.2804115 0.2804115 0.2803613 0.2472437 0.2796443 0.2796443 0.2837539 0.2541850 0.2262313 0.2246650 0.2380497 0.2252541 0.2209613 0.2291925 0.2401250 0.2974101 0.2755208 0.2327572 0.2154248 0.2150482 0.2172865 0.2162809 0.2412826 0.2380124 0.2912049 0.4037277 0.4040986 0.3994220 0.4866128 0.2737382 0.0023687 0.0023687 0.0023766 0.0047645 0.0047491 0.0047491 0.0000000 0.0023884 0.0023865 0.0023899 0.0047660 0.0120507 0.0096096 0.0095944 0.2284702 0.2476249 0.2325984 0.2446679 0.2248475 0.2289781 0.2209393 0.2140436 0.2184399 0.3265651 0.3570419 0.3105549 0.3105549 0.3086471 0.3121863 0.3147355 0.3147355 0.3051401 0.2516053 
MT361059_Guangzhou_sobemo-like_virus        0.2661574 0.2661574 0.2566675 0.2613046 0.2633710 0.2669557 0.2669557 0.2669057 0.2312254 0.2661555 0.2661555 0.2702128 0.2328753 0.2105957 0.2072373 0.2221246 0.2096367 0.2037735 0.2095235 0.2194547 0.2640550 0.2536274 0.2136345 0.1978482 0.1995908 0.2017743 0.2007804 0.2252206 0.2220213 0.2772744 0.3835693 0.3824001 0.3785648 0.4870856 0.2612691 0.0000010 0.0000010 0.0000010 0.0023797 0.0000010 0.0000010 0.0023884 0.0000000 0.0000010 0.0000010 0.0000010 0.0047716 0.0023778 0.0023740 0.2129116 0.2290358 0.2169447 0.2287197 0.2093889 0.2134227 0.2055631 0.1988873 0.2031738 0.3118686 0.3419835 0.2917739 0.2917739 0.2893805 0.2917693 0.2958529 0.2958529 0.2865022 0.2388453 
MT361055_Guangzhou_sobemo-like_virus        0.2649141 0.2649141 0.2508393 0.2600076 0.2621358 0.2657115 0.2657115 0.2656617 0.2298260 0.2649094 0.2649094 0.2689554 0.2310117 0.2092836 0.2057868 0.2207559 0.2083290 0.2023543 0.2078804 0.2176923 0.2610146 0.2516478 0.2135874 0.1978036 0.1995517 0.2017352 0.2007412 0.2251819 0.2226632 0.2829538 0.3903469 0.3896914 0.3803142 0.4850157 0.2598934 0.0000010 0.0000010 0.0000010 0.0023778 0.0023701 0.0023701 0.0023865 0.0000010 0.0000000 0.0000010 0.0000010 0.0047678 0.0023759 0.0023721 0.2178094 0.2349184 0.2218801 0.2292412 0.2142488 0.2183208 0.2103901 0.2036326 0.2036326 0.3104076 0.3404486 0.2928305 0.2928305 0.2904659 0.2929171 0.2969126 0.2969126 0.2875540 0.2390094 
MT361053_Guangzhou_sobemo-like_virus        0.2722570 0.2722570 0.2582241 0.2676867 0.2694389 0.2730566 0.2730566 0.2730062 0.2382737 0.2722681 0.2722681 0.2763689 0.2422788 0.2173515 0.2147480 0.2290781 0.2163784 0.2111565 0.2180209 0.2284670 0.2770347 0.2634622 0.2219227 0.2053524 0.2061988 0.2084204 0.2074148 0.2322517 0.2199213 0.2836450 0.3913884 0.3908111 0.3866312 0.4946658 0.2661529 0.0000010 0.0000010 0.0000010 0.0023812 0.0023735 0.0023735 0.0023899 0.0000010 0.0000010 0.0000000 0.0000010 0.0023792 0.0023792 0.0000010 0.2182963 0.2355400 0.2223780 0.2343017 0.2147257 0.2188086 0.2108569 0.2040796 0.2084200 0.3144004 0.3447087 0.2947829 0.2947829 0.2924568 0.2950396 0.2988955 0.2988955 0.2894656 0.2446253 
Guangzhou_sobemo_like_virus_F1517C31F1017   0.2743367 0.2743367 0.2604466 0.2699055 0.2715327 0.2751295 0.2751295 0.2750794 0.2410430 0.2743516 0.2743516 0.2784309 0.2459127 0.2202374 0.2179893 0.2319125 0.2192695 0.2143884 0.2216415 0.2321503 0.2842056 0.2669431 0.2254013 0.2087155 0.2091500 0.2113622 0.2103634 0.2350821 0.2318501 0.2857124 0.3918741 0.3913388 0.3871737 0.4954982 0.2683319 0.0023609 0.0023609 0.0023687 0.0047489 0.0047336 0.0047336 0.0047660 0.0000010 0.0000010 0.0000010 0.0000000 0.0071211 0.0047317 0.0047243 0.2199064 0.2372931 0.2239638 0.2358175 0.2163552 0.2204141 0.2125102 0.2057660 0.2100818 0.3145337 0.3445313 0.3003691 0.3003691 0.2982058 0.3011066 0.3044789 0.3044789 0.2950520 0.2415509 
MT096519_Wenzhou_sobemo-like_virus_4        0.2781850 0.2781850 0.2643729 0.2739487 0.2753702 0.2789752 0.2789752 0.2789251 0.2511006 0.2782066 0.2782066 0.2822999 0.2593024 0.2300376 0.2289124 0.2419000 0.2290585 0.2251600 0.2339772 0.2451240 0.2947031 0.2807300 0.2374023 0.2197397 0.2188409 0.2210860 0.2200807 0.2451612 0.2364138 0.2896903 0.3964145 0.3962248 0.3918696 0.5008286 0.2722817 0.0095527 0.0095527 0.0095845 0.0120086 0.0119698 0.0119698 0.0120507 0.0047716 0.0047678 0.0023792 0.0071211 0.0000000 0.0023552 0.0023569 0.2320808 0.2518458 0.2362113 0.2482954 0.2284527 0.2325851 0.2245456 0.2176369 0.2220346 0.3249140 0.3552345 0.3053845 0.3053845 0.3033477 0.3065595 0.3095269 0.3095269 0.3000224 0.2452638 
MZ556263_Sichuan_mosquito_sobemo-like_virus 0.2739641 0.2739641 0.2600790 0.2695180 0.2711635 0.2747564 0.2747564 0.2747064 0.2460569 0.2739783 0.2739783 0.2780529 0.2525839 0.2251249 0.2234361 0.2368928 0.2241514 0.2197599 0.2277904 0.2386155 0.2947031 0.2738108 0.2313824 0.2142114 0.2139826 0.2162114 0.2152092 0.2401072 0.2368509 0.2853175 0.3913451 0.3907700 0.3866294 0.4948183 0.2679547 0.0071411 0.0071411 0.0071649 0.0095757 0.0095448 0.0095448 0.0096096 0.0023778 0.0023759 0.0023792 0.0047317 0.0023552 0.0000000 0.0047306 0.2281499 0.2471500 0.2322583 0.2442721 0.2245456 0.2286558 0.2206571 0.2137987 0.2181715 0.3201686 0.3503429 0.3099082 0.3099082 0.3079880 0.3114793 0.3140766 0.3140766 0.3045102 0.2412205 
NC_033138_Wenzhou_sobemo-like_virus_4       0.2828111 0.2828111 0.2690683 0.2788023 0.2799780 0.2835989 0.2835989 0.2835487 0.2511006 0.2828396 0.2828396 0.2869572 0.2593024 0.2300376 0.2289124 0.2419000 0.2290585 0.2251600 0.2339772 0.2451240 0.2947031 0.2807300 0.2374023 0.2197397 0.2188409 0.2210860 0.2200807 0.2451612 0.2364138 0.2944908 0.4020569 0.4022989 0.3977007 0.5075734 0.2770183 0.0071299 0.0071299 0.0071536 0.0095606 0.0095297 0.0095297 0.0095944 0.0023740 0.0023721 0.0000010 0.0047243 0.0023569 0.0047306 0.0000000 0.2276962 0.2465798 0.2317966 0.2437868 0.2240993 0.2282016 0.2202182 0.2133747 0.2177388 0.3239853 0.3542746 0.3003245 0.3003245 0.2981601 0.3010581 0.3044339 0.3044339 0.2950079 0.2496666 
MW434812_Guadeloupe_mosquito_virus          0.3139590 0.3139590 0.2994832 0.3174487 0.3177925 0.3145869 0.3145869 0.3180702 0.2881768 0.3375309 0.3375309 0.3419680 0.3023830 0.2756473 0.2869842 0.2885909 0.2746032 0.2823130 0.2733158 0.2866906 0.3584968 0.2943195 0.2472403 0.2458629 0.2279529 0.2302397 0.2228899 0.2660440 0.2502335 0.2622164 0.3807121 0.3848204 0.3658371 0.5733680 0.3020055 0.2233900 0.2233900 0.2242131 0.2278923 0.2224095 0.2224095 0.2284702 0.2129116 0.2178094 0.2182963 0.2199064 0.2320808 0.2281499 0.2276962 0.0000000 0.0000010 0.0023390 0.0094396 0.0070294 0.0094041 0.0046705 0.0094381 0.0118773 0.2832245 0.3101638 0.2673635 0.2673635 0.2687449 0.2780444 0.2711980 0.2711980 0.2624236 0.2022283 
MK285337_Renna_virus                        0.3181545 0.3181545 0.2967592 0.3130112 0.3226549 0.3188924 0.3188924 0.3229673 0.2870845 0.3458590 0.3458590 0.3510843 0.3023830 0.2727894 0.2668443 0.2715250 0.2715250 0.2655862 0.2733158 0.2866906 0.3584968 0.2943195 0.2285987 0.2285987 0.2273178 0.2300900 0.2211883 0.2729701 0.2580364 0.2804303 0.4002105 0.3855423 0.3793194 0.6612496 0.3148908 0.2415068 0.2415068 0.2425481 0.2415068 0.2402980 0.2402980 0.2476249 0.2290358 0.2349184 0.2355400 0.2372931 0.2518458 0.2471500 0.2465798 0.0000010 0.0000000 0.0027069 0.0109402 0.0081377 0.0108929 0.0054040 0.0109382 0.0137793 0.2917347 0.2939123 0.2724810 0.2724810 0.2724810 0.2758168 0.2769557 0.2769557 0.2667181 0.2110493 
MW434813_Guadeloupe_mosquito_virus          0.3149626 0.3149626 0.3004758 0.3185220 0.3188100 0.3155930 0.3155930 0.3190863 0.2881768 0.3386150 0.3386150 0.3430663 0.3023830 0.2756473 0.2869842 0.2885909 0.2746032 0.2823130 0.2733158 0.2866906 0.3584968 0.2943195 0.2472403 0.2458629 0.2279529 0.2302397 0.2228899 0.2660440 0.2502335 0.2581292 0.3833635 0.3876956 0.3684980 0.5804622 0.3067257 0.2274796 0.2274796 0.2283187 0.2320120 0.2264857 0.2264857 0.2325984 0.2169447 0.2218801 0.2223780 0.2239638 0.2362113 0.2322583 0.2317966 0.0023390 0.0027069 0.0000000 0.0118470 0.0094106 0.0118028 0.0070346 0.0118451 0.0143093 0.2787856 0.3056090 0.2717340 0.2717340 0.2732472 0.2828755 0.2755928 0.2755928 0.2667596 0.1984584 
MT361065_Kwale_mosquito_virus               0.3101969 0.3101969 0.2956541 0.3134526 0.3140054 0.3108202 0.3108202 0.3142903 0.2836618 0.3429102 0.3429102 0.3380495 0.3107407 0.2818090 0.2939626 0.2948765 0.2807584 0.2891858 0.2809735 0.2947731 0.3603292 0.3025527 0.2492309 0.2477449 0.2295458 0.2318398 0.2244662 0.2718899 0.2591349 0.2631603 0.3862476 0.3908135 0.3652043 0.5915204 0.3141967 0.2394295 0.2394295 0.2403165 0.2440558 0.2383958 0.2383958 0.2446679 0.2287197 0.2292412 0.2343017 0.2358175 0.2482954 0.2442721 0.2437868 0.0094396 0.0109402 0.0118470 0.0000000 0.0117860 0.0141904 0.0141922 0.0191123 0.0166085 0.2877693 0.3148495 0.2657625 0.2657625 0.2670948 0.2762680 0.2695853 0.2695853 0.2608394 0.2051207 
MN053797_Guadeloupe_mosquito_virus          0.3008623 0.3008623 0.2861596 0.3035409 0.3046080 0.3014752 0.3014752 0.3049100 0.2724953 0.3331087 0.3331087 0.3283187 0.2956339 0.2707182 0.2813778 0.2835330 0.2696818 0.2768026 0.2672077 0.2802071 0.3584968 0.3006938 0.2469794 0.2456181 0.2277668 0.2300501 0.2227119 0.2603477 0.2455706 0.2583527 0.3682957 0.3714048 0.3532454 0.5719967 0.2977704 0.2198066 0.2198066 0.2206150 0.2242778 0.2188390 0.2188390 0.2248475 0.2093889 0.2142488 0.2147257 0.2163552 0.2284527 0.2245456 0.2240993 0.0070294 0.0081377 0.0094106 0.0117860 0.0000000 0.0023355 0.0023360 0.0070814 0.0095062 0.2790353 0.3058757 0.2663542 0.2663542 0.2677050 0.2769278 0.2701823 0.2701823 0.2614237 0.2056219 
MN053803_Guadeloupe_mosquito_virus          0.3055126 0.3055126 0.2908961 0.3084763 0.3092876 0.3061302 0.3061302 0.3095811 0.2780676 0.3379725 0.3379725 0.3331507 0.3031454 0.2762537 0.2876500 0.2891882 0.2752106 0.2829772 0.2740733 0.2874617 0.3705753 0.3082220 0.2534364 0.2517267 0.2329818 0.2352820 0.2278858 0.2583218 0.2400232 0.2627182 0.3734835 0.3770077 0.3585076 0.5789727 0.3024838 0.2238984 0.2238984 0.2247227 0.2283999 0.2229171 0.2229171 0.2289781 0.2134227 0.2183208 0.2188086 0.2204141 0.2325851 0.2286558 0.2282016 0.0094041 0.0108929 0.0118028 0.0141904 0.0023355 0.0000000 0.0046879 0.0094735 0.0119221 0.2740201 0.3007042 0.2707487 0.2707487 0.2722318 0.2817846 0.2746013 0.2746013 0.2657834 0.2096439 
