93
MW434812_Guadeloupe_mosquito_virus                           0.0000000 0.0023367 0.0000010 0.0094125 0.0094104 0.0046686 0.0118239 0.2363553 0.2404707 0.2404707 0.2439087 0.2413822 0.2485548 0.2439087 0.2454504 0.2211187 0.2793557 0.2793557 0.2807794 0.2668518 0.2817603 0.2805302 0.2827183 0.2805302 0.2831032 0.2405733 0.2520535 0.2475569 1.7565689 0.2997783 0.2997783 0.3036502 0.2688361 0.2569961 0.2483680 0.2607963 0.2588996 0.3150193 0.2563346 0.2532318 0.2595646 0.2201038 0.2059767 0.2076783 0.2014340 0.2252519 0.2033486 0.2033486 0.2040864 0.2076543 0.2027282 0.2027282 0.2072839 0.1993999 0.1990093 0.2116744 0.2078234 0.2081629 0.1948670 0.2008505 0.0070202 0.0093831 0.2347180 0.3289662 0.3584566 0.2943994 1.6341917 1.8844658 1.4785568 1.7316952 1.9118976 1.2849833 1.6958534 2.0460331 1.4139731 0.2731744 0.3327716 0.3213049 0.3357209 0.4740289 0.2698224 0.1836352 1.3214649 1.1530848 0.9962982 0.6606846 0.3803827 0.9200230 0.9195127 1.2108417 1.4984053 1.2459695 1.9588781 
MW434813_Guadeloupe_mosquito_virus                           0.0023367 0.0000000 0.0027038 0.0118023 0.0117996 0.0070250 0.0142323 0.2401869 0.2443249 0.2443249 0.2477780 0.2453512 0.2527834 0.2477780 0.2454504 0.2211187 0.2798933 0.2798933 0.2813497 0.2673840 0.2823335 0.2810694 0.2832629 0.2810694 0.2836478 0.2405733 0.2482075 0.2475569 1.7565689 0.3003572 0.3003572 0.3042365 0.2688361 0.2569961 0.2483680 0.2607963 0.2588996 0.3150193 0.2563346 0.2532318 0.2595646 0.2201038 0.2059767 0.2076783 0.2014340 0.2252519 0.2070057 0.2070057 0.2077572 0.2113385 0.2063764 0.2063764 0.2109631 0.2030579 0.2026590 0.2153606 0.2114878 0.2118334 0.1984904 0.2044841 0.0093898 0.0117657 0.2311110 0.3289662 0.3584566 0.2943994 1.6341917 1.8844658 1.4785568 1.7316952 1.9118976 1.2849833 1.6958534 2.0460331 1.4139731 0.2692774 0.3343901 0.3229382 0.3374793 0.4795442 0.2739239 0.1802443 1.3214649 1.1530848 0.9962982 0.6606846 0.3851383 0.9200230 0.9195127 1.2108417 1.4984053 1.2459695 1.9588781 
MK285337_Renna_virus                                         0.0000010 0.0027038 0.0000000 0.0109038 0.0109009 0.0054013 0.0137076 0.2399394 0.2447296 0.2447296 0.2487295 0.2447296 0.2473655 0.2487295 0.2454504 0.2060387 0.2818544 0.2818544 0.2836918 0.2636190 0.2776635 0.2832200 0.2857785 0.2832200 0.2862229 0.2463621 0.2589315 0.2440723 1.7565689 0.3057199 0.3057199 0.3102496 0.2688361 0.2400512 0.2450496 0.2607963 0.2440723 0.3150193 0.2563346 0.2390801 0.2581400 0.2060387 0.2049343 0.2069914 0.1994451 0.2317950 0.2191600 0.2191600 0.2200859 0.2242975 0.2183959 0.2183959 0.2191600 0.2145828 0.2140885 0.2289771 0.2243930 0.2248185 0.2091553 0.2161469 0.0081254 0.0108646 0.2493611 0.3559676 0.3721698 0.3099053 1.6630867 1.8063391 1.3335956 1.8410400 1.6565961 1.2519931 1.5804372 1.8976588 1.3370152 0.2605305 0.3481129 0.3318079 0.3362111 0.5356389 0.2801227 0.1910707 1.4014254 1.1530848 1.0780091 0.6606846 0.3988978 0.9200230 1.0001429 1.3397081 1.4663005 1.1672002 1.5978870 
MT361065_Kwale_mosquito_virus                                0.0094125 0.0118023 0.0109038 0.0000000 0.0190080 0.0141480 0.0165424 0.2353386 0.2394427 0.2394427 0.2428725 0.2403225 0.2474170 0.2428725 0.2521772 0.2225892 0.2760956 0.2760956 0.2773355 0.2635080 0.2783081 0.2772708 0.2794463 0.2772708 0.2798341 0.2456146 0.2561173 0.2529816 1.8034037 0.3044096 0.3044096 0.3003105 0.2761031 0.2631195 0.2538003 0.2679529 0.2644109 0.3166784 0.2633960 0.2592690 0.2555931 0.2214966 0.2071556 0.2088638 0.2025988 0.2333776 0.2176737 0.2176737 0.2184652 0.2220845 0.2170190 0.2170190 0.2216947 0.2137324 0.2093512 0.2261132 0.2221780 0.2225410 0.2090653 0.2150858 0.0117589 0.0141449 0.2353936 0.3377816 0.3558224 0.3020451 1.6515367 1.8799116 1.4904081 1.7285006 1.9331070 1.2860071 1.7094970 2.0305516 1.4058502 0.2772992 0.3372466 0.3207815 0.3405668 0.4874793 0.2798709 0.1864906 1.3558635 1.1471435 0.9845059 0.6611932 0.3851035 0.9252293 0.9273922 1.2189624 1.5191065 1.2525982 1.9721369 
MN053789_Guadeloupe_mosquito_virus                           0.0094104 0.0117996 0.0109009 0.0190080 0.0000000 0.0046929 0.0023391 0.2314655 0.2355389 0.2355389 0.2389467 0.2363015 0.2431202 0.2389467 0.2342428 0.2207061 0.2666267 0.2666267 0.2673348 0.2538094 0.2682819 0.2698396 0.2699400 0.2698396 0.2723768 0.2402074 0.2517064 0.2385013 1.7495206 0.2888352 0.2888352 0.2926659 0.2567240 0.2467784 0.2392994 0.2602859 0.2496947 0.3150193 0.2445683 0.2431584 0.2503798 0.2197134 0.2056506 0.2073499 0.2011131 0.2165253 0.1910397 0.1910397 0.1917292 0.1952409 0.1904515 0.1904515 0.1948884 0.1871035 0.1867419 0.1992450 0.1954786 0.1957969 0.1827011 0.1886308 0.0070567 0.0094315 0.2297973 0.3251167 0.3543923 0.2866584 1.6203039 1.8690347 1.4630513 1.7277707 1.9114210 1.2781144 1.6911106 2.0312654 1.3984547 0.2728104 0.3303322 0.3188222 0.3330776 0.4639685 0.2590806 0.1976536 1.3582060 1.1703910 1.0193010 0.6428015 0.3750708 0.9170962 0.9110908 1.1975450 1.4974955 1.2425790 1.9321538 
MN053791_Guadeloupe_mosquito_virus                           0.0046686 0.0070250 0.0054013 0.0141480 0.0046929 0.0000000 0.0070763 0.2365553 0.2406738 0.2406738 0.2441143 0.2415918 0.2487820 0.2441143 0.2342428 0.2207061 0.2717883 0.2717883 0.2727848 0.2591052 0.2737451 0.2729635 0.2751194 0.2729635 0.2755104 0.2402074 0.2522775 0.2385013 1.7495206 0.2920261 0.2920261 0.2958677 0.2567240 0.2467784 0.2392994 0.2602859 0.2496947 0.3150193 0.2445683 0.2431584 0.2503798 0.2197134 0.2056506 0.2073499 0.2011131 0.2165253 0.1965528 0.1965528 0.1972654 0.2008097 0.1959489 0.1959489 0.2004484 0.1926018 0.1922265 0.2048286 0.2010165 0.2013451 0.1881313 0.1940984 0.0023338 0.0046791 0.2349187 0.3251167 0.3543923 0.2866584 1.6203039 1.8690347 1.4630513 1.7277707 1.9114210 1.2781144 1.6911106 2.0312654 1.3984547 0.2734149 0.3268169 0.3152164 0.3292764 0.4680748 0.2622235 0.1902888 1.3582060 1.1734012 1.0193010 0.6428015 0.3749452 0.9176006 0.9110908 1.1975450 1.4974955 1.2425790 1.9321538 
MN053787_Guadeloupe_mosquito_virus                           0.0118239 0.0142323 0.0137076 0.0165424 0.0023391 0.0070763 0.0000000 0.2310513 0.2351192 0.2351192 0.2385229 0.2358688 0.2426542 0.2385229 0.2347748 0.2215024 0.2669679 0.2669679 0.2676947 0.2541653 0.2686423 0.2701798 0.2702809 0.2701798 0.2727170 0.2409028 0.2520642 0.2389289 1.7749952 0.2891742 0.2891742 0.2930044 0.2572794 0.2472546 0.2397271 0.2608367 0.2501221 0.3158310 0.2451180 0.2436305 0.2508057 0.2204674 0.2062850 0.2079883 0.2017384 0.2114822 0.1948698 0.1948698 0.1955739 0.1991009 0.1942719 0.1942719 0.1987430 0.1909316 0.1867419 0.2031072 0.1993167 0.1996415 0.1864915 0.1924343 0.0094578 0.0118504 0.2338966 0.3243681 0.3535866 0.2871284 1.6206142 1.8699245 1.4625484 1.7280225 1.9094952 1.2781144 1.6833076 2.0126923 1.3970942 0.2731628 0.3351049 0.3186197 0.3382453 0.4648740 0.2596768 0.1972824 1.3582060 1.1710869 1.0193010 0.6428015 0.3754174 0.9188823 0.9091552 1.1947758 1.4968855 1.2430124 1.9355511 
Colokingly_virus_F1527C217F1019                              0.2363553 0.2401869 0.2399394 0.2353386 0.2314655 0.2365553 0.2310513 0.0000000 0.0023593 0.0023593 0.0047202 0.0024258 0.0025437 0.0047202 0.2412307 0.2258884 0.3146142 0.3146142 0.3272119 0.3098693 0.3147303 0.3120680 0.3098617 0.3120680 0.3147810 0.2621818 0.2576745 0.2431409 1.7343044 0.3160852 0.3160852 0.3154090 0.2645274 0.2458917 0.2439518 0.2707915 0.2544967 0.2893123 0.2520183 0.2422611 0.2574469 0.2227750 0.2134728 0.2152035 0.2088750 0.1953067 0.2660556 0.2660556 0.2634256 0.2709209 0.2664332 0.2664332 0.2681172 0.2582654 0.2570418 0.2673469 0.2630834 0.2712370 0.2562210 0.2631323 0.2356977 0.2394395 0.2751544 0.2970979 0.3027445 0.2851907 1.6427169 1.9514743 1.4687466 1.6934866 1.8759686 1.3032360 1.6134810 1.9043711 1.3931231 0.2726160 0.3619596 0.3462987 0.3620644 0.5562035 0.3269906 0.2513417 1.3327214 1.0304494 0.9492079 0.5839496 0.3696320 0.8637899 0.7761690 1.0981853 1.4950245 1.1616639 1.9439989 
Colokingly_virus_F1527C217F1100                              0.2404707 0.2443249 0.2447296 0.2394427 0.2355389 0.2406738 0.2351192 0.0023593 0.0000000 0.0000010 0.0023498 0.0000010 0.0000010 0.0023498 0.2412307 0.2258884 0.3148225 0.3148225 0.3274367 0.3100831 0.3149504 0.3122753 0.3100683 0.3122753 0.3149894 0.2621818 0.2531585 0.2431409 1.7343044 0.3162937 0.3162937 0.3156171 0.2645274 0.2458917 0.2439518 0.2707915 0.2544967 0.2893123 0.2520183 0.2422611 0.2574469 0.2227750 0.2134728 0.2152035 0.2088750 0.1953067 0.2704191 0.2704191 0.2677871 0.2753201 0.2707942 0.2707942 0.2724981 0.2626144 0.2613668 0.2717127 0.2674208 0.2756247 0.2605400 0.2674704 0.2398065 0.2435693 0.2796234 0.2970979 0.3027445 0.2851907 1.6427169 1.9514743 1.4687466 1.6934866 1.8759686 1.3032360 1.6134810 1.9043711 1.3931231 0.2680423 0.3618853 0.3462383 0.3619843 0.5627959 0.3318353 0.2555964 1.3327214 1.0308763 0.9492079 0.5839496 0.3747305 0.8618679 0.7761690 1.0981853 1.4950245 1.1616639 1.9439989 
Colokingly_virus_F1527C217F1382                              0.2404707 0.2443249 0.2447296 0.2394427 0.2355389 0.2406738 0.2351192 0.0023593 0.0000010 0.0000000 0.0023498 0.0000010 0.0000010 0.0023498 0.2412307 0.2258884 0.3148225 0.3148225 0.3274367 0.3100831 0.3149504 0.3122753 0.3100683 0.3122753 0.3149894 0.2621818 0.2531585 0.2431409 1.7343044 0.3162937 0.3162937 0.3156171 0.2645274 0.2458917 0.2439518 0.2707915 0.2544967 0.2893123 0.2520183 0.2422611 0.2574469 0.2227750 0.2134728 0.2152035 0.2088750 0.1953067 0.2704191 0.2704191 0.2677871 0.2753201 0.2707942 0.2707942 0.2724981 0.2626144 0.2613668 0.2717127 0.2674208 0.2756247 0.2605400 0.2674704 0.2398065 0.2435693 0.2796234 0.2970979 0.3027445 0.2851907 1.6427169 1.9514743 1.4687466 1.6934866 1.8759686 1.3032360 1.6134810 1.9043711 1.3931231 0.2680423 0.3618853 0.3462383 0.3619843 0.5627959 0.3318353 0.2555964 1.3327214 1.0308763 0.9492079 0.5839496 0.3747305 0.8618679 0.7761690 1.0981853 1.4950245 1.1616639 1.9439989 
Colokingly_virus_F1527C217F1527                              0.2439087 0.2477780 0.2487295 0.2428725 0.2389467 0.2441143 0.2385229 0.0047202 0.0023498 0.0023498 0.0000000 0.0024156 0.0025326 0.0047011 0.2412307 0.2258884 0.3186375 0.3186375 0.3315084 0.3140134 0.3189806 0.3160794 0.3138660 0.3160794 0.3188026 0.2621818 0.2568255 0.2431409 1.7343044 0.3201067 0.3201067 0.3194256 0.2645274 0.2458917 0.2439518 0.2707915 0.2544967 0.2893123 0.2520183 0.2422611 0.2574469 0.2227750 0.2134728 0.2152035 0.2088750 0.1953067 0.2740350 0.2740350 0.2714039 0.2789609 0.2744076 0.2744076 0.2761262 0.2662261 0.2649598 0.2753295 0.2710181 0.2792558 0.2641289 0.2710683 0.2432398 0.2470166 0.2833173 0.2970979 0.3027445 0.2851907 1.6427169 1.9514743 1.4687466 1.6934866 1.8759686 1.3032360 1.6134810 1.9007995 1.3931231 0.2717391 0.3659105 0.3503527 0.3663219 0.5677937 0.3357849 0.2591358 1.3327214 1.0393660 0.9492079 0.5839496 0.3705999 0.8596823 0.7761690 1.0981853 1.4950245 1.1616639 1.9439989 
Colokingly_virus_F1527C217F1211                              0.2413822 0.2453512 0.2447296 0.2403225 0.2363015 0.2415918 0.2358688 0.0024258 0.0000010 0.0000010 0.0024156 0.0000000 0.0000010 0.0024156 0.2412307 0.2258884 0.3134019 0.3134019 0.3262924 0.3084813 0.3149504 0.3107877 0.3085216 0.3107877 0.3135740 0.2587376 0.2531585 0.2390932 1.7343044 0.3149149 0.3149149 0.3142212 0.2645274 0.2458917 0.2399271 0.2707915 0.2507897 0.2893123 0.2520183 0.2422611 0.2538249 0.2227750 0.2085477 0.2103237 0.2038163 0.1899527 0.2682491 0.2682491 0.2655406 0.2732765 0.2686365 0.2686365 0.2703805 0.2602212 0.2589502 0.2695795 0.2651762 0.2735955 0.2581023 0.2652269 0.2406976 0.2445722 0.2817798 0.2882811 0.2998800 0.2750542 1.6084618 1.9549341 1.4017117 1.6776284 1.8148464 1.2581891 1.5987774 1.8959571 1.3706059 0.2573378 0.3646990 0.3462383 0.3619843 0.5694669 0.3312308 0.2569774 1.3327214 1.0308763 0.9559035 0.5839496 0.3754585 0.8618679 0.7618284 1.0934729 1.4821282 1.1281720 1.7644027 
Colokingly_virus_F1527C217F1381                              0.2485548 0.2527834 0.2473655 0.2474170 0.2431202 0.2487820 0.2426542 0.0025437 0.0000010 0.0000010 0.0025326 0.0000010 0.0000000 0.0025326 0.2433865 0.2278009 0.3208338 0.3208338 0.3350424 0.3194325 0.3208338 0.3180501 0.3156439 0.3180501 0.3210117 0.2593145 0.2656548 0.2429654 1.7754449 0.3226719 0.3226719 0.3219294 0.2670703 0.2478660 0.2438640 0.2733950 0.2555606 0.2920608 0.2543786 0.2441803 0.2588383 0.2245536 0.2156937 0.2176242 0.2105744 0.2006108 0.2705593 0.2705593 0.2677074 0.2758718 0.2709655 0.2709655 0.2728125 0.2621014 0.2607523 0.2719607 0.2673111 0.2762001 0.2598571 0.2673649 0.2478213 0.2519470 0.2910907 0.2954276 0.3055821 0.2681517 1.6014167 1.8455190 1.2822157 1.7003534 1.7033979 1.2451025 1.5024936 1.7638682 1.3212195 0.2649268 0.3749881 0.3645991 0.3645075 0.5991259 0.3480901 0.2659503 1.3656632 1.0444857 0.9666115 0.5903258 0.3864012 0.8721293 0.7430065 1.0829545 1.4636193 1.0769299 1.5975049 
Colokingly_virus_F1527C217F1096                              0.2439087 0.2477780 0.2487295 0.2428725 0.2389467 0.2441143 0.2385229 0.0047202 0.0023498 0.0023498 0.0047011 0.0024156 0.0025326 0.0000000 0.2357848 0.2310267 0.3109882 0.3109882 0.3233442 0.3061335 0.3109002 0.3084519 0.3062515 0.3084519 0.3111563 0.2577206 0.2494767 0.2387577 1.7420531 0.3124610 0.3124610 0.3117892 0.2586501 0.2409890 0.2395626 0.2649056 0.2500455 0.2804658 0.2463039 0.2374258 0.2529726 0.2276203 0.2176796 0.2194237 0.2130574 0.1993491 0.2740350 0.2740350 0.2714039 0.2789609 0.2744076 0.2744076 0.2761262 0.2662261 0.2649598 0.2753295 0.2710181 0.2792558 0.2641289 0.2710683 0.2432398 0.2470166 0.2797296 0.2919409 0.3079572 0.2902385 1.6479374 1.9474469 1.4733210 1.7033113 1.8805771 1.3124166 1.6167532 1.9085692 1.3933919 0.2643294 0.3659105 0.3503527 0.3663219 0.5677937 0.3357849 0.2591358 1.3327214 1.0360925 0.9492079 0.5839496 0.3788371 0.8679916 0.7689115 1.0901776 1.4860089 1.1660080 1.9571646 
MW030488_Hubei_mosquito_virus_2                              0.2454504 0.2454504 0.2454504 0.2521772 0.2342428 0.2342428 0.2347748 0.2412307 0.2412307 0.2412307 0.2412307 0.2412307 0.2433865 0.2357848 0.0000000 0.0779011 0.0188390 0.0188390 0.0204394 0.0196086 0.0188390 0.0150287 0.0150287 0.0150287 0.0188645 0.1320034 0.2484781 0.0000010 1.7036541 0.0073036 0.0073036 0.0109991 0.0076364 0.0036270 0.0036270 0.0238969 0.0000010 0.0113205 0.0000010 0.0000010 0.0303126 0.0779011 0.0779011 0.0779711 0.0782931 0.1699909 0.1992168 0.1992168 0.1951575 0.2059925 0.1982527 0.1982527 0.1992168 0.1964151 0.1881966 0.2105485 0.2105485 0.2050020 0.1892553 0.1994826 0.2399406 0.2458238 0.2362593 0.3346810 0.3556338 0.3027189 1.7364185 1.5793164 1.2902642 1.6552996 1.6634397 1.3597804 1.5604395 1.6782886 1.3416722 0.2484781 0.3159712 0.3101799 0.3016956 0.5016451 0.2063473 0.2221132 1.3610183 1.0889152 1.0113378 0.6222783 0.3460047 0.8273878 0.9474857 1.2280637 1.3900001 1.1666375 1.5549416 
MW434902_Marma_virus                                         0.2211187 0.2211187 0.2060387 0.2225892 0.2207061 0.2207061 0.2215024 0.2258884 0.2258884 0.2258884 0.2258884 0.2258884 0.2278009 0.2310267 0.0779011 0.0000000 0.0903540 0.0903540 0.0986661 0.0889181 0.0903540 0.0948056 0.0948056 0.0948056 0.0992866 0.1284183 0.2666182 0.0889559 1.6825304 0.0941843 0.0941843 0.0944204 0.0828004 0.0894972 0.0894972 0.0948960 0.0889559 0.0901194 0.0807481 0.0889559 0.1090487 0.0108080 0.0108080 0.0144713 0.0144483 0.1365417 0.2029918 0.2029918 0.1990889 0.2095482 0.2020507 0.2020507 0.2029918 0.2003338 0.1933591 0.2139396 0.2139396 0.2085817 0.1933990 0.2032512 0.2210006 0.2265647 0.2340242 0.3698954 0.3862153 0.3098020 1.7200472 1.6670636 1.3428722 1.6187040 1.6960096 1.2899510 1.5839676 1.7161325 1.3966746 0.2666182 0.2950759 0.2882618 0.2818380 0.4985778 0.2287011 0.2208854 1.3905958 1.0338906 1.0201394 0.6186717 0.3119122 0.7621904 0.9199773 1.2530681 1.3912647 1.1413876 1.6267147 
Peninsere_virus_F1127C300F1056                               0.2793557 0.2798933 0.2818544 0.2760956 0.2666267 0.2717883 0.2669679 0.3146142 0.3148225 0.3148225 0.3186375 0.3134019 0.3208338 0.3109882 0.0188390 0.0903540 0.0000000 0.0000010 0.0000010 0.0000010 0.0000010 0.0070795 0.0047013 0.0070795 0.0094590 0.1324893 0.2850031 0.0182574 1.7088074 0.0379512 0.0379512 0.0353416 0.0278279 0.0202411 0.0213102 0.0455293 0.0246754 0.0294881 0.0194617 0.0167203 0.0307559 0.0836868 0.0767127 0.0767687 0.0770256 0.1768652 0.2457047 0.2457047 0.2431012 0.2503754 0.2449768 0.2449768 0.2476711 0.2442103 0.2383824 0.2493929 0.2533643 0.2456745 0.2391869 0.2459069 0.2679157 0.2718459 0.2511445 0.3071279 0.3299399 0.2789563 1.7522114 1.6843546 1.4426235 1.7210301 1.9965419 1.3770633 1.7120860 2.0235772 1.4456606 0.3003180 0.3997277 0.3864596 0.4049729 0.4412973 0.2724118 0.2610437 1.2956804 1.1942480 0.9794054 0.6236341 0.3988589 0.8953060 0.8788570 1.1420489 1.5761884 1.2142251 1.9374312 
Pirounced_virus_F1032C17F1316                                0.2793557 0.2798933 0.2818544 0.2760956 0.2666267 0.2717883 0.2669679 0.3146142 0.3148225 0.3148225 0.3186375 0.3134019 0.3208338 0.3109882 0.0188390 0.0903540 0.0000010 0.0000000 0.0000010 0.0000010 0.0000010 0.0070795 0.0047013 0.0070795 0.0094590 0.1324893 0.2850031 0.0182574 1.7088074 0.0379512 0.0379512 0.0353416 0.0278279 0.0202411 0.0213102 0.0455293 0.0246754 0.0294881 0.0194617 0.0167203 0.0307559 0.0836868 0.0767127 0.0767687 0.0770256 0.1768652 0.2457047 0.2457047 0.2431012 0.2503754 0.2449768 0.2449768 0.2476711 0.2442103 0.2383824 0.2493929 0.2533643 0.2456745 0.2391869 0.2459069 0.2679157 0.2718459 0.2511445 0.3071279 0.3299399 0.2789563 1.7522114 1.6843546 1.4426235 1.7210301 1.9965419 1.3770633 1.7120860 2.0235772 1.4456606 0.3003180 0.3997277 0.3864596 0.4049729 0.4412973 0.2724118 0.2610437 1.2956804 1.1942480 0.9794054 0.6236341 0.3988589 0.8953060 0.8788570 1.1420489 1.5761884 1.2142251 1.9374312 
Peninsere_virus_F1127C300F1032                               0.2807794 0.2813497 0.2836918 0.2773355 0.2673348 0.2727848 0.2676947 0.3272119 0.3274367 0.3274367 0.3315084 0.3262924 0.3350424 0.3233442 0.0204394 0.0986661 0.0000010 0.0000010 0.0000000 0.0000010 0.0000010 0.0074451 0.0049431 0.0074451 0.0099486 0.1387419 0.2917783 0.0194898 1.7287311 0.0400203 0.0400203 0.0372647 0.0257343 0.0217668 0.0227492 0.0497914 0.0263639 0.0336042 0.0211748 0.0179689 0.0294309 0.0907793 0.0823645 0.0824280 0.0827223 0.1869620 0.2480828 0.2480828 0.2480828 0.2530205 0.2480828 0.2480828 0.2501633 0.2465250 0.2403600 0.2519766 0.2561727 0.2480505 0.2451291 0.2482975 0.2686953 0.2728457 0.2603027 0.3230712 0.3511969 0.2950524 1.7835892 1.7185360 1.5238824 1.7507524 2.0344329 1.4937984 1.7807256 2.1180326 1.5211716 0.3080235 0.4256430 0.4123217 0.4336507 0.4422342 0.2770683 0.2668390 1.2830899 1.2636729 1.0370402 0.6197305 0.4161906 0.9332628 0.8904213 1.1704480 1.5697342 1.2404677 2.0007732 
Pirounced_virus_F1032C17F1266                                0.2668518 0.2673840 0.2636190 0.2635080 0.2538094 0.2591052 0.2541653 0.3098693 0.3100831 0.3100831 0.3140134 0.3084813 0.3194325 0.3061335 0.0196086 0.0889181 0.0000010 0.0000010 0.0000010 0.0000000 0.0000010 0.0073451 0.0048769 0.0073451 0.0098147 0.1222515 0.2830075 0.0158795 1.7278771 0.0367205 0.0367205 0.0340204 0.0246390 0.0211280 0.0190648 0.0475732 0.0225495 0.0307252 0.0202843 0.0175188 0.0255727 0.0821639 0.0725402 0.0725957 0.0728486 0.1722555 0.2342079 0.2342079 0.2315140 0.2389568 0.2342079 0.2342079 0.2361971 0.2325833 0.2266915 0.2379799 0.2420319 0.2341792 0.2312976 0.2344091 0.2551377 0.2591633 0.2380760 0.3020827 0.3206626 0.2745486 1.7907957 1.6790076 1.4508111 1.7405735 1.9336268 1.3879988 1.7374200 2.0322649 1.4571036 0.2988249 0.4049301 0.3942681 0.4139709 0.4167257 0.2704343 0.2471196 1.2518399 1.2106071 0.9671254 0.6028604 0.3951418 0.8884427 0.8693510 1.1104935 1.5331492 1.1791600 1.9455198 
Pirounced_virus_F1032C17F1034                                0.2817603 0.2823335 0.2776635 0.2783081 0.2682819 0.2737451 0.2686423 0.3147303 0.3149504 0.3149504 0.3189806 0.3149504 0.3208338 0.3109002 0.0188390 0.0903540 0.0000010 0.0000010 0.0000010 0.0000010 0.0000000 0.0074672 0.0049577 0.0074672 0.0099781 0.1349980 0.2900529 0.0162228 1.7088074 0.0373613 0.0373613 0.0346131 0.0278279 0.0202411 0.0194770 0.0455293 0.0230434 0.0294881 0.0194617 0.0167203 0.0295352 0.0836868 0.0786101 0.0786712 0.0789527 0.1772960 0.2415600 0.2415600 0.2388119 0.2464595 0.2408016 0.2408016 0.2436192 0.2399533 0.2338534 0.2454365 0.2496078 0.2415291 0.2346915 0.2417705 0.2696453 0.2738062 0.2533394 0.3256911 0.3356456 0.2880104 1.6737663 1.5768447 1.3029614 1.6883849 1.8143939 1.3017773 1.6189801 1.9248077 1.3818238 0.2909540 0.4048648 0.3938045 0.4049729 0.4650148 0.2835395 0.2671940 1.2956804 1.1942480 0.9422000 0.6236341 0.4039755 0.8953060 0.8557362 1.1583310 1.5265440 1.1443697 1.6349454 
Peninsere_virus_F1127C300F1461                               0.2805302 0.2810694 0.2832200 0.2772708 0.2698396 0.2729635 0.2701798 0.3120680 0.3122753 0.3122753 0.3160794 0.3107877 0.3180501 0.3084519 0.0150287 0.0948056 0.0070795 0.0070795 0.0074451 0.0073451 0.0074672 0.0000000 0.0023522 0.0000010 0.0047241 0.1286057 0.2779097 0.0151801 1.7088074 0.0302536 0.0302536 0.0276756 0.0237814 0.0168253 0.0182245 0.0412774 0.0215427 0.0234867 0.0155234 0.0133431 0.0276158 0.0877889 0.0802908 0.0803489 0.0806176 0.1727645 0.2458409 0.2458409 0.2432349 0.2505166 0.2451120 0.2451120 0.2478096 0.2443459 0.2385104 0.2495328 0.2535079 0.2458106 0.2393161 0.2460434 0.2690920 0.2730211 0.2572343 0.3071279 0.3299399 0.2789563 1.7425294 1.6921087 1.4316461 1.7292302 1.9817571 1.3657102 1.6987234 2.0100803 1.4341078 0.2931477 0.3960511 0.3826848 0.4009769 0.4321945 0.2635630 0.2590608 1.2956804 1.1879881 0.9794054 0.6236341 0.3977785 0.8864762 0.8886069 1.1323423 1.5892154 1.2037486 1.9374312 
Pirounced_virus_F1032C17F1607                                0.2827183 0.2832629 0.2857785 0.2794463 0.2699400 0.2751194 0.2702809 0.3098617 0.3100683 0.3100683 0.3138660 0.3085216 0.3156439 0.3062515 0.0150287 0.0948056 0.0047013 0.0047013 0.0049431 0.0048769 0.0049577 0.0023522 0.0000000 0.0023522 0.0071141 0.1286057 0.2802122 0.0151801 1.7088074 0.0328627 0.0328627 0.0302705 0.0237814 0.0168253 0.0182245 0.0412774 0.0215427 0.0234867 0.0155234 0.0133431 0.0276158 0.0877889 0.0802908 0.0803489 0.0806176 0.1727645 0.2430218 0.2430218 0.2404154 0.2476781 0.2422991 0.2422991 0.2449801 0.2415080 0.2357046 0.2467037 0.2506659 0.2429921 0.2365036 0.2432224 0.2712319 0.2751774 0.2551853 0.3071279 0.3299399 0.2789563 1.7425294 1.6921087 1.4316461 1.7292302 1.9817571 1.3657102 1.6987234 2.0100803 1.4341078 0.2954939 0.3965266 0.3831692 0.4014949 0.4378181 0.2678652 0.2611809 1.2956804 1.1834873 0.9794054 0.6236341 0.3953906 0.8864762 0.8886069 1.1323423 1.5892154 1.2037486 1.9374312 
Pirounced_virus_F1032C17F1604                                0.2805302 0.2810694 0.2832200 0.2772708 0.2698396 0.2729635 0.2701798 0.3120680 0.3122753 0.3122753 0.3160794 0.3107877 0.3180501 0.3084519 0.0150287 0.0948056 0.0070795 0.0070795 0.0074451 0.0073451 0.0074672 0.0000010 0.0023522 0.0000000 0.0047241 0.1286057 0.2779097 0.0151801 1.7088074 0.0302536 0.0302536 0.0276756 0.0237814 0.0168253 0.0182245 0.0412774 0.0215427 0.0234867 0.0155234 0.0133431 0.0276158 0.0877889 0.0802908 0.0803489 0.0806176 0.1727645 0.2458409 0.2458409 0.2432349 0.2505166 0.2451120 0.2451120 0.2478096 0.2443459 0.2385104 0.2495328 0.2535079 0.2458106 0.2393161 0.2460434 0.2690920 0.2730211 0.2572343 0.3071279 0.3299399 0.2789563 1.7425294 1.6921087 1.4316461 1.7292302 1.9817571 1.3657102 1.6987234 2.0100803 1.4341078 0.2931477 0.3960511 0.3826848 0.4009769 0.4321945 0.2635630 0.2590608 1.2956804 1.1879881 0.9794054 0.6236341 0.3977785 0.8864762 0.8886069 1.1323423 1.5892154 1.2037486 1.9374312 
Pirounced_virus_F1032C17F1325                                0.2831032 0.2836478 0.2862229 0.2798341 0.2723768 0.2755104 0.2727170 0.3147810 0.3149894 0.3149894 0.3188026 0.3135740 0.3210117 0.3111563 0.0188645 0.0992866 0.0094590 0.0094590 0.0099486 0.0098147 0.0099781 0.0047241 0.0071141 0.0047241 0.0000000 0.1326075 0.2827077 0.0182774 1.6889851 0.0354850 0.0354850 0.0328793 0.0278668 0.0202656 0.0213334 0.0455923 0.0247024 0.0234867 0.0194889 0.0167405 0.0307889 0.0919182 0.0838914 0.0839517 0.0842321 0.1770015 0.2458153 0.2458153 0.2432095 0.2504905 0.2450865 0.2450865 0.2477838 0.2443203 0.2384855 0.2495070 0.2534817 0.2457851 0.2392910 0.2460178 0.2716259 0.2755684 0.2539377 0.3128077 0.3357662 0.2790233 1.7476971 1.7053026 1.4320518 1.7416893 1.9767572 1.3773294 1.7080063 2.0233717 1.4380089 0.2979834 0.3981899 0.3848973 0.4032955 0.4321684 0.2641903 0.2628025 1.3146883 1.1883217 0.9797156 0.6359444 0.3969992 0.8956497 0.8911680 1.1354920 1.5896833 1.2073382 1.9439212 
NC_033305_Hubei_mosquito_virus_2                             0.2405733 0.2405733 0.2463621 0.2456146 0.2402074 0.2402074 0.2409028 0.2621818 0.2621818 0.2621818 0.2621818 0.2587376 0.2593145 0.2577206 0.1320034 0.1284183 0.1324893 0.1324893 0.1387419 0.1222515 0.1349980 0.1286057 0.1286057 0.1286057 0.1326075 0.0000000 0.2067668 0.1285601 1.6733569 0.1334889 0.1334889 0.1295008 0.1407723 0.1359538 0.1291400 0.1178181 0.1375820 0.1442119 0.1372909 0.1339414 0.1292557 0.1101241 0.1029478 0.1030207 0.0991929 0.1375772 0.2124778 0.2124778 0.2092231 0.2180257 0.2116639 0.2116639 0.2076926 0.2103384 0.2044086 0.2217028 0.2217028 0.2171927 0.2044422 0.2127023 0.2355752 0.2340669 0.2299569 0.3201868 0.3483386 0.3158777 1.5950111 1.7555707 1.4482352 1.4896571 1.9330151 1.3685497 1.7222820 1.9538344 1.4154099 0.2286010 0.3257842 0.3153585 0.3231823 0.4614167 0.2392162 0.2268892 1.2054366 1.0552165 0.9476627 0.6033433 0.2994969 0.7742154 0.8637777 1.0722556 1.4037993 1.2740754 2.0156188 
Comfornsto_virus_F1216C3F1183                                0.2520535 0.2482075 0.2589315 0.2561173 0.2517064 0.2522775 0.2520642 0.2576745 0.2531585 0.2531585 0.2568255 0.2531585 0.2656548 0.2494767 0.2484781 0.2666182 0.2850031 0.2850031 0.2917783 0.2830075 0.2900529 0.2779097 0.2802122 0.2779097 0.2827077 0.2067668 0.0000000 0.2336507 1.7195715 0.2821148 0.2821148 0.2781594 0.2710672 0.2448734 0.2335623 0.2723861 0.2454218 0.3507010 0.2596195 0.2422621 0.2229543 0.2491473 0.2319265 0.2320613 0.2269445 0.1884309 0.2815405 0.2815405 0.2787900 0.2867481 0.2806887 0.2806887 0.2824096 0.2765517 0.2738251 0.2856279 0.2849965 0.2815494 0.2747600 0.2768651 0.2483138 0.2440087 0.2589609 0.3232604 0.3421764 0.3171551 1.5553998 1.7260249 1.4327832 1.5868400 1.7334637 1.3167301 1.7031515 1.9309897 1.2641069 0.0024376 0.3589505 0.3441256 0.3666752 0.4724555 0.2820830 0.2395681 1.2259547 1.2235847 0.9535130 0.6708691 0.3447976 0.7989336 0.7259450 1.0705259 1.4496873 1.1397312 1.8044255 
MW030472_Hubei_mosquito_virus_2                              0.2475569 0.2475569 0.2440723 0.2529816 0.2385013 0.2385013 0.2389289 0.2431409 0.2431409 0.2431409 0.2431409 0.2390932 0.2429654 0.2387577 0.0000010 0.0889559 0.0182574 0.0182574 0.0194898 0.0158795 0.0162228 0.0151801 0.0151801 0.0151801 0.0182774 0.1285601 0.2336507 0.0000000 1.7036541 0.0059104 0.0059104 0.0088937 0.0076364 0.0032589 0.0029391 0.0238969 0.0059566 0.0113205 0.0000010 0.0000010 0.0274947 0.0824566 0.0755945 0.0756493 0.0759001 0.1623272 0.1987370 0.1987370 0.1954962 0.2041389 0.1979678 0.1979678 0.2009452 0.1965004 0.1899356 0.2077754 0.2077754 0.2033531 0.1907855 0.1989488 0.2431061 0.2478567 0.2278001 0.3000214 0.3384771 0.2851546 1.7337596 1.6966545 1.4400901 1.6482459 1.9847184 1.4022637 1.6954595 1.9840197 1.4402582 0.2511408 0.2864515 0.2791879 0.2834839 0.4209062 0.1977010 0.2144651 1.2575082 1.0889152 0.9931602 0.6222783 0.3271039 0.8273878 0.8925249 1.1181027 1.4823488 1.2111070 1.9509220 
MW239353_Riboviria_sp.                                       1.7565689 1.7565689 1.7565689 1.8034037 1.7495206 1.7495206 1.7749952 1.7343044 1.7343044 1.7343044 1.7343044 1.7343044 1.7754449 1.7420531 1.7036541 1.6825304 1.7088074 1.7088074 1.7287311 1.7278771 1.7088074 1.7088074 1.7088074 1.7088074 1.6889851 1.6733569 1.7195715 1.7036541 0.0000000 1.7083299 1.7083299 1.7067381 1.7600808 1.6975032 1.6975032 1.7285136 1.7036541 1.8157448 1.7317477 1.7036541 1.6885714 1.6825304 1.6825304 1.6840886 1.6777455 1.7307617 1.6447755 1.6447755 1.6447789 1.6553171 1.6530988 1.6530988 1.6447755 1.6064249 1.6575757 1.6634734 1.6634734 1.6644507 1.6410394 1.6466921 1.7479000 1.7680784 1.6491073 1.7515739 1.7305977 1.7764508 0.9370478 1.0650446 1.1305531 1.0209548 1.8941469 1.4381388 1.6940032 1.5498753 1.3134380 1.7195715 1.6180444 1.6231635 1.6204755 2.8554791 1.6777021 1.7436409 2.0133804 1.9520948 2.0291496 1.6062092 1.5799843 1.4882495 1.7713586 1.9241905 1.5237237 1.3882290 1.5951636 
Peninsere_virus_F1127C300F1127                               0.2997783 0.3003572 0.3057199 0.3044096 0.2888352 0.2920261 0.2891742 0.3160852 0.3162937 0.3162937 0.3201067 0.3149149 0.3226719 0.3124610 0.0073036 0.0941843 0.0379512 0.0379512 0.0400203 0.0367205 0.0373613 0.0302536 0.0328627 0.0302536 0.0354850 0.1334889 0.2821148 0.0059104 1.7083299 0.0000000 0.0000010 0.0047211 0.0076857 0.0032769 0.0029538 0.0321181 0.0119867 0.0229217 0.0075366 0.0065049 0.0338097 0.0872390 0.0797277 0.0797853 0.0800510 0.1646937 0.2447875 0.2447875 0.2421756 0.2494657 0.2440593 0.2440593 0.2467565 0.2432821 0.2374453 0.2484834 0.2524616 0.2447574 0.2382504 0.2449897 0.2959499 0.3000035 0.2525815 0.3022520 0.3408515 0.2885363 1.7263956 1.6868151 1.4244683 1.7167367 2.0029641 1.4101091 1.7109005 2.0282705 1.4464903 0.2989625 0.3867250 0.3867928 0.3928151 0.4289527 0.2566896 0.2570983 1.2485117 1.2266045 1.0048905 0.6316372 0.3886221 0.8657325 0.8835461 1.1072398 1.5907545 1.2258701 1.9825206 
Pirounced_virus_F1032C17F1127                                0.2997783 0.3003572 0.3057199 0.3044096 0.2888352 0.2920261 0.2891742 0.3160852 0.3162937 0.3162937 0.3201067 0.3149149 0.3226719 0.3124610 0.0073036 0.0941843 0.0379512 0.0379512 0.0400203 0.0367205 0.0373613 0.0302536 0.0328627 0.0302536 0.0354850 0.1334889 0.2821148 0.0059104 1.7083299 0.0000010 0.0000000 0.0047211 0.0076857 0.0032769 0.0029538 0.0321181 0.0119867 0.0229217 0.0075366 0.0065049 0.0338097 0.0872390 0.0797277 0.0797853 0.0800510 0.1646937 0.2447875 0.2447875 0.2421756 0.2494657 0.2440593 0.2440593 0.2467565 0.2432821 0.2374453 0.2484834 0.2524616 0.2447574 0.2382504 0.2449897 0.2959499 0.3000035 0.2525815 0.3022520 0.3408515 0.2885363 1.7263956 1.6868151 1.4244683 1.7167367 2.0029641 1.4101091 1.7109005 2.0282705 1.4464903 0.2989625 0.3867250 0.3867928 0.3928151 0.4289527 0.2566896 0.2570983 1.2485117 1.2266045 1.0048905 0.6316372 0.3886221 0.8657325 0.8835461 1.1072398 1.5907545 1.2258701 1.9825206 
Peninsere_virus_F1127C300F1450                               0.3036502 0.3042365 0.3102496 0.3003105 0.2926659 0.2958677 0.2930044 0.3154090 0.3156171 0.3156171 0.3194256 0.3142212 0.3219294 0.3117892 0.0109991 0.0944204 0.0353416 0.0353416 0.0372647 0.0340204 0.0346131 0.0276756 0.0302705 0.0276756 0.0328793 0.1295008 0.2781594 0.0088937 1.7067381 0.0047211 0.0047211 0.0000000 0.0115773 0.0065769 0.0059264 0.0362744 0.0150305 0.0229217 0.0113521 0.0097914 0.0306356 0.0874514 0.0799067 0.0799644 0.0802310 0.1688169 0.2484506 0.2484506 0.2458408 0.2531514 0.2477148 0.2477148 0.2504319 0.2469707 0.2410964 0.2521575 0.2561508 0.2484197 0.2419094 0.2486551 0.2918922 0.2959275 0.2487301 0.3035776 0.3385334 0.2888117 1.7305227 1.6742784 1.4188806 1.7122633 2.0029716 1.4041720 1.7110052 2.0155878 1.4351339 0.2931341 0.3820753 0.3819654 0.3877534 0.4340842 0.2606712 0.2532054 1.2662810 1.2183584 0.9926728 0.6357512 0.3890365 0.8639177 0.8815206 1.1025179 1.6019201 1.2267850 1.9810995 
MW030476_Hubei_mosquito_virus_2                              0.2688361 0.2688361 0.2688361 0.2761031 0.2567240 0.2567240 0.2572794 0.2645274 0.2645274 0.2645274 0.2645274 0.2645274 0.2670703 0.2586501 0.0076364 0.0828004 0.0278279 0.0278279 0.0257343 0.0246390 0.0278279 0.0237814 0.0237814 0.0237814 0.0278668 0.1407723 0.2710672 0.0076364 1.7600808 0.0076857 0.0076857 0.0115773 0.0000000 0.0038153 0.0038153 0.0281671 0.0076364 0.0230068 0.0076364 0.0076364 0.0400153 0.0828004 0.0828004 0.0828782 0.0832392 0.1815727 0.2190186 0.2190186 0.2147476 0.2263798 0.2179269 0.2179269 0.2190186 0.2162730 0.2072448 0.2312200 0.2312200 0.2252542 0.2084428 0.2193203 0.2628654 0.2692168 0.2590720 0.3709405 0.3937336 0.3355268 1.7784437 1.5908291 1.3113102 1.6584324 1.6185537 1.3913859 1.5827102 1.6967007 1.4065626 0.2710672 0.3461528 0.3398617 0.3306347 0.5549028 0.2269514 0.2438150 1.5029461 1.1112487 1.1113603 0.6407824 0.3546283 0.8448397 1.0122300 1.2372278 1.4236787 1.2123614 1.6178839 
MW030482_Hubei_mosquito_virus_2                              0.2569961 0.2569961 0.2400512 0.2631195 0.2467784 0.2467784 0.2472546 0.2458917 0.2458917 0.2458917 0.2458917 0.2458917 0.2478660 0.2409890 0.0036270 0.0894972 0.0202411 0.0202411 0.0217668 0.0211280 0.0202411 0.0168253 0.0168253 0.0168253 0.0202656 0.1359538 0.2448734 0.0032589 1.6975032 0.0032769 0.0032769 0.0065769 0.0038153 0.0000000 0.0000010 0.0279029 0.0099288 0.0170083 0.0037417 0.0032589 0.0340391 0.0829358 0.0812525 0.0813174 0.0816179 0.1653500 0.1964682 0.1964682 0.1928451 0.2024857 0.1956165 0.1956165 0.1989227 0.1939465 0.1866498 0.2065458 0.2065458 0.2016136 0.1875881 0.1967028 0.2519677 0.2573267 0.2340994 0.3242792 0.3528188 0.3063048 1.6891117 1.5432415 1.2607025 1.6368096 1.7670270 1.3406144 1.5841892 1.7497696 1.3391932 0.2448734 0.3003282 0.2952387 0.2877908 0.4700003 0.2120949 0.2248958 1.2624138 1.0922875 1.0169985 0.6247937 0.3333528 0.8299853 0.8794997 1.1529752 1.4335704 1.0994870 1.6060251 
KX882764_Hubei_mosquito_virus_2                              0.2483680 0.2483680 0.2450496 0.2538003 0.2392994 0.2392994 0.2397271 0.2439518 0.2439518 0.2439518 0.2439518 0.2399271 0.2438640 0.2395626 0.0036270 0.0894972 0.0213102 0.0213102 0.0227492 0.0190648 0.0194770 0.0182245 0.0182245 0.0182245 0.0213334 0.1291400 0.2335623 0.0029391 1.6975032 0.0029538 0.0029538 0.0059264 0.0038153 0.0000010 0.0000000 0.0279029 0.0089410 0.0170083 0.0037417 0.0032330 0.0305691 0.0829358 0.0759923 0.0760475 0.0763004 0.1629906 0.1994739 0.1994739 0.1962309 0.2048858 0.1987019 0.1987019 0.2016877 0.1972415 0.1906612 0.2085258 0.2085258 0.2040972 0.1915141 0.1996865 0.2439104 0.2486677 0.2285831 0.3010112 0.3395341 0.2861171 1.7246665 1.6924428 1.4321070 1.6395378 1.9887977 1.4003654 1.6988014 1.9867135 1.4366365 0.2510348 0.2873402 0.2801122 0.2844599 0.4221060 0.1984539 0.2152333 1.2624138 1.0922875 0.9962554 0.6247937 0.3280491 0.8299853 0.8863961 1.1113278 1.4804389 1.2102942 1.9551354 
MW030470_Hubei_mosquito_virus_2                              0.2607963 0.2607963 0.2607963 0.2679529 0.2602859 0.2602859 0.2608367 0.2707915 0.2707915 0.2707915 0.2707915 0.2707915 0.2733950 0.2649056 0.0238969 0.0948960 0.0455293 0.0455293 0.0497914 0.0475732 0.0455293 0.0412774 0.0412774 0.0412774 0.0455923 0.1178181 0.2723861 0.0238969 1.7285136 0.0321181 0.0321181 0.0362744 0.0281671 0.0279029 0.0279029 0.0000000 0.0238969 0.0113205 0.0238969 0.0238969 0.0525308 0.0948960 0.0948960 0.0949843 0.0901036 0.2013514 0.2358725 0.2358725 0.2316112 0.2434128 0.2347199 0.2347199 0.2358725 0.2333114 0.2239814 0.2482828 0.2482828 0.2422209 0.2252457 0.2361923 0.2664056 0.2727346 0.2784911 0.3674358 0.4040423 0.3504262 1.7521880 1.6474014 1.3777041 1.6137648 1.6524818 1.4743891 1.5117461 1.6578096 1.3973971 0.2723861 0.3581882 0.3518606 0.3425787 0.5673860 0.2507819 0.2463450 1.4519757 1.1039024 1.0972648 0.6367024 0.3672075 0.8404234 0.9975958 1.3133735 1.4472380 1.2320747 1.5933843 
MW030484_Hubei_mosquito_virus_2                              0.2588996 0.2588996 0.2440723 0.2644109 0.2496947 0.2496947 0.2501221 0.2544967 0.2544967 0.2544967 0.2544967 0.2507897 0.2555606 0.2500455 0.0000010 0.0889559 0.0246754 0.0246754 0.0263639 0.0225495 0.0230434 0.0215427 0.0215427 0.0215427 0.0247024 0.1375820 0.2454218 0.0059566 1.7036541 0.0119867 0.0119867 0.0150305 0.0076364 0.0099288 0.0089410 0.0238969 0.0000000 0.0113205 0.0000010 0.0065609 0.0340706 0.0866524 0.0832899 0.0833497 0.0836273 0.1720891 0.2092546 0.2092546 0.2060033 0.2147673 0.2084512 0.2084512 0.2115281 0.2070923 0.2003506 0.2184338 0.2184338 0.2139456 0.2012383 0.2094761 0.2543697 0.2591959 0.2388245 0.3136625 0.3528551 0.2984797 1.7662237 1.7239399 1.4652490 1.6860730 2.0291954 1.4271664 1.7349183 2.0204907 1.4673142 0.2630789 0.2987324 0.2919923 0.2969942 0.4366490 0.2084593 0.2253380 1.2575082 1.0889152 1.0266375 0.6222783 0.3399985 0.8273878 0.9168064 1.1455454 1.5168634 1.2411533 2.0013823 
MW030486_Hubei_mosquito_virus_2                              0.3150193 0.3150193 0.3150193 0.3166784 0.3150193 0.3150193 0.3158310 0.2893123 0.2893123 0.2893123 0.2893123 0.2893123 0.2920608 0.2804658 0.0113205 0.0901194 0.0294881 0.0294881 0.0336042 0.0307252 0.0294881 0.0234867 0.0234867 0.0234867 0.0234867 0.1442119 0.3507010 0.0113205 1.8157448 0.0229217 0.0229217 0.0229217 0.0230068 0.0170083 0.0170083 0.0113205 0.0113205 0.0000000 0.0113205 0.0113205 0.0410039 0.0901194 0.0901194 0.0902419 0.0901194 0.2399932 0.2507451 0.2507451 0.2443484 0.2623496 0.2489381 0.2489381 0.2507451 0.2453734 0.2327419 0.2604496 0.2604496 0.2604496 0.2346994 0.2512495 0.3150193 0.3250169 0.3327682 0.4199598 0.4200921 0.3410853 1.8686953 1.6122601 1.4450060 1.8609958 1.7140172 1.3909894 1.3980853 1.7133539 1.4407139 0.3507010 0.4003948 0.4027306 0.3881722 0.5718637 0.3431699 0.2926824 1.8691111 1.1625535 1.2458118 0.7574398 0.4047904 0.9421786 1.2825695 1.3512664 1.7432478 1.2206277 1.6508937 
MW030478_Hubei_mosquito_virus_2                              0.2563346 0.2563346 0.2563346 0.2633960 0.2445683 0.2445683 0.2451180 0.2520183 0.2520183 0.2520183 0.2520183 0.2520183 0.2543786 0.2463039 0.0000010 0.0807481 0.0194617 0.0194617 0.0211748 0.0202843 0.0194617 0.0155234 0.0155234 0.0155234 0.0194889 0.1372909 0.2596195 0.0000010 1.7317477 0.0075366 0.0075366 0.0113521 0.0076364 0.0037417 0.0037417 0.0238969 0.0000010 0.0113205 0.0000000 0.0000010 0.0313257 0.0807481 0.0807481 0.0808227 0.0811678 0.1771257 0.2078763 0.2078763 0.2036677 0.2150018 0.2068430 0.2068430 0.2078763 0.2050575 0.1963730 0.2197456 0.2197456 0.2139384 0.1975069 0.2081613 0.2505424 0.2567163 0.2467598 0.3528499 0.3749866 0.3187832 1.7600800 1.5755100 1.2853547 1.6248340 1.6416357 1.4189778 1.5421604 1.6547000 1.3561386 0.2596195 0.3309573 0.3248544 0.3159064 0.5305237 0.2154522 0.2319288 1.4891561 1.0889152 1.0678647 0.6222783 0.3541128 0.8273878 0.9960607 1.2505956 1.4244007 1.1815793 1.5693189 
MW030480_Hubei_mosquito_virus_2                              0.2532318 0.2532318 0.2390801 0.2592690 0.2431584 0.2431584 0.2436305 0.2422611 0.2422611 0.2422611 0.2422611 0.2422611 0.2441803 0.2374258 0.0000010 0.0889559 0.0167203 0.0167203 0.0179689 0.0175188 0.0167203 0.0133431 0.0133431 0.0133431 0.0167405 0.1339414 0.2422621 0.0000010 1.7036541 0.0065049 0.0065049 0.0097914 0.0076364 0.0032589 0.0032330 0.0238969 0.0065609 0.0113205 0.0000010 0.0000000 0.0303576 0.0824566 0.0800533 0.0801166 0.0804092 0.1629001 0.1935508 0.1935508 0.1899637 0.1994797 0.1927174 0.1927174 0.1959623 0.1910298 0.1838535 0.2034941 0.2034941 0.1986267 0.1847716 0.1937803 0.2482766 0.2535608 0.2306570 0.3189126 0.3469703 0.3012561 1.6659547 1.5185432 1.2469276 1.6150606 1.7635426 1.3186631 1.5506712 1.7717037 1.3192219 0.2422621 0.2958345 0.2908188 0.2834839 0.4620893 0.2089341 0.2215560 1.2575082 1.0889152 1.0059961 0.6222783 0.3283758 0.8273878 0.8825063 1.1530457 1.4095802 1.0935843 1.6148068 
