76
Humaita_Tubiacanga_virus_F1058C249F1058                       0.0000000 0.0068643 1.0299350 1.1419428 1.0387309 1.0387309 0.8532443 1.0726447 0.0045709 0.0022800 0.0045698 0.0022800 2.6003772 1.0627741 1.0420367 1.0420367 1.0488884 0.8684577 1.9879489 1.9829533 0.0045823 2.4823308 1.0397951 1.0301901 1.0328881 1.0283167 1.2007253 1.1929770 0.9827509 0.9929673 0.9653802 0.8710458 1.0243470 1.0294614 1.0075151 1.0196720 1.0297758 1.0281092 0.9118565 1.0583709 0.9304987 0.9065722 1.0237109 0.9250810 0.9687529 0.0045677 0.0054136 0.0000010 0.0068712 0.0045710 0.0045710 0.0068965 0.0068612 0.0068630 0.0069210 1.0081420 0.8458388 1.5180251 1.5155166 1.4244984 1.1869961 1.1493091 0.8045389 1.6975499 1.5662311 1.9841426 2.7543768 2.7371953 2.5278396 2.2459560 1.8990573 2.2935728 2.7110314 2.0984458 2.0316177 3.8966508 
Humaita_Tubiacanga_virus_F1058C249F1336                       0.0068643 0.0000000 1.0203268 1.1544828 1.0435411 1.0435411 0.8575491 1.0778160 0.0068630 0.0045645 0.0068614 0.0045645 2.5693969 1.0677761 1.0468716 1.0468716 1.0537734 0.8728840 1.9544314 1.9495160 0.0068801 2.4158225 1.0446158 1.0351307 1.0468535 1.0153583 1.1851597 1.1775004 0.9650497 0.9775487 0.9503387 0.8926014 1.0461417 1.0513496 1.0291448 1.0413785 1.0516656 1.0523286 0.9151103 1.0574371 0.9296127 0.9115266 1.0112891 0.9336439 0.9773884 0.0068582 0.0081297 0.0000010 0.0045585 0.0022744 0.0022744 0.0045753 0.0045518 0.0091596 0.0092370 0.9938607 0.8396916 1.5141625 1.5334520 1.4024681 1.1841637 1.1464935 0.7957188 1.6787817 1.5378958 1.9616076 2.7283762 2.7559631 2.5505119 2.2392390 1.8742791 2.3155396 2.7303310 2.1139204 2.0019515 3.8826480 
MW199222_Virus_sp.                                            1.0299350 1.0203268 0.0000000 0.3703529 1.3515544 1.3515544 1.3515544 1.4090311 1.0299350 1.0299350 1.0299350 1.0299350 2.1435092 1.4055617 1.3529075 1.3529075 1.3529075 1.3202285 2.1319145 2.1339749 1.0299350 2.1760386 1.3520187 1.3515544 1.4304827 1.3746387 1.3071174 1.3071174 1.3016158 1.3013207 1.2945443 1.2776519 1.3593746 1.3593746 1.3717134 1.3495046 1.3593746 1.4243643 1.3517659 1.3943980 1.3610873 1.1917038 1.4173687 1.4299631 1.4565768 1.0299350 1.0299350 1.0286459 1.0023132 1.0063879 1.0063879 1.0063879 1.0063879 1.0299350 1.0299350 1.1621948 1.1694863 1.2963041 1.4077475 0.8927976 0.9586587 0.9586587 1.0980283 1.7949819 1.4257434 2.0919366 2.3943269 2.5517424 1.7846611 2.6206084 2.0889228 2.6079292 2.6026832 2.1437778 1.7507310 3.4080272 
MZ396017_Solemoviridae_sp.                                    1.1419428 1.1544828 0.3703529 0.0000000 1.2479489 1.2479489 1.2479489 1.3014315 1.1419428 1.1419428 1.1419428 1.1419428 2.3694691 1.2897209 1.2488461 1.2488461 1.2488461 1.2740764 2.1238999 2.1062398 1.1419428 2.2823298 1.2504384 1.2479489 1.3070861 1.3147907 1.2393628 1.2393628 1.2781208 1.3051345 1.2874967 1.2892063 1.4366034 1.4383458 1.4170610 1.4325847 1.4383458 1.3893478 1.3474184 1.3574126 1.4085980 1.2170584 1.2480061 1.4337191 1.4563280 1.1419428 1.1419428 0.9245420 1.1458328 1.1480822 1.1480822 1.1480822 1.1480822 1.1419428 1.1419428 1.1151171 1.0701973 1.2540442 1.2701098 0.9655728 1.1704389 1.1704389 1.0455412 1.6285929 1.3034901 2.3255019 2.4362471 2.4814106 2.0202276 2.3753009 2.1724991 2.2726349 2.5153868 2.0326661 1.6974288 3.1738070 
Hubei_sobemo_like_virus_41_subsp2_F1381C255F1021              1.0387309 1.0435411 1.3515544 1.2479489 0.0000000 0.0000010 0.0000010 0.0000010 1.0360101 1.0301812 1.0245429 1.0301812 3.0747411 0.0023692 0.0023407 0.0023407 0.0046993 0.0055493 2.1115833 2.1218122 1.0203044 2.6798357 0.0046980 0.0000010 0.0000010 0.1656911 0.5300750 0.5256798 0.4139833 0.4025032 0.4049266 0.6650922 0.8369957 0.8389502 0.8169028 0.8438912 0.8376771 0.8452966 0.7551848 1.0411752 0.9003797 0.8636415 0.8947292 0.8221521 0.8812489 1.0300111 0.8393360 0.5295541 1.0390063 1.0402235 1.0402235 1.0376451 1.0353293 1.0190890 1.0085018 1.0580093 0.8881253 1.6584084 1.5751553 1.4825970 1.2759406 1.2808404 0.9612398 1.6806671 1.4126227 2.3417758 2.8581494 2.6981272 2.4295547 2.4977762 2.0995703 2.5863671 2.8659382 2.5083919 2.1908462 3.8488033 
Hubei_sobemo_like_virus_41_subsp2_F1381C255F1381              1.0387309 1.0435411 1.3515544 1.2479489 0.0000010 0.0000000 0.0000010 0.0000010 1.0360101 1.0301812 1.0245429 1.0301812 3.0747411 0.0023692 0.0023407 0.0023407 0.0046993 0.0055493 2.1115833 2.1218122 1.0203044 2.6798357 0.0046980 0.0000010 0.0000010 0.1656911 0.5300750 0.5256798 0.4139833 0.4025032 0.4049266 0.6650922 0.8369957 0.8389502 0.8169028 0.8438912 0.8376771 0.8452966 0.7551848 1.0411752 0.9003797 0.8636415 0.8947292 0.8221521 0.8812489 1.0300111 0.8393360 0.5295541 1.0390063 1.0402235 1.0402235 1.0376451 1.0353293 1.0190890 1.0085018 1.0580093 0.8881253 1.6584084 1.5751553 1.4825970 1.2759406 1.2808404 0.9612398 1.6806671 1.4126227 2.3417758 2.8581494 2.6981272 2.4295547 2.4977762 2.0995703 2.5863671 2.8659382 2.5083919 2.1908462 3.8488033 
KX882872_Hubei_sobemo-like_virus_41                           0.8532443 0.8575491 1.3515544 1.2479489 0.0000010 0.0000010 0.0000000 0.0000010 0.8444936 0.8444936 0.8444936 0.8444936 2.6611957 0.0028030 0.0027632 0.0027632 0.0027632 0.0055493 2.0950834 2.1054674 0.8444936 2.4103564 0.0055495 0.0000010 0.0000010 0.1403580 0.4239601 0.4192921 0.4139833 0.4025032 0.4049266 0.6212759 0.8369957 0.8389502 0.8169028 0.8438912 0.8376771 0.8452966 0.7551848 0.8871628 0.9003797 0.7433526 0.8764191 0.7543921 0.7636514 0.8446330 0.8393360 0.5295541 0.8530753 0.8543435 0.8543435 0.8517540 0.8491471 0.8327358 0.8327358 0.9127851 0.8452963 1.4739844 1.3455367 1.4292224 1.2299061 1.2318926 0.8779298 1.4512355 1.4126227 2.1329367 2.7234383 2.5349324 2.1636875 2.3562012 2.0995703 2.4831031 2.3182120 1.9892775 1.9837660 3.4903812 
Hubei_sobemo_like_virus_41_subsp2_F1381C255F1222              1.0726447 1.0778160 1.4090311 1.3014315 0.0000010 0.0000010 0.0000010 0.0000000 1.0698140 1.0636420 1.0577873 1.0636420 3.1700184 0.0024315 0.0024006 0.0024006 0.0048218 0.0057209 2.1490654 2.1597866 1.0532760 2.7463075 0.0048204 0.0000010 0.0000010 0.1705898 0.5450530 0.5404851 0.4259732 0.4140672 0.4165212 0.6895504 0.8482888 0.8503375 0.8273190 0.8554942 0.8490217 0.8583087 0.7629956 1.0597399 0.9108814 0.8769207 0.9163233 0.8409099 0.9022229 1.0634131 0.8675004 0.5768187 1.0730195 1.0742943 1.0742943 1.0715737 1.0691689 1.0520303 1.0410592 1.1020035 0.9063502 1.6965826 1.6084453 1.5106857 1.3377166 1.3470441 0.9969342 1.7234182 1.4448635 2.4052959 2.9489658 2.7986493 2.5489621 2.6093091 2.1686733 2.6125045 2.9340289 2.6067559 2.2272648 3.8406248 
Humaita_Tubiacanga_virus_F1058C249F1002                       0.0045709 0.0068630 1.0299350 1.1419428 1.0360101 1.0360101 0.8444936 1.0698140 0.0000000 0.0022796 0.0045690 0.0022796 2.6065804 1.0600103 1.0393109 1.0393109 1.0461527 0.8595748 1.9892800 1.9842799 0.0045815 2.4534430 1.0370712 1.0273719 1.0389792 1.0144283 1.1868767 1.1792097 0.9730075 0.9856031 0.9581721 0.8751085 1.0264363 1.0315562 1.0095996 1.0217559 1.0318706 1.0304257 0.9111287 1.0530341 0.9308586 0.9239734 1.0243848 0.9160739 0.9566823 0.0045669 0.0026986 0.0000010 0.0068700 0.0045702 0.0045702 0.0068953 0.0068600 0.0068618 0.0069197 1.0110713 0.8477247 1.5222373 1.5270100 1.4109464 1.1955334 1.1581314 0.8045389 1.6838059 1.5545620 1.9925448 2.7296407 2.7371953 2.5399463 2.2512367 1.8948242 2.2789189 2.7529446 2.0905428 2.0140325 3.8475274 
MN053809_Humaita-Tubiacanga_virus                             0.0022800 0.0045645 1.0299350 1.1419428 1.0301812 1.0301812 0.8444936 1.0636420 0.0022796 0.0000000 0.0022791 0.0000010 2.5954684 1.0540133 1.0334607 1.0334607 1.0402597 0.8595748 1.9892800 1.9842799 0.0022853 2.4609133 1.0312323 1.0213638 1.0328881 1.0197815 1.1934638 1.1857515 0.9730075 0.9856031 0.9581721 0.8794532 1.0264363 1.0315562 1.0095996 1.0217559 1.0318706 1.0304257 0.9111287 1.0587698 0.9308586 0.9147413 1.0243848 0.9160739 0.9597925 0.0022780 0.0026986 0.0000010 0.0045691 0.0022797 0.0022797 0.0045859 0.0045625 0.0045637 0.0046022 1.0018523 0.8477247 1.5266922 1.5135688 1.4109464 1.1955334 1.1581314 0.8045389 1.6940684 1.5545620 1.9803240 2.7296407 2.7371953 2.5291900 2.2491417 1.8948242 2.2789189 2.7264021 2.0984458 2.0199015 3.8682885 
MN053819_Humaita-Tubiacanga_virus                             0.0045698 0.0068614 1.0299350 1.1419428 1.0245429 1.0245429 0.8444936 1.0577873 0.0045690 0.0022791 0.0000000 0.0022791 2.5780254 1.0482924 1.0278127 1.0278127 1.0345928 0.8595748 1.9858990 1.9809068 0.0045804 2.4443683 1.0255879 1.0155225 1.0270063 1.0141274 1.1854045 1.1777275 0.9730075 0.9856031 0.9581721 0.8733452 1.0264363 1.0315562 1.0095996 1.0217559 1.0318706 1.0304257 0.9111287 1.0560666 0.9308586 0.9104075 1.0210031 0.9114721 0.9552560 0.0045658 0.0026986 0.0000010 0.0068684 0.0045691 0.0045691 0.0068937 0.0068584 0.0068602 0.0069182 0.9990068 0.8500342 1.5220065 1.5086202 1.4053227 1.1915707 1.1540539 0.8074593 1.6888546 1.5545620 1.9771536 2.7231622 2.7291517 2.5122080 2.2343333 1.8948242 2.2729017 2.7216448 2.0926409 2.0142979 3.8619551 
Humaita_Tubiacanga_virus_F1058C249F1086                       0.0022800 0.0045645 1.0299350 1.1419428 1.0301812 1.0301812 0.8444936 1.0636420 0.0022796 0.0000010 0.0022791 0.0000000 2.5954684 1.0540133 1.0334607 1.0334607 1.0402597 0.8595748 1.9892800 1.9842799 0.0022853 2.4609133 1.0312323 1.0213638 1.0328881 1.0197815 1.1934638 1.1857515 0.9730075 0.9856031 0.9581721 0.8794532 1.0264363 1.0315562 1.0095996 1.0217559 1.0318706 1.0304257 0.9111287 1.0587698 0.9308586 0.9147413 1.0243848 0.9160739 0.9597925 0.0022780 0.0026986 0.0000010 0.0045691 0.0022797 0.0022797 0.0045859 0.0045625 0.0045637 0.0046022 1.0018523 0.8477247 1.5266922 1.5135688 1.4109464 1.1955334 1.1581314 0.8045389 1.6940684 1.5545620 1.9803240 2.7296407 2.7371953 2.5291900 2.2491417 1.8948242 2.2789189 2.7264021 2.0984458 2.0199015 3.8682885 
ON125137_Freshwater_macrophyte_associated_sobeli-like_virus_2 2.6003772 2.5693969 2.1435092 2.3694691 3.0747411 3.0747411 2.6611957 3.1700184 2.6065804 2.5954684 2.5780254 2.5954684 0.0000000 3.0325543 3.0794089 3.0794089 3.0794089 2.6744466 1.7612479 1.7479036 2.6215179 1.9484502 3.0753163 2.9913560 3.1508949 3.0730462 2.6099226 2.5918591 2.2721485 2.3445733 2.3577544 2.4370527 2.3603568 2.3682769 2.3674114 2.3574864 2.3676671 2.2964694 2.4134475 2.5034961 2.2846273 2.2802947 2.0493965 2.2975974 2.4085329 2.5758110 2.4228377 1.8402860 2.5757967 2.5595150 2.5595150 2.5631476 2.5624990 2.5958973 2.5836688 2.5321205 2.0961898 2.6982189 2.6699196 2.0437605 2.3733100 2.1437930 1.9978729 2.5491279 1.8112610 1.9541355 2.6742866 2.2326067 1.9591226 2.5078082 2.1992674 2.4428599 2.9060917 1.4975442 1.6287777 3.2768975 
Hubei_sobemo_like_virus_41_subsp2_F1381C255F1383              1.0627741 1.0677761 1.4055617 1.2897209 0.0023692 0.0023692 0.0028030 0.0024315 1.0600103 1.0540133 1.0482924 1.0540133 3.0325543 0.0000000 0.0047437 0.0047437 0.0071430 0.0084556 2.1053031 2.1155861 1.0439150 2.6542291 0.0071409 0.0024674 0.0024491 0.1688939 0.5374227 0.5329585 0.4202931 0.4086477 0.4110752 0.6815786 0.8544616 0.8564687 0.8339611 0.8615091 0.8551893 0.8649303 0.7706698 1.0608758 0.9198720 0.8807047 0.9135782 0.8372953 0.8971221 1.0538042 0.8619174 0.5647276 1.0631149 1.0643573 1.0643573 1.0617115 1.0593622 1.0426934 1.0319668 1.0786165 0.9077440 1.6762876 1.5917505 1.5194058 1.3033766 1.3101596 0.9891093 1.7089943 1.4272335 2.3250690 2.8482791 2.6823024 2.3703140 2.4886662 2.0941605 2.5559862 2.8409707 2.4953161 2.1869195 3.8164448 
Hubei_sobemo_like_virus_41_subsp2_F1381C255F1019              1.0420367 1.0468716 1.3529075 1.2488461 0.0023407 0.0023407 0.0027632 0.0024006 1.0393109 1.0334607 1.0278127 1.0334607 3.0794089 0.0047437 0.0000000 0.0000010 0.0023458 0.0027692 2.1203641 2.1306254 1.0235565 2.6813934 0.0070546 0.0024364 0.0024189 0.1685794 0.5298683 0.5254751 0.4133302 0.4023322 0.4042692 0.6673931 0.8436894 0.8456562 0.8235213 0.8506154 0.8443857 0.8527704 0.7614490 1.0480180 0.9075860 0.8635453 0.8946816 0.8255260 0.8847000 1.0332854 0.8424822 0.5295541 1.0423208 1.0435411 1.0435411 1.0409543 1.0386346 1.0223406 1.0117373 1.0579653 0.8888086 1.6689812 1.5851779 1.4712957 1.2856506 1.2911877 0.9719729 1.6812200 1.4183341 2.3348009 2.8707805 2.7128704 2.4388150 2.5000845 2.0826986 2.5975439 2.8467378 2.5274780 2.1984408 3.8298317 
Hubei_sobemo_like_virus_41_subsp2_F1381C255F1527              1.0420367 1.0468716 1.3529075 1.2488461 0.0023407 0.0023407 0.0027632 0.0024006 1.0393109 1.0334607 1.0278127 1.0334607 3.0794089 0.0047437 0.0000010 0.0000000 0.0023458 0.0027692 2.1203641 2.1306254 1.0235565 2.6813934 0.0070546 0.0024364 0.0024189 0.1685794 0.5298683 0.5254751 0.4133302 0.4023322 0.4042692 0.6673931 0.8436894 0.8456562 0.8235213 0.8506154 0.8443857 0.8527704 0.7614490 1.0480180 0.9075860 0.8635453 0.8946816 0.8255260 0.8847000 1.0332854 0.8424822 0.5295541 1.0423208 1.0435411 1.0435411 1.0409543 1.0386346 1.0223406 1.0117373 1.0579653 0.8888086 1.6689812 1.5851779 1.4712957 1.2856506 1.2911877 0.9719729 1.6812200 1.4183341 2.3348009 2.8707805 2.7128704 2.4388150 2.5000845 2.0826986 2.5975439 2.8467378 2.5274780 2.1984408 3.8298317 
Hubei_sobemo_like_virus_41_subsp2_F1381C255F1537              1.0488884 1.0537734 1.3529075 1.2488461 0.0046993 0.0046993 0.0027632 0.0048218 1.0461527 1.0402597 1.0345928 1.0402597 3.0794089 0.0071430 0.0023458 0.0023458 0.0000000 0.0027692 2.1203641 2.1306254 1.0303006 2.6813934 0.0094422 0.0048923 0.0048584 0.1653129 0.5330905 0.5286706 0.4133302 0.4023322 0.4042692 0.6673931 0.8436894 0.8456562 0.8235213 0.8506154 0.8443857 0.8527704 0.7614490 1.0497423 0.9075860 0.8635453 0.8946816 0.8255260 0.8847000 1.0400734 0.8424822 0.5295541 1.0491907 1.0504171 1.0504171 1.0478134 1.0454862 1.0290840 1.0184495 1.0571613 0.8888086 1.6628524 1.5793183 1.4712957 1.2856506 1.2911877 0.9719729 1.6812200 1.4183341 2.3348009 2.8707805 2.7128704 2.4388150 2.5000845 2.0826986 2.5975439 2.8489256 2.5453726 2.2127843 3.8298317 
NC_032253_Hubei_sobemo-like_virus_41                          0.8684577 0.8728840 1.3202285 1.2740764 0.0055493 0.0055493 0.0055493 0.0057209 0.8595748 0.8595748 0.8595748 0.8595748 2.6744466 0.0084556 0.0027692 0.0027692 0.0027692 0.0000000 2.1065037 2.1169271 0.8595748 2.3776302 0.0111599 0.0058205 0.0057727 0.1474754 0.4304110 0.4257064 0.4198688 0.4087987 0.4107225 0.6325632 0.8551518 0.8571437 0.8348110 0.8621448 0.8558751 0.8656072 0.7719860 0.9064638 0.9200588 0.7535411 0.8882647 0.7684074 0.7778102 0.8596877 0.8543575 0.5589991 0.8683227 0.8696098 0.8696098 0.8669750 0.8643528 0.8476777 0.8476777 0.9251124 0.8582254 1.5045671 1.3734112 1.4382834 1.2394944 1.2421038 0.9059464 1.4496709 1.4217403 2.1157313 2.7445976 2.5598002 2.1828778 2.3573242 2.0795266 2.4591770 2.2680247 1.9993799 1.9906839 3.4632619 
MW509554_Laem_Singh_virus                                     1.9879489 1.9544314 2.1319145 2.1238999 2.1115833 2.1115833 2.0950834 2.1490654 1.9892800 1.9892800 1.9858990 1.9892800 1.7612479 2.1053031 2.1203641 2.1203641 2.1203641 2.1065037 0.0000000 0.0082349 1.9892800 1.9073987 2.1090087 2.1050054 2.1150927 2.0873778 2.1539802 2.1385610 2.1541330 2.1246557 2.1410519 2.1036433 2.2645315 2.2721766 2.2456431 2.2617901 2.2838186 2.3439473 2.1678601 2.3503746 2.3971429 2.0326129 2.1397060 2.1777074 2.1690347 2.0038983 1.9781814 2.2942549 1.9621974 1.9656892 1.9656892 1.9690388 1.9650713 1.9768978 1.9768978 2.3114197 2.1049469 2.3875633 2.2569394 2.1538720 2.1226699 1.9581245 1.6986180 2.1504642 1.6116692 1.9495316 2.0850529 1.7838012 1.8076587 2.2396981 2.5370852 2.3803015 2.4405505 1.5483276 1.0604443 2.8776694 
NC_033300_Wenzhou_shrimp_virus_9                              1.9829533 1.9495160 2.1339749 2.1062398 2.1218122 2.1218122 2.1054674 2.1597866 1.9842799 1.9842799 1.9809068 1.9842799 1.7479036 2.1155861 2.1306254 2.1306254 2.1306254 2.1169271 0.0082349 0.0000000 1.9842799 1.9228489 2.1192321 2.1156649 2.1258193 2.0975310 2.1730067 2.1574720 2.1735059 2.1438038 2.1603464 2.0760647 2.2720675 2.2797250 2.2531741 2.2693194 2.2914062 2.3527025 2.1623946 2.3699876 2.4094051 2.0426171 2.1430586 2.1884778 2.1797465 1.9988610 1.9731071 2.3393793 1.9572609 1.9607486 1.9607486 1.9640944 1.9601320 1.9719245 1.9719245 2.3085128 2.1189109 2.4105689 2.2788879 2.1459297 2.1263368 1.9618862 1.6853523 2.1312010 1.6127721 1.9500618 2.0965665 1.7902459 1.8004571 2.2389226 2.5423856 2.3643552 2.4651533 1.5285344 1.0677928 2.8697597 
MN053817_Humaita-Tubiacanga_virus                             0.0045823 0.0068801 1.0299350 1.1419428 1.0203044 1.0203044 0.8444936 1.0532760 0.0045815 0.0022853 0.0045804 0.0022853 2.6215179 1.0439150 1.0235565 1.0235565 1.0303006 0.8595748 1.9892800 1.9842799 0.0000000 2.4609133 1.0213415 1.0111613 1.0225771 1.0099094 1.1886916 1.1809995 0.9730075 0.9856031 0.9581721 0.8794532 1.0264363 1.0315562 1.0095996 1.0217559 1.0318706 1.0304257 0.9111287 1.0486808 0.9308586 0.9147413 1.0243848 0.9160739 0.9597925 0.0045783 0.0026986 0.0000010 0.0068871 0.0045816 0.0045816 0.0069124 0.0068771 0.0068789 0.0069371 0.9921404 0.8477247 1.5135310 1.4996936 1.4109464 1.1955334 1.1581314 0.8045389 1.6940684 1.5545620 1.9876520 2.7296407 2.7371953 2.5446878 2.2491417 1.8948242 2.2789189 2.6992113 2.1031935 2.0004858 3.8682885 
MT025121_Khabarov_virus                                       2.4823308 2.4158225 2.1760386 2.2823298 2.6798357 2.6798357 2.4103564 2.7463075 2.4534430 2.4609133 2.4443683 2.4609133 1.9484502 2.6542291 2.6813934 2.6813934 2.6813934 2.3776302 1.9073987 1.9228489 2.4609133 0.0000000 2.6603362 2.7361686 2.7160122 2.6921338 2.4790564 2.4885237 2.3338619 2.2620162 2.3652457 2.3369120 2.6562874 2.6647399 2.6142639 2.6412795 2.6787590 2.7113033 2.4532205 2.5903044 2.5116082 2.3617220 2.3549051 2.3548866 2.4145935 2.4586027 2.4671238 2.3153416 2.4134843 2.4329630 2.4329630 2.4635485 2.4228547 2.4504405 2.4741120 2.4940092 2.3262893 2.7283878 2.9136226 2.3384577 2.1740521 2.0740748 2.1838384 2.5892394 2.0117351 2.2087897 2.6444899 2.5455026 2.0619859 2.7300041 2.4071779 2.7642412 3.0467035 1.5820192 1.6721265 3.6093383 
Hubei_sobemo_like_virus_41_subsp2_F1381C255F1528              1.0397951 1.0446158 1.3520187 1.2504384 0.0046980 0.0046980 0.0055495 0.0048204 1.0370712 1.0312323 1.0255879 1.0312323 3.0753163 0.0071409 0.0070546 0.0070546 0.0094422 0.0111599 2.1090087 2.1192321 1.0213415 2.6603362 0.0000000 0.0048909 0.0048570 0.1718708 0.5293226 0.5249301 0.4132376 0.4027885 0.4052135 0.6657913 0.8366353 0.8385920 0.8165170 0.8435393 0.8373169 0.8459796 0.7485255 1.0429087 0.9019542 0.8667570 0.9009206 0.8229811 0.8821369 1.0310605 0.8402358 0.5295541 1.0400734 1.0412922 1.0412922 1.0387098 1.0363914 1.0201252 1.0095272 1.0572166 0.8895692 1.6649538 1.5770735 1.4759040 1.2781624 1.2832104 0.9598554 1.6802935 1.4140637 2.3263680 2.8827437 2.6996433 2.4333881 2.5014889 2.0923114 2.5920390 2.8736148 2.5137167 2.1978887 3.8448198 
Hubei_sobemo_like_virus_41_subsp2_F1381C255F1223              1.0301901 1.0351307 1.3515544 1.2479489 0.0000010 0.0000010 0.0000010 0.0000010 1.0273719 1.0213638 1.0155225 1.0213638 2.9913560 0.0024674 0.0024364 0.0024364 0.0048923 0.0058205 2.1050054 2.1156649 1.0111613 2.7361686 0.0048909 0.0000000 0.0000010 0.1639363 0.5172449 0.5127148 0.3922417 0.3836105 0.3862269 0.6459613 0.7790996 0.7810298 0.7587917 0.7860348 0.7796779 0.7810029 0.7098407 0.9851863 0.8327658 0.8345840 0.8287370 0.7859429 0.8472630 1.0212015 0.8222364 0.5295541 1.0304534 1.0317118 1.0317118 1.0290510 1.0266510 1.0098972 0.9989213 1.0306796 0.8845654 1.6459095 1.5636335 1.4315553 1.2956482 1.3021381 0.9612398 1.6425146 1.3871504 2.3561819 2.9491943 2.6981272 2.3779448 2.5295987 2.0863260 2.5790685 2.9200891 2.6204906 2.2465877 3.7798042 
Hubei_sobemo_like_virus_41_subsp2_F1381C255F1215              1.0328881 1.0468535 1.4304827 1.3070861 0.0000010 0.0000010 0.0000010 0.0000010 1.0389792 1.0328881 1.0270063 1.0328881 3.1508949 0.0024491 0.0024189 0.0024189 0.0048584 0.0057727 2.1150927 2.1258193 1.0225771 2.7160122 0.0048570 0.0000010 0.0000000 0.1658092 0.5306260 0.5260320 0.4135671 0.3967611 0.4040490 0.6672272 0.8218778 0.8238962 0.8010129 0.8290300 0.8225565 0.8190936 0.7334192 1.0161450 0.8821331 0.8567754 0.8927972 0.8140946 0.8758984 1.0328881 0.8332579 0.5419874 1.0421135 1.0433845 1.0433845 1.0406903 1.0382741 1.0213105 1.0102680 1.0728087 0.8890011 1.7186448 1.6226955 1.4893588 1.2830301 1.2886872 0.9626038 1.7125085 1.3943340 2.3969020 2.8392724 2.6801605 2.3927709 2.4648185 2.0908468 2.5646302 2.8451504 2.4867680 2.2435791 3.9980302 
Hubei_sobemo_like_virus_41_subsp1_F1020C17F1020               1.0283167 1.0153583 1.3746387 1.3147907 0.1656911 0.1656911 0.1403580 0.1705898 1.0144283 1.0197815 1.0141274 1.0197815 3.0730462 0.1688939 0.1685794 0.1685794 0.1653129 0.1474754 2.0873778 2.0975310 1.0099094 2.6921338 0.1718708 0.1639363 0.1658092 0.0000000 0.4927172 0.4885114 0.3720314 0.3743433 0.3835687 0.6080330 0.8615995 0.8657054 0.8516334 0.8685609 0.8710553 0.8939096 0.7578187 1.0343897 0.8668490 0.8319326 0.8650123 0.7970066 0.8475312 1.0196269 0.8139463 0.5163130 1.0109229 1.0121233 1.0121233 1.0095960 1.0072935 1.0128114 0.9999442 1.0777058 0.9075261 1.6112863 1.5723127 1.4245982 1.2999789 1.2972805 0.9188782 1.5615821 1.3769835 2.3582689 2.7005496 2.5780463 2.4829553 2.3551367 1.9616869 2.5278416 2.7861194 2.4463308 2.3072757 3.8767096 
Culex_luteo_like_virus_F1039C258F1039                         1.2007253 1.1851597 1.3071174 1.2393628 0.5300750 0.5300750 0.4239601 0.5450530 1.1868767 1.1934638 1.1854045 1.1934638 2.6099226 0.5374227 0.5298683 0.5298683 0.5330905 0.4304110 2.1539802 2.1730067 1.1886916 2.4790564 0.5293226 0.5172449 0.5306260 0.4927172 0.0000000 0.0023541 0.0547985 0.0638577 0.0674327 0.6334053 0.8184469 0.8235450 0.8272424 0.8252767 0.8287539 0.8529656 0.8024529 1.0040783 0.9053522 0.8788682 0.8721235 0.7472770 0.7818788 1.1925623 0.9837216 0.6271337 1.1791468 1.1813776 1.1813776 1.1823809 1.1760732 1.1812537 1.1609731 1.1096619 0.9421404 1.5740670 1.4504466 1.3975548 1.1666178 1.1509497 1.0647306 1.5475390 1.3468155 2.2314631 2.9576942 2.6599991 2.4478899 2.4351694 2.2681327 2.5196245 2.8226501 2.2807887 2.3264641 3.8924523 
Culex_luteo_like_virus_F1039C258F1563                         1.1929770 1.1775004 1.3071174 1.2393628 0.5256798 0.5256798 0.4192921 0.5404851 1.1792097 1.1857515 1.1777275 1.1857515 2.5918591 0.5329585 0.5254751 0.5254751 0.5286706 0.4257064 2.1385610 2.1574720 1.1809995 2.4885237 0.5249301 0.5127148 0.5260320 0.4885114 0.0023541 0.0000000 0.0577548 0.0668436 0.0704532 0.6279764 0.8159821 0.8210745 0.8247408 0.8227974 0.8262706 0.8501486 0.8000212 0.9975513 0.8982927 0.8725802 0.8653361 0.7411086 0.7757989 1.1848581 0.9759021 0.6271337 1.1715211 1.1737422 1.1737422 1.1747243 1.1684584 1.1735891 1.1533747 1.1068676 0.9494697 1.5644491 1.4415175 1.3869699 1.1578736 1.1417995 1.0647306 1.5371716 1.3388929 2.2248879 2.9413814 2.6417677 2.4571653 2.4299455 2.2565710 2.5258047 2.8087535 2.2794046 2.3170978 3.8607378 
MF176307_Culex_luteo-like_virus                               0.9827509 0.9650497 1.3016158 1.2781208 0.4139833 0.4139833 0.4139833 0.4259732 0.9730075 0.9730075 0.9730075 0.9730075 2.2721485 0.4202931 0.4133302 0.4133302 0.4133302 0.4198688 2.1541330 2.1735059 0.9730075 2.3338619 0.4132376 0.3922417 0.4135671 0.3720314 0.0547985 0.0577548 0.0000000 0.0619554 0.0523830 0.5647322 0.8275836 0.8326703 0.8352833 0.8344239 0.8378939 0.8644517 0.7993110 0.9016936 0.8884237 0.7609565 0.8712178 0.6873042 0.6962935 0.9722173 0.9674156 0.6309830 0.9591610 0.9614216 0.9614216 0.9618795 0.9558800 0.9602423 0.9602423 0.9649034 0.8604166 1.3016038 1.2793392 1.3029461 1.1353279 1.1269720 1.0292071 1.3319392 1.3224649 2.0114476 2.9393431 2.6558939 2.2671880 2.3673840 2.2558596 2.4174925 2.3449877 1.9198714 2.0069506 3.6022263 
MW520388_Culex_impudicus_luteo-like_virus                     0.9929673 0.9775487 1.3013207 1.3051345 0.4025032 0.4025032 0.4025032 0.4140672 0.9856031 0.9856031 0.9856031 0.9856031 2.3445733 0.4086477 0.4023322 0.4023322 0.4023322 0.4087987 2.1246557 2.1438038 0.9856031 2.2620162 0.4027885 0.3836105 0.3967611 0.3743433 0.0638577 0.0668436 0.0619554 0.0000000 0.0524922 0.5582576 0.8198732 0.8250070 0.8218572 0.8267550 0.8302564 0.8407763 0.7775914 0.9180257 0.8933959 0.7806882 0.8926244 0.7030650 0.7121082 0.9847986 0.9799771 0.6110121 0.9715958 0.9738767 0.9738767 0.9743747 0.9683013 0.9727596 0.9727596 0.9550319 0.8529032 1.2886226 1.2872855 1.3236018 1.1213601 1.0996766 1.0399505 1.3779564 1.3731440 2.0325996 2.8950574 2.6082055 2.2872238 2.3684592 2.1252293 2.3869672 2.3352368 1.9388817 1.9650195 3.5416995 
MT568531_Pyongtaek_Culex_luteo-like_virus                     0.9653802 0.9503387 1.2945443 1.2874967 0.4049266 0.4049266 0.4049266 0.4165212 0.9581721 0.9581721 0.9581721 0.9581721 2.3577544 0.4110752 0.4042692 0.4042692 0.4042692 0.4107225 2.1410519 2.1603464 0.9581721 2.3652457 0.4052135 0.3862269 0.4040490 0.3835687 0.0674327 0.0704532 0.0523830 0.0524922 0.0000000 0.5552285 0.8042896 0.8093861 0.8111280 0.8110778 0.8145523 0.8421929 0.7969034 0.9002116 0.8779959 0.7733235 0.8834163 0.7006241 0.7094069 0.9573997 0.9526276 0.6088508 0.9445339 0.9467675 0.9467675 0.9471777 0.9412730 0.9455161 0.9455161 0.9557008 0.8546467 1.2881631 1.2462631 1.3692775 1.1347977 1.1229983 1.0379533 1.3508007 1.4037338 2.0198564 2.9121047 2.6175578 2.2598570 2.4028901 2.1700624 2.3285507 2.3282311 1.9500904 1.9874845 3.6527098 
MK440657_Berrek_virus                                         0.8710458 0.8926014 1.2776519 1.2892063 0.6650922 0.6650922 0.6212759 0.6895504 0.8751085 0.8794532 0.8733452 0.8794532 2.4370527 0.6815786 0.6673931 0.6673931 0.6673931 0.6325632 2.1036433 2.0760647 0.8794532 2.3369120 0.6657913 0.6459613 0.6672272 0.6080330 0.6334053 0.6279764 0.5647322 0.5582576 0.5552285 0.0000000 0.8096257 0.8123651 0.8121122 0.8164996 0.8110667 0.7981504 0.7735545 0.7644828 0.7241397 0.7113544 0.8767854 0.7408511 0.7577284 0.8762705 0.8011531 0.5486023 0.8878999 0.8893605 0.8893605 0.9025228 0.8842173 0.8678088 0.8467999 0.9560365 0.8971861 1.3781162 1.3794627 1.2354069 1.1377928 1.0924009 1.0315050 1.7208299 1.5030421 2.2986905 3.1310168 3.0006529 2.3683559 2.5145819 2.1894388 2.4848303 2.7111807 2.0503138 2.0164774 3.6908267 
MW434790_Culex_mosquito_virus_6                               1.0243470 1.0461417 1.3593746 1.4366034 0.8369957 0.8369957 0.8369957 0.8482888 1.0264363 1.0264363 1.0264363 1.0264363 2.3603568 0.8544616 0.8436894 0.8436894 0.8436894 0.8551518 2.2645315 2.2720675 1.0264363 2.6562874 0.8366353 0.7790996 0.8218778 0.8615995 0.8184469 0.8159821 0.8275836 0.8198732 0.8042896 0.8096257 0.0000000 0.0027763 0.0027973 0.0027753 0.0055623 0.0349551 0.2938068 0.3319144 0.3336169 0.6297839 0.7946969 0.7661176 0.7756406 1.0245107 1.0207970 0.6641415 1.0366750 1.0380899 1.0380899 1.0387878 1.0324010 1.0290312 1.0290312 1.1602482 1.0226107 1.5462108 1.4685702 1.3340524 1.2806795 1.2036160 0.9876958 1.5723183 1.7016505 2.2832554 2.7818556 2.5191789 2.4568628 2.2938355 2.2281255 2.5866428 2.6627254 2.2264504 2.1002083 3.2403434 
MW434802_Culex_mosquito_virus_6                               1.0294614 1.0513496 1.3593746 1.4383458 0.8389502 0.8389502 0.8389502 0.8503375 1.0315562 1.0315562 1.0315562 1.0315562 2.3682769 0.8564687 0.8456562 0.8456562 0.8456562 0.8571437 2.2721766 2.2797250 1.0315562 2.6647399 0.8385920 0.7810298 0.8238962 0.8657054 0.8235450 0.8210745 0.8326703 0.8250070 0.8093861 0.8123651 0.0027763 0.0000000 0.0000010 0.0055665 0.0027742 0.0349551 0.2922528 0.3328138 0.3345170 0.6327728 0.7987027 0.7627645 0.7722627 1.0296188 1.0259012 0.6641415 1.0418469 1.0432659 1.0432659 1.0439805 1.0375610 1.0341596 1.0341596 1.1642783 1.0267570 1.5474549 1.4697705 1.3352959 1.2818057 1.2047586 0.9941825 1.5763599 1.7016505 2.2910919 2.7904931 2.5293962 2.4651635 2.3015718 2.2281255 2.5954207 2.6718369 2.2349713 2.1073378 3.2423100 
MH188030_Culex_mosquito_virus_6                               1.0075151 1.0291448 1.3717134 1.4170610 0.8169028 0.8169028 0.8169028 0.8273190 1.0095996 1.0095996 1.0095996 1.0095996 2.3674114 0.8339611 0.8235213 0.8235213 0.8235213 0.8348110 2.2456431 2.2531741 1.0095996 2.6142639 0.8165170 0.7587917 0.8010129 0.8516334 0.8272424 0.8247408 0.8352833 0.8218572 0.8111280 0.8121122 0.0027973 0.0000010 0.0000000 0.0056087 0.0027951 0.0350496 0.2807814 0.3269908 0.3287199 0.6250918 0.7894817 0.7505323 0.7599848 1.0077009 1.0039749 0.6487676 1.0197348 1.0211456 1.0211456 1.0217929 1.0154717 1.0121834 1.0121834 1.1571974 1.0181700 1.5481102 1.4532227 1.3153428 1.2729633 1.1952892 0.9774799 1.5749245 1.6897737 2.2554681 2.7611189 2.4946387 2.4416550 2.2786351 2.1991573 2.5828701 2.6185834 2.2195848 2.0937415 3.1885533 
MW434798_Culex_mosquito_virus_6                               1.0196720 1.0413785 1.3495046 1.4325847 0.8438912 0.8438912 0.8438912 0.8554942 1.0217559 1.0217559 1.0217559 1.0217559 2.3574864 0.8615091 0.8506154 0.8506154 0.8506154 0.8621448 2.2617901 2.2693194 1.0217559 2.6412795 0.8435393 0.7860348 0.8290300 0.8685609 0.8252767 0.8227974 0.8344239 0.8267550 0.8110778 0.8164996 0.0027753 0.0055665 0.0056087 0.0000000 0.0083643 0.0382385 0.2981657 0.3336981 0.3382495 0.6356994 0.7910530 0.7621235 0.7716060 1.0198416 1.0161318 0.6641415 1.0319459 1.0333569 1.0333569 1.0340394 1.0276832 1.0243427 1.0243427 1.1551244 1.0131306 1.5410119 1.4562654 1.3322641 1.2751901 1.1980116 0.9852066 1.5654544 1.7144482 2.2757781 2.7717377 2.5073460 2.4666691 2.2879996 2.2211902 2.5837407 2.6595319 2.2236588 2.0984853 3.2364348 
MW434800_Culex_mosquito_virus_6                               1.0297758 1.0516656 1.3593746 1.4383458 0.8376771 0.8376771 0.8376771 0.8490217 1.0318706 1.0318706 1.0318706 1.0318706 2.3676671 0.8551893 0.8443857 0.8443857 0.8443857 0.8558751 2.2838186 2.2914062 1.0318706 2.6787590 0.8373169 0.7796779 0.8225565 0.8710553 0.8287539 0.8262706 0.8378939 0.8302564 0.8145523 0.8110667 0.0055623 0.0027742 0.0027951 0.0083643 0.0000000 0.0382067 0.2925233 0.3316845 0.3333894 0.6314675 0.7973807 0.7614479 0.7709495 1.0299328 1.0262157 0.6641415 1.0421624 1.0435814 1.0435814 1.0442969 1.0378767 1.0344740 1.0344740 1.1645800 1.0255160 1.5465172 1.4688010 1.3391622 1.2807164 1.2035612 0.9941825 1.5768952 1.7006915 2.3030765 2.8051736 2.5458838 2.4456144 2.2825754 2.2274085 2.6088884 2.6919152 2.2342338 2.0900070 3.2694542 
OM817536_Culex_mosquito_virus_6                               1.0281092 1.0523286 1.4243643 1.3893478 0.8452966 0.8452966 0.8452966 0.8583087 1.0304257 1.0304257 1.0304257 1.0304257 2.2964694 0.8649303 0.8527704 0.8527704 0.8527704 0.8656072 2.3439473 2.3527025 1.0304257 2.7113033 0.8459796 0.7810029 0.8190936 0.8939096 0.8529656 0.8501486 0.8644517 0.8407763 0.8421929 0.7981504 0.0349551 0.0349551 0.0350496 0.0382385 0.0382067 0.0000000 0.2925656 0.3290861 0.3342912 0.6212079 0.7904482 0.7783082 0.7890050 1.0282853 1.0241731 0.7996752 1.0418071 1.0433777 1.0433777 1.0441692 1.0370640 1.0333044 1.0333044 1.0813279 0.9897123 1.5432781 1.4670806 1.2358202 1.2104961 1.1849851 0.9760627 1.5963502 1.7716164 2.4910771 2.8806193 2.7074843 2.4006764 2.3742641 2.2564867 2.6935470 2.8581078 2.2753568 2.1617968 3.3202784 
OM743945_Pine_Lake_virus                                      0.9118565 0.9151103 1.3517659 1.3474184 0.7551848 0.7551848 0.7551848 0.7629956 0.9111287 0.9111287 0.9111287 0.9111287 2.4134475 0.7706698 0.7614490 0.7614490 0.7614490 0.7719860 2.1678601 2.1623946 0.9111287 2.4532205 0.7485255 0.7098407 0.7334192 0.7578187 0.8024529 0.8000212 0.7993110 0.7775914 0.7969034 0.7735545 0.2938068 0.2922528 0.2807814 0.2981657 0.2925233 0.2925656 0.0000000 0.2956290 0.3152587 0.5254283 0.7510002 0.7208324 0.7299685 0.9116424 0.9058735 0.6408192 0.9066129 0.9079065 0.9079065 0.9214127 0.9026577 0.9135140 0.9135140 0.9931181 0.9266966 1.5008928 1.4543395 1.2516009 1.2796922 1.2193490 0.9492670 1.4514827 1.6146697 2.1441302 2.8052277 2.5426338 2.4189053 2.1329125 2.1252771 2.5443683 2.4512667 2.0764014 1.9071588 3.3304622 
Broome_luteo_like_virus_1_F1261C1F1261                        1.0583709 1.0574371 1.3943980 1.3574126 1.0411752 1.0411752 0.8871628 1.0597399 1.0530341 1.0587698 1.0560666 1.0587698 2.5034961 1.0608758 1.0480180 1.0480180 1.0497423 0.9064638 2.3503746 2.3699876 1.0486808 2.5903044 1.0429087 0.9851863 1.0161450 1.0343897 1.0040783 0.9975513 0.9016936 0.9180257 0.9002116 0.7644828 0.3319144 0.3328138 0.3269908 0.3336981 0.3316845 0.3290861 0.2956290 0.0000000 0.0959979 0.5716590 0.7295315 0.6921696 0.7196030 1.0631281 0.9176990 0.6620513 1.0492292 1.0504537 1.0504537 1.0635210 1.0553790 1.0573467 1.0458009 1.1345002 1.0712239 1.6164429 1.6273512 1.3305744 1.2287455 1.1831411 1.0681418 1.7313374 1.6455748 2.2292781 2.7529540 2.6007366 2.6661501 2.3163369 2.3200565 2.6083682 2.9871731 2.4629450 2.1630569 3.7392619 
MT498822_Broome_luteo-like_virus_1                            0.9304987 0.9296127 1.3610873 1.4085980 0.9003797 0.9003797 0.9003797 0.9108814 0.9308586 0.9308586 0.9308586 0.9308586 2.2846273 0.9198720 0.9075860 0.9075860 0.9075860 0.9200588 2.3971429 2.4094051 0.9308586 2.5116082 0.9019542 0.8327658 0.8821331 0.8668490 0.9053522 0.8982927 0.8884237 0.8933959 0.8779959 0.7241397 0.3336169 0.3345170 0.3287199 0.3382495 0.3333894 0.3342912 0.3152587 0.0959979 0.0000000 0.5300763 0.7036107 0.6986824 0.7078443 0.9374251 0.9254727 0.7057487 0.9209239 0.9222450 0.9222450 0.9274323 0.9168948 0.9185683 0.9185683 1.0445415 0.9600788 1.4686807 1.5333208 1.2785705 1.2057073 1.1639459 1.0390235 1.6123502 1.7086966 2.2052938 2.6327304 2.4442401 2.4980302 2.2224207 2.4066881 2.7447021 2.6816580 2.2728735 1.9316562 3.5402774 
MN661095_Atrato_Sobemo-like_virus_4                           0.9065722 0.9115266 1.1917038 1.2170584 0.8636415 0.8636415 0.7433526 0.8769207 0.9239734 0.9147413 0.9104075 0.9147413 2.2802947 0.8807047 0.8635453 0.8635453 0.8635453 0.7535411 2.0326129 2.0426171 0.9147413 2.3617220 0.8667570 0.8345840 0.8567754 0.8319326 0.8788682 0.8725802 0.7609565 0.7806882 0.7733235 0.7113544 0.6297839 0.6327728 0.6250918 0.6356994 0.6314675 0.6212079 0.5254283 0.5716590 0.5300763 0.0000000 0.4854287 0.4800033 0.5133134 0.9116089 0.8477720 0.6283694 0.9036334 0.9048357 0.9048357 0.9095283 0.9097226 0.9268554 0.9271474 1.0459726 0.9371235 1.5013049 1.4587171 1.2510662 1.3150107 1.2597458 0.9447346 1.7480577 1.4695882 2.1939567 2.9287862 2.6579441 2.2735523 2.1899391 2.0736975 2.5912932 2.7163407 1.9467418 1.9407281 3.2857247 
MT568532_Pyongtaek_Culex_Solemovirus                          1.0237109 1.0112891 1.4173687 1.2480061 0.8947292 0.8947292 0.8764191 0.9163233 1.0243848 1.0243848 1.0210031 1.0243848 2.0493965 0.9135782 0.8946816 0.8946816 0.8946816 0.8882647 2.1397060 2.1430586 1.0243848 2.3549051 0.9009206 0.8287370 0.8927972 0.8650123 0.8721235 0.8653361 0.8712178 0.8926244 0.8834163 0.8767854 0.7946969 0.7987027 0.7894817 0.7910530 0.7973807 0.7904482 0.7510002 0.7295315 0.7036107 0.4854287 0.0000000 0.7129508 0.7221531 1.0241970 1.0139151 0.7827887 1.0190050 1.0111254 1.0111254 1.0167474 1.0055292 1.0233399 1.0233399 0.9938531 0.9388901 1.4460072 1.4811913 1.4007874 1.3293876 1.2933805 1.1710630 1.5507467 1.5924245 2.2398848 2.8757949 2.4517428 2.2021013 2.1556655 2.1141677 2.8556404 2.7012631 2.1389824 1.9198728 3.6993814 
MN661091_Atrato_Sobemo-like_virus_3                           0.9250810 0.9336439 1.4299631 1.4337191 0.8221521 0.8221521 0.7543921 0.8409099 0.9160739 0.9160739 0.9114721 0.9160739 2.2975974 0.8372953 0.8255260 0.8255260 0.8255260 0.7684074 2.1777074 2.1884778 0.9160739 2.3548866 0.8229811 0.7859429 0.8140946 0.7970066 0.7472770 0.7411086 0.6873042 0.7030650 0.7006241 0.7408511 0.7661176 0.7627645 0.7505323 0.7621235 0.7614479 0.7783082 0.7208324 0.6921696 0.6986824 0.4800033 0.7129508 0.0000000 0.0026663 0.9127458 0.8501381 0.5872639 0.9242559 0.9263858 0.9263858 0.9399952 0.9211188 0.9041441 0.9042777 1.0446868 1.1154198 1.7082512 1.6345453 1.4207055 1.2016068 1.1815986 1.0892725 1.6308570 1.5260555 2.1439241 2.8751887 2.6357756 2.4093125 2.3798533 2.2945865 2.5951218 2.7727267 2.0122588 2.1064855 3.6506346 
MN661093_Atrato_Sobemo-like_virus_3                           0.9687529 0.9773884 1.4565768 1.4563280 0.8812489 0.8812489 0.7636514 0.9022229 0.9566823 0.9597925 0.9552560 0.9597925 2.4085329 0.8971221 0.8847000 0.8847000 0.8847000 0.7778102 2.1690347 2.1797465 0.9597925 2.4145935 0.8821369 0.8472630 0.8758984 0.8475312 0.7818788 0.7757989 0.6962935 0.7121082 0.7094069 0.7577284 0.7756406 0.7722627 0.7599848 0.7716060 0.7709495 0.7890050 0.7299685 0.7196030 0.7078443 0.5133134 0.7221531 0.0026663 0.0000000 0.9564346 0.8604350 0.6148432 0.9680309 0.9701546 0.9701546 0.9837188 0.9649593 0.9480226 0.9484848 1.0650882 1.1276957 1.7552617 1.7183882 1.4357541 1.2145012 1.1950190 1.1061745 1.7465876 1.5444005 2.2184552 2.9026674 2.6671540 2.5474217 2.4438938 2.3082373 2.6074400 2.9788978 2.0846376 2.1945794 3.7247379 
MN053823_Humaita-Tubiacanga_virus                             0.0045677 0.0068582 1.0299350 1.1419428 1.0300111 1.0300111 0.8446330 1.0634131 0.0045669 0.0022780 0.0045658 0.0022780 2.5758110 1.0538042 1.0332854 1.0332854 1.0400734 0.8596877 2.0038983 1.9988610 0.0045783 2.4586027 1.0310605 1.0212015 1.0328881 1.0196269 1.1925623 1.1848581 0.9722173 0.9847986 0.9573997 0.8762705 1.0245107 1.0296188 1.0077009 1.0198416 1.0299328 1.0282853 0.9116424 1.0631281 0.9374251 0.9116089 1.0241970 0.9127458 0.9564346 0.0000000 0.0054080 0.0000010 0.0068652 0.0045670 0.0045670 0.0068905 0.0068552 0.0068570 0.0069149 1.0017266 0.8478575 1.5254289 1.5123252 1.3998844 1.1931716 1.1557184 0.8045389 1.6964061 1.5528731 1.9786904 2.7356289 2.7371953 2.5267836 2.2526890 1.8930656 2.2777512 2.7203872 2.0984458 2.0154230 3.8651271 
MW650676_Humaita-Tubiacanga_virus                             0.0054136 0.0081297 1.0299350 1.1419428 0.8393360 0.8393360 0.8393360 0.8675004 0.0026986 0.0026986 0.0026986 0.0026986 2.4228377 0.8619174 0.8424822 0.8424822 0.8424822 0.8543575 1.9781814 1.9731071 0.0026986 2.4671238 0.8402358 0.8222364 0.8332579 0.8139463 0.9837216 0.9759021 0.9674156 0.9799771 0.9526276 0.8011531 1.0207970 1.0259012 1.0039749 1.0161318 1.0262157 1.0241731 0.9058735 0.9176990 0.9254727 0.8477720 1.0139151 0.8501381 0.8604350 0.0054080 0.0000000 0.0000010 0.0081394 0.0054126 0.0054126 0.0081748 0.0027046 0.0027055 0.0027055 0.8895594 0.8122949 1.3697705 1.3507064 1.3121082 1.1743274 1.1352186 0.7810624 1.5058928 1.5462962 1.7994604 2.6206444 2.6170020 2.3467830 2.1420575 1.8956905 2.2316791 2.3308231 1.8208401 1.8006627 3.7744210 
MW773212_Humaita-Tubiacanga_virus                             0.0000010 0.0000010 1.0286459 0.9245420 0.5295541 0.5295541 0.5295541 0.5768187 0.0000010 0.0000010 0.0000010 0.0000010 1.8402860 0.5647276 0.5295541 0.5295541 0.5295541 0.5589991 2.2942549 2.3393793 0.0000010 2.3153416 0.5295541 0.5295541 0.5419874 0.5163130 0.6271337 0.6271337 0.6309830 0.6110121 0.6088508 0.5486023 0.6641415 0.6641415 0.6487676 0.6641415 0.6641415 0.7996752 0.6408192 0.6620513 0.7057487 0.6283694 0.7827887 0.5872639 0.6148432 0.0000010 0.0000010 0.0000000 0.0000010 0.0000010 0.0000010 0.0000010 0.0000010 0.0000010 0.0000010 0.6127418 0.5355828 0.7199230 0.8449524 0.9232200 0.7366190 0.7366190 0.7542682 1.0429615 1.2614465 2.0391820 2.5668653 2.6902808 2.0666572 2.5210580 1.8555638 2.2277110 2.4305836 1.8804522 1.4877830 3.8515581 
