19
MT568530_Pyongtaek_Culex_sobemo-like_virus     0.0000000 0.0147392 0.0177719 0.0208598 0.0193432 0.0190694 0.0221426 0.0189154 0.0191464 0.0857890 0.0782554 0.0801549 0.0853376 0.0809817 0.0854726 0.0762224 0.0896264 0.0863737 2.2714895 
NC_033128_Wenzhou_sobemo-like_virus_3          0.0147392 0.0000000 0.0152159 0.0183679 0.0184033 0.0188972 0.0219027 0.0152046 0.0256507 0.0781723 0.0706454 0.0724726 0.0776087 0.0732639 0.0777359 0.0766911 0.0902640 0.0767545 2.2675972 
OL700081_Wenzhou_sobemo-like_virus_3           0.0177719 0.0152159 0.0000000 0.0028800 0.0086574 0.0151149 0.0180263 0.0184203 0.0215472 0.0762673 0.0641459 0.0658339 0.0707440 0.0665606 0.0708596 0.0747960 0.0829802 0.0746325 2.2054980 
OL700082_Wenzhou_sobemo-like_virus_3           0.0208598 0.0183679 0.0028800 0.0000000 0.0116148 0.0182470 0.0211594 0.0216256 0.0247715 0.0803016 0.0680235 0.0697735 0.0747587 0.0705295 0.0748798 0.0788509 0.0871236 0.0786778 2.2043616 
MT568542_Pyongtaek_Culex_sobemo-like_virus     0.0193432 0.0184033 0.0086574 0.0116148 0.0000000 0.0149201 0.0179649 0.0183562 0.0212711 0.0753710 0.0633721 0.0650333 0.0698913 0.0657489 0.0700050 0.0739057 0.0820156 0.0737455 2.2398779 
LC512855_Wenzhou_sobemo-like_virus_3           0.0190694 0.0188972 0.0151149 0.0182470 0.0149201 0.0000000 0.0117333 0.0119837 0.0118189 0.0664630 0.0594158 0.0610030 0.0657612 0.0616830 0.0658698 0.0649783 0.0857701 0.0695695 2.2394608 
LC512854_Wenzhou_sobemo-like_virus_3           0.0221426 0.0219027 0.0180263 0.0211594 0.0179649 0.0117333 0.0000000 0.0058893 0.0117532 0.0665185 0.0599338 0.0615345 0.0656762 0.0616083 0.0657844 0.0648959 0.0856351 0.0694750 2.2113916 
LC512856_Wenzhou_sobemo-like_virus_3           0.0189154 0.0152046 0.0184203 0.0216256 0.0183562 0.0119837 0.0058893 0.0000000 0.0120045 0.0719186 0.0646342 0.0663383 0.0706029 0.0664205 0.0707184 0.0697640 0.0910917 0.0698316 2.2182417 
LC512857_Wenzhou_sobemo-like_virus_3           0.0191464 0.0256507 0.0215472 0.0247715 0.0212711 0.0118189 0.0117532 0.0120045 0.0000000 0.0708214 0.0636482 0.0653139 0.0695132 0.0653935 0.0696258 0.0609360 0.0815673 0.0733463 2.2453310 
MK440647_Culex_associated_luteo_like_virus     0.0857890 0.0781723 0.0762673 0.0803016 0.0753710 0.0664630 0.0665185 0.0719186 0.0708214 0.0000000 0.0363372 0.0362633 0.0434039 0.0396838 0.0434773 0.0394223 0.0538380 0.0396944 2.2398371 
MW434133_Culex-associated_Luteo-like_virus     0.0782554 0.0706454 0.0641459 0.0680235 0.0633721 0.0594158 0.0599338 0.0646342 0.0636482 0.0363372 0.0000000 0.0028807 0.0087559 0.0057820 0.0087705 0.0178061 0.0368846 0.0117437 2.2413787 
MW434131_Culex-associated_Luteo-like_virus     0.0801549 0.0724726 0.0658339 0.0697735 0.0650333 0.0610030 0.0615345 0.0663383 0.0653139 0.0362633 0.0028807 0.0000000 0.0058071 0.0028760 0.0058169 0.0147639 0.0336456 0.0087630 2.2357469 
MW434130_Culex-associated_Luteo-like_virus     0.0853376 0.0776087 0.0707440 0.0747587 0.0698913 0.0657612 0.0656762 0.0706029 0.0695132 0.0434039 0.0087559 0.0058071 0.0000000 0.0028913 0.0058482 0.0148454 0.0338344 0.0088107 2.2390246 
MH188016_Culex-associated_Luteo-like_virus     0.0809817 0.0732639 0.0665606 0.0705295 0.0657489 0.0616830 0.0616083 0.0664205 0.0653935 0.0396838 0.0057820 0.0028760 0.0028913 0.0000000 0.0028961 0.0117653 0.0304855 0.0058182 2.2330231 
MW434132_Culex-associated_Luteo-like_virus     0.0854726 0.0777359 0.0708596 0.0748798 0.0700050 0.0658698 0.0657844 0.0707184 0.0696258 0.0434773 0.0087705 0.0058169 0.0058482 0.0028961 0.0000000 0.0148700 0.0338888 0.0088255 2.2372195 
Culex_associated_Luteo_like_virus_F1042C4F1042 0.0762224 0.0766911 0.0747960 0.0788509 0.0739057 0.0649783 0.0648959 0.0697640 0.0609360 0.0394223 0.0178061 0.0147639 0.0148454 0.0117653 0.0148700 0.0000000 0.0305625 0.0179144 2.2461860 
MW317137_Luteoviridae_sp.                      0.0896264 0.0902640 0.0829802 0.0871236 0.0820156 0.0857701 0.0856351 0.0910917 0.0815673 0.0538380 0.0368846 0.0336456 0.0338344 0.0304855 0.0338888 0.0305625 0.0000000 0.0304965 2.2346120 
MW434129_Culex-associated_Luteo-like_virus     0.0863737 0.0767545 0.0746325 0.0786778 0.0737455 0.0695695 0.0694750 0.0698316 0.0733463 0.0396944 0.0117437 0.0087630 0.0088107 0.0058182 0.0088255 0.0179144 0.0304965 0.0000000 2.2191632 
MZ443576_Vespula_vulgaris_Luteo-like_virus_2   2.2714895 2.2675972 2.2054980 2.2043616 2.2398779 2.2394608 2.2113916 2.2182417 2.2453310 2.2398371 2.2413787 2.2357469 2.2390246 2.2330231 2.2372195 2.2461860 2.2346120 2.2191632 0.0000000 
