30
Peninsere_virus_F1127C300F1056           0.0000000 0.0000010 0.0000010 0.0000010 0.0000010 0.0044437 0.0066933 0.0066933 0.0089336 0.0309412 0.0409373 0.0409373 0.0384519 0.0283214 0.0217763 0.0206973 0.0252342 0.0186593 0.0170660 0.0192166 0.0198457 0.0304745 0.0478853 0.0949270 0.0878263 0.0808406 0.0807979 0.0822094 0.1409261 0.1959330 
Pirounced_virus_F1032C17F1305            0.0000010 0.0000000 0.0000010 0.0000010 0.0000010 0.0044437 0.0066933 0.0066933 0.0089336 0.0309412 0.0409373 0.0409373 0.0384519 0.0283214 0.0217763 0.0206973 0.0252342 0.0186593 0.0170660 0.0192166 0.0198457 0.0304745 0.0478853 0.0949270 0.0878263 0.0808406 0.0807979 0.0822094 0.1409261 0.1959330 
Pirounced_virus_F1032C17F1266            0.0000010 0.0000010 0.0000000 0.0000010 0.0000010 0.0046079 0.0069416 0.0069416 0.0092653 0.0257570 0.0399010 0.0399010 0.0373305 0.0251823 0.0195319 0.0216607 0.0231176 0.0162708 0.0179348 0.0200706 0.0207579 0.0318749 0.0502794 0.0924771 0.0854377 0.0753758 0.0753355 0.0766851 0.1293448 0.1886828 
Pirounced_virus_F1032C17F1034            0.0000010 0.0000010 0.0000010 0.0000000 0.0000010 0.0046741 0.0070419 0.0070419 0.0093995 0.0297248 0.0405263 0.0405263 0.0379140 0.0283214 0.0199329 0.0206973 0.0236003 0.0166044 0.0170660 0.0192166 0.0198457 0.0304745 0.0478853 0.0949270 0.0878263 0.0825999 0.0825532 0.0840913 0.1445051 0.1961941 
Peninsere_virus_F1127C300F1032           0.0000010 0.0000010 0.0000010 0.0000010 0.0000000 0.0046556 0.0070139 0.0070139 0.0093619 0.0295710 0.0430352 0.0430352 0.0404197 0.0262135 0.0232538 0.0222662 0.0269726 0.0199259 0.0183461 0.0208551 0.0215984 0.0348015 0.0525270 0.1038658 0.0954248 0.0869594 0.0869095 0.0885343 0.1481744 0.2088056 
Pirounced_virus_F1032C17F1607            0.0044437 0.0044437 0.0046079 0.0046741 0.0046556 0.0000000 0.0022252 0.0022252 0.0066975 0.0278249 0.0360944 0.0360944 0.0336190 0.0242517 0.0186515 0.0172333 0.0220622 0.0155364 0.0136399 0.0153570 0.0158587 0.0243479 0.0435181 0.0992035 0.0917920 0.0843503 0.0843055 0.0857719 0.1373319 0.1924734 
Peninsere_virus_F1127C300F1461           0.0066933 0.0066933 0.0069416 0.0070419 0.0070139 0.0022252 0.0000000 0.0000010 0.0044468 0.0278249 0.0335637 0.0335637 0.0311027 0.0242517 0.0186515 0.0172333 0.0220622 0.0155364 0.0136399 0.0153570 0.0158587 0.0243479 0.0435181 0.0992035 0.0917920 0.0843503 0.0843055 0.0857719 0.1373319 0.1924734 
Pirounced_virus_F1032C17F1604            0.0066933 0.0066933 0.0069416 0.0070419 0.0070139 0.0022252 0.0000010 0.0000000 0.0044468 0.0278249 0.0335637 0.0335637 0.0311027 0.0242517 0.0186515 0.0172333 0.0220622 0.0155364 0.0136399 0.0153570 0.0158587 0.0243479 0.0435181 0.0992035 0.0917920 0.0843503 0.0843055 0.0857719 0.1373319 0.1924734 
Pirounced_virus_F1032C17F1325            0.0089336 0.0089336 0.0092653 0.0093995 0.0093619 0.0066975 0.0044468 0.0044468 0.0000000 0.0309735 0.0384134 0.0384134 0.0359406 0.0283608 0.0217987 0.0207209 0.0252608 0.0186784 0.0170851 0.0192410 0.0198717 0.0243479 0.0479572 0.1035371 0.0958067 0.0879008 0.0878539 0.0893764 0.1411174 0.1961889 
LC513833_Culex_inatomii_luteo-like_virus 0.0309412 0.0309412 0.0257570 0.0297248 0.0295710 0.0278249 0.0278249 0.0278249 0.0309735 0.0000000 0.0341995 0.0341995 0.0310152 0.0401790 0.0309172 0.0344492 0.0344962 0.0278160 0.0306798 0.0305247 0.0315222 0.0415467 0.0542806 0.1128557 0.1000444 0.0906409 0.0905926 0.0921491 0.1382779 0.1952798 
Peninsere_virus_F1127C300F1127           0.0409373 0.0409373 0.0399010 0.0405263 0.0430352 0.0360944 0.0335637 0.0335637 0.0384134 0.0341995 0.0000000 0.0000010 0.0044372 0.0077767 0.0030015 0.0033333 0.0121884 0.0060079 0.0066072 0.0074101 0.0076431 0.0232877 0.0335871 0.0983135 0.0909998 0.0828103 0.0827670 0.0841866 0.1447969 0.1842110 
Peninsere_virus_F1127C300F1156           0.0409373 0.0409373 0.0399010 0.0405263 0.0430352 0.0360944 0.0335637 0.0335637 0.0384134 0.0341995 0.0000010 0.0000000 0.0044372 0.0077767 0.0030015 0.0033333 0.0121884 0.0060079 0.0066072 0.0074101 0.0076431 0.0232877 0.0335871 0.0983135 0.0909998 0.0828103 0.0827670 0.0841866 0.1447969 0.1842110 
Peninsere_virus_F1127C300F1450           0.0384519 0.0384519 0.0373305 0.0379140 0.0404197 0.0336190 0.0311027 0.0311027 0.0359406 0.0310152 0.0044372 0.0044372 0.0000000 0.0117166 0.0060226 0.0066910 0.0152844 0.0090407 0.0099457 0.0111599 0.0115128 0.0232877 0.0379284 0.0994718 0.0920094 0.0836297 0.0835857 0.0850294 0.1407971 0.1882836 
MW030476_Hubei_mosquito_virus_2          0.0283214 0.0283214 0.0251823 0.0283214 0.0262135 0.0242517 0.0242517 0.0242517 0.0283608 0.0401790 0.0077767 0.0077767 0.0117166 0.0000000 0.0038595 0.0038595 0.0077285 0.0077285 0.0077285 0.0077285 0.0077285 0.0233419 0.0294591 0.0863108 0.0863108 0.0863108 0.0862510 0.0882082 0.1521556 0.2051313 
KX882764_Hubei_mosquito_virus_2          0.0217763 0.0217763 0.0195319 0.0199329 0.0232538 0.0186515 0.0186515 0.0186515 0.0217987 0.0309172 0.0030015 0.0030015 0.0060226 0.0038595 0.0000000 0.0000010 0.0090897 0.0029874 0.0032835 0.0036794 0.0037941 0.0172759 0.0291671 0.0933708 0.0864810 0.0789109 0.0788702 0.0802189 0.1399440 0.1808548 
MW030482_Hubei_mosquito_virus_2          0.0206973 0.0206973 0.0216607 0.0206973 0.0222662 0.0172333 0.0172333 0.0172333 0.0207209 0.0344492 0.0033333 0.0033333 0.0066910 0.0038595 0.0000010 0.0000000 0.0101057 0.0033159 0.0033159 0.0036794 0.0037941 0.0172759 0.0291671 0.0933708 0.0864810 0.0848458 0.0847962 0.0864195 0.1468201 0.1856135 
MW030484_Hubei_mosquito_virus_2          0.0252342 0.0252342 0.0231176 0.0236003 0.0269726 0.0220622 0.0220622 0.0220622 0.0252608 0.0344962 0.0121884 0.0121884 0.0152844 0.0077285 0.0090897 0.0101057 0.0000000 0.0060538 0.0066628 0.0000010 0.0000010 0.0114972 0.0249869 0.0931873 0.0908011 0.0869256 0.0868796 0.0883770 0.1500125 0.1920966 
MW030472_Hubei_mosquito_virus_2          0.0186593 0.0186593 0.0162708 0.0166044 0.0199259 0.0155364 0.0155364 0.0155364 0.0186784 0.0278160 0.0060079 0.0060079 0.0090407 0.0077285 0.0029874 0.0033159 0.0060538 0.0000000 0.0000010 0.0000010 0.0000010 0.0114972 0.0249869 0.0931873 0.0863241 0.0787861 0.0787455 0.0800900 0.1396884 0.1805047 
MW030480_Hubei_mosquito_virus_2          0.0170660 0.0170660 0.0179348 0.0170660 0.0183461 0.0136399 0.0136399 0.0136399 0.0170851 0.0306798 0.0066072 0.0066072 0.0099457 0.0077285 0.0032835 0.0033159 0.0066628 0.0000010 0.0000000 0.0000010 0.0000010 0.0114972 0.0249869 0.0931873 0.0863241 0.0837523 0.0837041 0.0852870 0.1447134 0.1827963 
MW030488_Hubei_mosquito_virus_2          0.0192166 0.0192166 0.0200706 0.0192166 0.0208551 0.0153570 0.0153570 0.0153570 0.0192410 0.0305247 0.0074101 0.0074101 0.0111599 0.0077285 0.0036794 0.0036794 0.0000010 0.0000010 0.0000010 0.0000000 0.0000010 0.0114972 0.0249869 0.0813864 0.0813864 0.0813864 0.0813338 0.0830736 0.1420875 0.1903108 
MW030478_Hubei_mosquito_virus_2          0.0198457 0.0198457 0.0207579 0.0198457 0.0215984 0.0158587 0.0158587 0.0158587 0.0198717 0.0315222 0.0076431 0.0076431 0.0115128 0.0077285 0.0037941 0.0037941 0.0000010 0.0000010 0.0000010 0.0000010 0.0000000 0.0114972 0.0249869 0.0843836 0.0843836 0.0843836 0.0843268 0.0861950 0.1480546 0.1989502 
MW030486_Hubei_mosquito_virus_2          0.0304745 0.0304745 0.0318749 0.0304745 0.0348015 0.0243479 0.0243479 0.0243479 0.0243479 0.0415467 0.0232877 0.0232877 0.0232877 0.0233419 0.0172759 0.0172759 0.0114972 0.0114972 0.0114972 0.0114972 0.0114972 0.0000000 0.0114972 0.0946460 0.0946460 0.0946460 0.0945479 0.0946460 0.1519452 0.2640034 
MW030470_Hubei_mosquito_virus_2          0.0478853 0.0478853 0.0502794 0.0478853 0.0525270 0.0435181 0.0435181 0.0435181 0.0479572 0.0542806 0.0335871 0.0335871 0.0379284 0.0294591 0.0291671 0.0291671 0.0249869 0.0249869 0.0249869 0.0249869 0.0249869 0.0114972 0.0000000 0.1040297 0.1040297 0.1040297 0.1039503 0.0994150 0.1264577 0.2337651 
MW434902_Marma_virus                     0.0949270 0.0949270 0.0924771 0.0949270 0.1038658 0.0992035 0.0992035 0.0992035 0.1035371 0.1128557 0.0983135 0.0983135 0.0994718 0.0863108 0.0933708 0.0933708 0.0931873 0.0931873 0.0931873 0.0813864 0.0843836 0.0946460 0.1040297 0.0000000 0.0109545 0.0109545 0.0146575 0.0146163 0.1329308 0.1444798 
MW434875_Marma_virus                     0.0878263 0.0878263 0.0854377 0.0878263 0.0954248 0.0917920 0.0917920 0.0917920 0.0958067 0.1000444 0.0909998 0.0909998 0.0920094 0.0863108 0.0864810 0.0864810 0.0908011 0.0863241 0.0863241 0.0813864 0.0843836 0.0946460 0.1040297 0.0109545 0.0000000 0.0000010 0.0033822 0.0033738 0.1133983 0.1228873 
MW434863_Marma_virus                     0.0808406 0.0808406 0.0753758 0.0825999 0.0869594 0.0843503 0.0843503 0.0843503 0.0879008 0.0906409 0.0828103 0.0828103 0.0836297 0.0863108 0.0789109 0.0848458 0.0869256 0.0787861 0.0837523 0.0813864 0.0843836 0.0946460 0.1040297 0.0109545 0.0000010 0.0000000 0.0029936 0.0029870 0.1057538 0.1187595 
MW434872_Marma_virus                     0.0807979 0.0807979 0.0753355 0.0825532 0.0869095 0.0843055 0.0843055 0.0843055 0.0878539 0.0905926 0.0827670 0.0827670 0.0835857 0.0862510 0.0788702 0.0847962 0.0868796 0.0787455 0.0837041 0.0813338 0.0843268 0.0945479 0.1039503 0.0146575 0.0033822 0.0029936 0.0000000 0.0059908 0.1056939 0.1226686 
MK440646_Marma_virus                     0.0822094 0.0822094 0.0766851 0.0840913 0.0885343 0.0857719 0.0857719 0.0857719 0.0893764 0.0921491 0.0841866 0.0841866 0.0850294 0.0882082 0.0802189 0.0864195 0.0883770 0.0800900 0.0852870 0.0830736 0.0861950 0.0946460 0.0994150 0.0146163 0.0033738 0.0029870 0.0059908 0.0000000 0.1023489 0.1152323 
NC_033305_Hubei_mosquito_virus_2         0.1409261 0.1409261 0.1293448 0.1445051 0.1481744 0.1373319 0.1373319 0.1373319 0.1411174 0.1382779 0.1447969 0.1447969 0.1407971 0.1521556 0.1399440 0.1468201 0.1500125 0.1396884 0.1447134 0.1420875 0.1480546 0.1519452 0.1264577 0.1329308 0.1133983 0.1057538 0.1056939 0.1023489 0.0000000 0.1454713 
MT361063_Kisumu_mosquito_virus           0.1959330 0.1959330 0.1886828 0.1961941 0.2088056 0.1924734 0.1924734 0.1924734 0.1961889 0.1952798 0.1842110 0.1842110 0.1882836 0.2051313 0.1808548 0.1856135 0.1920966 0.1805047 0.1827963 0.1903108 0.1989502 0.2640034 0.2337651 0.1444798 0.1228873 0.1187595 0.1226686 0.1152323 0.1454713 0.0000000 
