73
Peninsere_virus_F1127C300F1056                        0.0000000 0.0000010 0.0000010 0.0000010 0.0000010 0.0047082 0.0071028 0.0071028 0.0094997 0.0312966 0.0387984 0.0387984 0.0361020 0.0215908 0.0283758 0.0205005 0.0185047 0.0251583 0.0197605 0.0191174 0.0301087 0.0169396 0.0473640 0.0959948 0.0878604 0.0802839 0.0803620 0.0807454 0.1431248 0.1938410 0.4740530 0.4820237 0.4571150 0.5308550 0.3089792 0.2835915 0.2768808 0.2768808 0.2739025 0.2825961 0.2794383 0.2758112 0.2758112 0.2689167 0.2677643 0.2812249 0.2768509 0.2859794 0.2750890 0.2771972 0.3169186 0.3206079 0.3178293 0.3131031 0.3035100 0.3082307 0.3080765 0.3021337 0.3024751 0.3268672 0.3467662 0.2970638 0.3621770 0.3621770 0.3607358 0.3707513 0.3666583 0.3576862 0.3618882 0.3508052 0.3783281 0.3142100 0.4689782 
Pirounced_virus_F1032C17F1056                         0.0000010 0.0000000 0.0000010 0.0000010 0.0000010 0.0047082 0.0071028 0.0071028 0.0094997 0.0312966 0.0387984 0.0387984 0.0361020 0.0215908 0.0283758 0.0205005 0.0185047 0.0251583 0.0197605 0.0191174 0.0301087 0.0169396 0.0473640 0.0959948 0.0878604 0.0802839 0.0803620 0.0807454 0.1431248 0.1938410 0.4740530 0.4820237 0.4571150 0.5308550 0.3089792 0.2835915 0.2768808 0.2768808 0.2739025 0.2825961 0.2794383 0.2758112 0.2758112 0.2689167 0.2677643 0.2812249 0.2768509 0.2859794 0.2750890 0.2771972 0.3169186 0.3206079 0.3178293 0.3131031 0.3035100 0.3082307 0.3080765 0.3021337 0.3024751 0.3268672 0.3467662 0.2970638 0.3621770 0.3621770 0.3607358 0.3707513 0.3666583 0.3576862 0.3618882 0.3508052 0.3783281 0.3142100 0.4689782 
Peninsere_virus_F1127C300F1032                        0.0000010 0.0000010 0.0000000 0.0000010 0.0000010 0.0049508 0.0074709 0.0074709 0.0099935 0.0299228 0.0409448 0.0409448 0.0380938 0.0230668 0.0261531 0.0220645 0.0197699 0.0269115 0.0215259 0.0207646 0.0343997 0.0182205 0.0519597 0.1053059 0.0956280 0.0864366 0.0865248 0.0869644 0.1504118 0.2058271 0.5085997 0.5204161 0.4914094 0.5317060 0.3148544 0.2950852 0.2799163 0.2799163 0.2799163 0.2859730 0.2826266 0.2799163 0.2799163 0.2763206 0.2702808 0.2845133 0.2798845 0.2895490 0.2780460 0.2802531 0.3192295 0.3235748 0.3201980 0.3151907 0.3050365 0.3100321 0.3098687 0.3035821 0.3039427 0.3356087 0.3568071 0.3041662 0.3779951 0.3779951 0.3769167 0.3887209 0.3827982 0.3731830 0.3776802 0.3709744 0.4055653 0.3344340 0.4918916 
Pirounced_virus_F1032C17F1266                         0.0000010 0.0000010 0.0000010 0.0000000 0.0000010 0.0048844 0.0073702 0.0073702 0.0098585 0.0259511 0.0375320 0.0375320 0.0347447 0.0192971 0.0250254 0.0214092 0.0160793 0.0229757 0.0206083 0.0199096 0.0313953 0.0177583 0.0495672 0.0941793 0.0859807 0.0755776 0.0756550 0.0760307 0.1316149 0.1883748 0.4812797 0.4940129 0.4674270 0.4975749 0.3066056 0.2673719 0.2629116 0.2629116 0.2598420 0.2686874 0.2654938 0.2629116 0.2629116 0.2593972 0.2536075 0.2673271 0.2628820 0.2721502 0.2609725 0.2632241 0.3021646 0.2989380 0.3030689 0.2982662 0.2884953 0.2933054 0.2931498 0.2870738 0.2874292 0.3241868 0.3447118 0.2796421 0.3559093 0.3559093 0.3542469 0.3685718 0.3605157 0.3512938 0.3556145 0.3449275 0.3670219 0.3091360 0.4648434 
Pirounced_virus_F1032C17F1034                         0.0000010 0.0000010 0.0000010 0.0000010 0.0000000 0.0049654 0.0074931 0.0074931 0.0100232 0.0300398 0.0381945 0.0381945 0.0353566 0.0197184 0.0283758 0.0205005 0.0164306 0.0234869 0.0197605 0.0191174 0.0301087 0.0169396 0.0473640 0.0959948 0.0878604 0.0823298 0.0824149 0.0828349 0.1462593 0.1945623 0.4812566 0.4820237 0.4668456 0.5622710 0.3229642 0.2863818 0.2721495 0.2721495 0.2690125 0.2781304 0.2748247 0.2710362 0.2710362 0.2637809 0.2625803 0.2767036 0.2721184 0.2816860 0.2702296 0.2724781 0.3201841 0.3154473 0.3211556 0.3161397 0.3059696 0.3109730 0.3108092 0.3045141 0.3048748 0.3332634 0.3344669 0.3048858 0.3629431 0.3629431 0.3629431 0.3707513 0.3676818 0.3581954 0.3626375 0.3737029 0.3849743 0.3251387 0.4760490 
Pirounced_virus_F1032C17F1607                         0.0047082 0.0047082 0.0049508 0.0048844 0.0049654 0.0000000 0.0023565 0.0023565 0.0071515 0.0280735 0.0335885 0.0335885 0.0309170 0.0184467 0.0242194 0.0170228 0.0153709 0.0219441 0.0157424 0.0152329 0.0239386 0.0135039 0.0428996 0.1008156 0.0922467 0.0840927 0.0841735 0.0845741 0.1388460 0.1892109 0.4702087 0.4778411 0.4531792 0.5266503 0.3035152 0.2883539 0.2738443 0.2738443 0.2708670 0.2795331 0.2763895 0.2727830 0.2727830 0.2658945 0.2647499 0.2781737 0.2738146 0.2829098 0.2720336 0.2741577 0.3208932 0.3252507 0.3218151 0.3170593 0.3074129 0.3121593 0.3120038 0.3060337 0.3063752 0.3210745 0.3408867 0.2971617 0.3563921 0.3563921 0.3547990 0.3644086 0.3608473 0.3519274 0.3561068 0.3508052 0.3783281 0.3142100 0.4648490 
Peninsere_virus_F1127C300F1461                        0.0071028 0.0071028 0.0074709 0.0073702 0.0074931 0.0023565 0.0000000 0.0000010 0.0047404 0.0280735 0.0308865 0.0308865 0.0282355 0.0184467 0.0242194 0.0170228 0.0153709 0.0219441 0.0157424 0.0152329 0.0239386 0.0135039 0.0428996 0.1008156 0.0922467 0.0840927 0.0841735 0.0845741 0.1388460 0.1892109 0.4695907 0.4771712 0.4525414 0.5192821 0.2982499 0.2908621 0.2772258 0.2772258 0.2742494 0.2829402 0.2797829 0.2761559 0.2761559 0.2692652 0.2681127 0.2815686 0.2771959 0.2863218 0.2754373 0.2775424 0.3179433 0.3217998 0.3188560 0.3141271 0.3045304 0.3092527 0.3090984 0.3055265 0.3058673 0.3179407 0.3376753 0.2943114 0.3590294 0.3590294 0.3575085 0.3672823 0.3634878 0.3545614 0.3587430 0.3508052 0.3783281 0.3142100 0.4676588 
Pirounced_virus_F1032C17F1461                         0.0071028 0.0071028 0.0074709 0.0073702 0.0074931 0.0023565 0.0000010 0.0000000 0.0047404 0.0280735 0.0308865 0.0308865 0.0282355 0.0184467 0.0242194 0.0170228 0.0153709 0.0219441 0.0157424 0.0152329 0.0239386 0.0135039 0.0428996 0.1008156 0.0922467 0.0840927 0.0841735 0.0845741 0.1388460 0.1892109 0.4695907 0.4771712 0.4525414 0.5192821 0.2982499 0.2908621 0.2772258 0.2772258 0.2742494 0.2829402 0.2797829 0.2761559 0.2761559 0.2692652 0.2681127 0.2815686 0.2771959 0.2863218 0.2754373 0.2775424 0.3179433 0.3217998 0.3188560 0.3141271 0.3045304 0.3092527 0.3090984 0.3055265 0.3058673 0.3179407 0.3376753 0.2943114 0.3590294 0.3590294 0.3575085 0.3672823 0.3634878 0.3545614 0.3587430 0.3508052 0.3783281 0.3142100 0.4676588 
Pirounced_virus_F1032C17F1325                         0.0094997 0.0094997 0.0099935 0.0098585 0.0100232 0.0071515 0.0047404 0.0047404 0.0000000 0.0313441 0.0362920 0.0362920 0.0336027 0.0216242 0.0284322 0.0205357 0.0185336 0.0251974 0.0197999 0.0191543 0.0239386 0.0169687 0.0474562 0.1057169 0.0967064 0.0879623 0.0880458 0.0884636 0.1432760 0.1940029 0.4719974 0.4797725 0.4550411 0.5192286 0.2991083 0.2870754 0.2771948 0.2771948 0.2742182 0.2829094 0.2797520 0.2761249 0.2761249 0.2692338 0.2680813 0.2815378 0.2771649 0.2862912 0.2754060 0.2775114 0.3210986 0.3254748 0.3220182 0.3172757 0.3076556 0.3123891 0.3122341 0.3086553 0.3089954 0.3237843 0.3436128 0.2986929 0.3623216 0.3623216 0.3608900 0.3708738 0.3667863 0.3578473 0.3620339 0.3577069 0.3854628 0.3143482 0.4666213 
LC513833_Culex_inatomii_luteo-like_virus              0.0312966 0.0312966 0.0299228 0.0259511 0.0300398 0.0280735 0.0280735 0.0280735 0.0313441 0.0000000 0.0344036 0.0344036 0.0311352 0.0310296 0.0409633 0.0346072 0.0279147 0.0348029 0.0319166 0.0308616 0.0417638 0.0308653 0.0541569 0.1168894 0.1024580 0.0926936 0.0927810 0.0932236 0.1395264 0.1991495 0.3437288 0.3461082 0.3357560 0.5290562 0.2346659 0.2669944 0.2433417 0.2433417 0.2397011 0.2500077 0.2463155 0.2421432 0.2421432 0.2337687 0.2324678 0.2540801 0.2488674 0.2540801 0.2408884 0.2436897 0.2916119 0.2901870 0.2916119 0.2870073 0.2755123 0.2811699 0.2809884 0.2809884 0.2814131 0.2495858 0.2713195 0.2382933 0.2909100 0.2909100 0.2868938 0.2937130 0.2909100 0.2857821 0.2909100 0.3605496 0.3974956 0.3388370 0.3833661 
Peninsere_virus_F1127C300F1127                        0.0387984 0.0387984 0.0409448 0.0375320 0.0381945 0.0335885 0.0308865 0.0308865 0.0362920 0.0344036 0.0000000 0.0000010 0.0047364 0.0029611 0.0077486 0.0032859 0.0059243 0.0120910 0.0075603 0.0073254 0.0231783 0.0065217 0.0330834 0.1000449 0.0915642 0.0833714 0.0834513 0.0838472 0.1444381 0.1801492 0.4576331 0.4665505 0.4571848 0.5146774 0.2895048 0.2849243 0.2762137 0.2762137 0.2732359 0.2819223 0.2787682 0.2751460 0.2751460 0.2682530 0.2671023 0.2805539 0.2761839 0.2853034 0.2744179 0.2765295 0.3411345 0.3489573 0.3421141 0.3467252 0.3366966 0.3416282 0.3320085 0.3283331 0.3286744 0.3216623 0.3433221 0.2912953 0.3633614 0.3633614 0.3619563 0.3723550 0.3678334 0.3588802 0.3630729 0.3448547 0.3922747 0.3263708 0.4562755 
Peninsere_virus_F1127C300F1132                        0.0387984 0.0387984 0.0409448 0.0375320 0.0381945 0.0335885 0.0308865 0.0308865 0.0362920 0.0344036 0.0000010 0.0000000 0.0047364 0.0029611 0.0077486 0.0032859 0.0059243 0.0120910 0.0075603 0.0073254 0.0231783 0.0065217 0.0330834 0.1000449 0.0915642 0.0833714 0.0834513 0.0838472 0.1444381 0.1801492 0.4576331 0.4665505 0.4571848 0.5146774 0.2895048 0.2849243 0.2762137 0.2762137 0.2732359 0.2819223 0.2787682 0.2751460 0.2751460 0.2682530 0.2671023 0.2805539 0.2761839 0.2853034 0.2744179 0.2765295 0.3411345 0.3489573 0.3421141 0.3467252 0.3366966 0.3416282 0.3320085 0.3283331 0.3286744 0.3216623 0.3433221 0.2912953 0.3633614 0.3633614 0.3619563 0.3723550 0.3678334 0.3588802 0.3630729 0.3448547 0.3922747 0.3263708 0.4562755 
Peninsere_virus_F1127C300F1450                        0.0361020 0.0361020 0.0380938 0.0347447 0.0353566 0.0309170 0.0282355 0.0282355 0.0336027 0.0311352 0.0047364 0.0047364 0.0000000 0.0059499 0.0116947 0.0066059 0.0089278 0.0151828 0.0114097 0.0110523 0.0231783 0.0098325 0.0374245 0.1003219 0.0918151 0.0835865 0.0836667 0.0840637 0.1400561 0.1847600 0.4518077 0.4601948 0.4511426 0.5211864 0.2942330 0.2803769 0.2804646 0.2804646 0.2774843 0.2862125 0.2830372 0.2793847 0.2793847 0.2724808 0.2713189 0.2848271 0.2804343 0.2896042 0.2786946 0.2807846 0.3457362 0.3543531 0.3467270 0.3417917 0.3318237 0.3367249 0.3365614 0.3328690 0.3332111 0.3169746 0.3363760 0.2866927 0.3624443 0.3624443 0.3610147 0.3713507 0.3669130 0.3579662 0.3621562 0.3465504 0.3892846 0.3266658 0.4567701 
KX882764_Hubei_mosquito_virus_2                       0.0215908 0.0215908 0.0230668 0.0192971 0.0197184 0.0184467 0.0184467 0.0184467 0.0216242 0.0310296 0.0029611 0.0029611 0.0059499 0.0000000 0.0038339 0.0000010 0.0029388 0.0089963 0.0037414 0.0036266 0.0171152 0.0032326 0.0286487 0.0947841 0.0868088 0.0792729 0.0793497 0.0797257 0.1394382 0.1781047 0.3284588 0.3257130 0.3199132 0.5069402 0.2206426 0.2556912 0.2215784 0.2215784 0.2179584 0.2279975 0.2244338 0.2204576 0.2204576 0.2121605 0.2109366 0.2320063 0.2269364 0.2320063 0.2189750 0.2218996 0.2785442 0.2752265 0.2785442 0.2849288 0.2734655 0.2791077 0.2680963 0.2680963 0.2685223 0.2620410 0.2840531 0.2409126 0.2742094 0.2742094 0.2697217 0.2751357 0.2742094 0.2692023 0.2742094 0.3430134 0.3902038 0.3229581 0.3779700 
MW030476_Hubei_mosquito_virus_2                       0.0283758 0.0283758 0.0261531 0.0250254 0.0283758 0.0242194 0.0242194 0.0242194 0.0284322 0.0409633 0.0077486 0.0077486 0.0116947 0.0038339 0.0000000 0.0038339 0.0076727 0.0076727 0.0076727 0.0076727 0.0233165 0.0076727 0.0289315 0.0872526 0.0872526 0.0872526 0.0873612 0.0879048 0.1536542 0.2010395 0.4032186 0.3841192 0.3954994 0.6896148 0.2568299 0.2945140 0.2466016 0.2466016 0.2417868 0.2554735 0.2466016 0.2450050 0.2450050 0.2339283 0.2322070 0.2608771 0.2539421 0.2608771 0.2433827 0.2470668 0.3046804 0.3046804 0.3046804 0.3133351 0.2978202 0.3054401 0.2905906 0.2905906 0.2911449 0.3090278 0.3090278 0.2762647 0.3012695 0.3012695 0.3012695 0.3046774 0.3012695 0.2944854 0.3012695 0.4335376 0.4600184 0.3857483 0.4134146 
MW030482_Hubei_mosquito_virus_2                       0.0205005 0.0205005 0.0220645 0.0214092 0.0205005 0.0170228 0.0170228 0.0170228 0.0205357 0.0346072 0.0032859 0.0032859 0.0066059 0.0000010 0.0038339 0.0000000 0.0032584 0.0099970 0.0037414 0.0036266 0.0171152 0.0032584 0.0286487 0.0947841 0.0868088 0.0849748 0.0850647 0.0855119 0.1472291 0.1812350 0.3450442 0.3299144 0.3389619 0.5710372 0.2373811 0.2628447 0.2188419 0.2188419 0.2148065 0.2259720 0.2220108 0.2176032 0.2176032 0.2083594 0.2070092 0.2304372 0.2247969 0.2304372 0.2159146 0.2191964 0.2896344 0.2692175 0.2896344 0.2968753 0.2838820 0.2902715 0.2778089 0.2778089 0.2782835 0.2759919 0.2759919 0.2530092 0.2773951 0.2773951 0.2773951 0.2799954 0.2773951 0.2717941 0.2773951 0.3722759 0.4068716 0.3479053 0.3854152 
MW030472_Hubei_mosquito_virus_2                       0.0185047 0.0185047 0.0197699 0.0160793 0.0164306 0.0153709 0.0153709 0.0153709 0.0185336 0.0279147 0.0059243 0.0059243 0.0089278 0.0029388 0.0076727 0.0032584 0.0000000 0.0059944 0.0000010 0.0000010 0.0113932 0.0000010 0.0245433 0.0940746 0.0861843 0.0787510 0.0788271 0.0791997 0.1387084 0.1772831 0.3273029 0.3244442 0.3187175 0.5053131 0.2197008 0.2547059 0.2206617 0.2206617 0.2170450 0.2270665 0.2235103 0.2195450 0.2195450 0.2112563 0.2100365 0.2310701 0.2260095 0.2310701 0.2180538 0.2209816 0.2775167 0.2739907 0.2775167 0.2838883 0.2724481 0.2780792 0.2670891 0.2670891 0.2675148 0.2622863 0.2843256 0.2399542 0.2731823 0.2731823 0.2686675 0.2739948 0.2731823 0.2681842 0.2731823 0.3417112 0.3887945 0.3217094 0.3767161 
MW030484_Hubei_mosquito_virus_2                       0.0251583 0.0251583 0.0269115 0.0229757 0.0234869 0.0219441 0.0219441 0.0219441 0.0251974 0.0348029 0.0120910 0.0120910 0.0151828 0.0089963 0.0076727 0.0099970 0.0059944 0.0000000 0.0000010 0.0000010 0.0113932 0.0066066 0.0245433 0.0940746 0.0907674 0.0872756 0.0873585 0.0877729 0.1491474 0.1887971 0.3427796 0.3414660 0.3347829 0.5263905 0.2327530 0.2682271 0.2333572 0.2333572 0.2297089 0.2399402 0.2362908 0.2321889 0.2321889 0.2238100 0.2225380 0.2440016 0.2388310 0.2440016 0.2308225 0.2336945 0.2915137 0.2739907 0.2915137 0.2980317 0.2863313 0.2920873 0.2808564 0.2808564 0.2812826 0.2767973 0.2992068 0.2531544 0.2871927 0.2871927 0.2830722 0.2895718 0.2871927 0.2820940 0.2871927 0.3590871 0.4073284 0.3384866 0.3932389 
MW030478_Hubei_mosquito_virus_2                       0.0197605 0.0197605 0.0215259 0.0206083 0.0197605 0.0157424 0.0157424 0.0157424 0.0197999 0.0319166 0.0075603 0.0075603 0.0114097 0.0037414 0.0076727 0.0037414 0.0000010 0.0000010 0.0000000 0.0000010 0.0113932 0.0000010 0.0245433 0.0846007 0.0846007 0.0846007 0.0847046 0.0852211 0.1491426 0.1952991 0.3835265 0.3651365 0.3761057 0.6558841 0.2425709 0.2790855 0.2329428 0.2329428 0.2282236 0.2414656 0.2329428 0.2314352 0.2314352 0.2206032 0.2189715 0.2467264 0.2400245 0.2467264 0.2296531 0.2333783 0.2890888 0.2890888 0.2890888 0.2974333 0.2824681 0.2898226 0.2754850 0.2754850 0.2760323 0.2948059 0.2948059 0.2616064 0.2855946 0.2855946 0.2855946 0.2887306 0.2855946 0.2790336 0.2855946 0.4098093 0.4353887 0.3642234 0.4117125 
MW030488_Hubei_mosquito_virus_2                       0.0191174 0.0191174 0.0207646 0.0199096 0.0191174 0.0152329 0.0152329 0.0152329 0.0191543 0.0308616 0.0073254 0.0073254 0.0110523 0.0036266 0.0076727 0.0036266 0.0000010 0.0000010 0.0000010 0.0000000 0.0113932 0.0000010 0.0245433 0.0814653 0.0814653 0.0814653 0.0815628 0.0820438 0.1429923 0.1868428 0.3643744 0.3470591 0.3573994 0.6157092 0.2314002 0.2661088 0.2224544 0.2224544 0.2179241 0.2305076 0.2224544 0.2210498 0.2210498 0.2106684 0.2091430 0.2355318 0.2291697 0.2355318 0.2191988 0.2228575 0.2757310 0.2757310 0.2757310 0.2836238 0.2694632 0.2764276 0.2628447 0.2628447 0.2633736 0.2809420 0.2809420 0.2496457 0.2722534 0.2722534 0.2722534 0.2750961 0.2722534 0.2660318 0.2722534 0.3863283 0.4103911 0.3439668 0.4010164 
MW030486_Hubei_mosquito_virus_2                       0.0301087 0.0301087 0.0343997 0.0313953 0.0301087 0.0239386 0.0239386 0.0239386 0.0239386 0.0417638 0.0231783 0.0231783 0.0231783 0.0171152 0.0233165 0.0171152 0.0113932 0.0113932 0.0113932 0.0113932 0.0000000 0.0113932 0.0113932 0.0946487 0.0946487 0.0946487 0.0948173 0.0946487 0.1572176 0.2680613 0.4692941 0.4542743 0.4726669 0.7077051 0.3994836 0.3859318 0.2847870 0.2847870 0.2774960 0.2990268 0.2847870 0.2821296 0.2821296 0.2652643 0.2624665 0.2964232 0.2964232 0.2964232 0.2783248 0.2855795 0.3603371 0.3603371 0.3603371 0.3624350 0.3603371 0.3725760 0.3603371 0.3603371 0.3611545 0.4083027 0.4083027 0.3323109 0.3285373 0.3285373 0.3285373 0.3322311 0.3285373 0.3182785 0.3285373 0.4935175 0.4909530 0.3879830 0.4741438 
MW030480_Hubei_mosquito_virus_2                       0.0169396 0.0169396 0.0182205 0.0177583 0.0169396 0.0135039 0.0135039 0.0135039 0.0169687 0.0308653 0.0065217 0.0065217 0.0098325 0.0032326 0.0076727 0.0032584 0.0000010 0.0066066 0.0000010 0.0000010 0.0113932 0.0000000 0.0245433 0.0940746 0.0861843 0.0835634 0.0836511 0.0840861 0.1448364 0.1783095 0.3393128 0.3244442 0.3333383 0.5602527 0.2334918 0.2585914 0.2152999 0.2152999 0.2113104 0.2223110 0.2184139 0.2140882 0.2140882 0.2049546 0.2036324 0.2267183 0.2211629 0.2267183 0.2123771 0.2156459 0.2849593 0.2679930 0.2849593 0.2920794 0.2793011 0.2855864 0.2733253 0.2733253 0.2737955 0.2729138 0.2729138 0.2489109 0.2728908 0.2728908 0.2728908 0.2754116 0.2728908 0.2673768 0.2728908 0.3653619 0.3992960 0.3415051 0.3789848 
MW030470_Hubei_mosquito_virus_2                       0.0473640 0.0473640 0.0519597 0.0495672 0.0473640 0.0428996 0.0428996 0.0428996 0.0474562 0.0541569 0.0330834 0.0330834 0.0374245 0.0286487 0.0289315 0.0286487 0.0245433 0.0245433 0.0245433 0.0245433 0.0113932 0.0245433 0.0000000 0.1016942 0.1016942 0.1016942 0.1018177 0.0965157 0.1279798 0.2249193 0.4189554 0.3996412 0.4111408 0.7074951 0.2858295 0.3189197 0.2676931 0.2676931 0.2628511 0.2768877 0.2676931 0.2659972 0.2659972 0.2548150 0.2529974 0.2823777 0.2752551 0.2823777 0.2646734 0.2681932 0.2961046 0.2961046 0.2961046 0.3046053 0.3025798 0.3101821 0.2953664 0.2953664 0.2959159 0.3103813 0.3103813 0.2791789 0.3097899 0.3097899 0.3097899 0.3132955 0.3097899 0.3029866 0.3097899 0.4302943 0.4753347 0.4053992 0.4295773 
MW434902_Marma_virus                                  0.0959948 0.0959948 0.1053059 0.0941793 0.0959948 0.1008156 0.1008156 0.1008156 0.1057169 0.1168894 0.1000449 0.1000449 0.1003219 0.0947841 0.0872526 0.0947841 0.0940746 0.0940746 0.0846007 0.0814653 0.0946487 0.0940746 0.1016942 0.0000000 0.0109373 0.0109373 0.0146709 0.0146344 0.1392514 0.1495133 0.3390275 0.3229986 0.3306069 0.6093521 0.2574835 0.2644669 0.2268591 0.2268591 0.2224728 0.2347068 0.2268591 0.2254813 0.2254813 0.2154225 0.2153791 0.2395808 0.2333943 0.2395808 0.2237478 0.2272556 0.2487576 0.2301607 0.2487576 0.2507005 0.2484856 0.2550254 0.2481836 0.2481836 0.2492746 0.3031389 0.3031389 0.2499207 0.2542311 0.2542311 0.2542311 0.2567466 0.2542311 0.2601073 0.2542311 0.4323162 0.4528603 0.3529674 0.3619887 
MW434875_Marma_virus                                  0.0878604 0.0878604 0.0956280 0.0859807 0.0878604 0.0922467 0.0922467 0.0922467 0.0967064 0.1024580 0.0915642 0.0915642 0.0918151 0.0868088 0.0872526 0.0868088 0.0861843 0.0907674 0.0846007 0.0814653 0.0946487 0.0861843 0.1016942 0.0109373 0.0000000 0.0000010 0.0033512 0.0033429 0.1178527 0.1265737 0.3226582 0.3077783 0.3148575 0.5542364 0.2387788 0.2380505 0.2101500 0.2101500 0.2060518 0.2172997 0.2165435 0.2089249 0.2089249 0.1995529 0.1995124 0.2218203 0.2161389 0.2218203 0.2071035 0.2104988 0.2473540 0.2301607 0.2473540 0.2491935 0.2470983 0.2533002 0.2468114 0.2468114 0.2478448 0.2812340 0.2812340 0.2367675 0.2497207 0.2497207 0.2497207 0.2520430 0.2497207 0.2552404 0.2497207 0.4000623 0.4316377 0.3365956 0.3442468 
MW434863_Marma_virus                                  0.0802839 0.0802839 0.0864366 0.0755776 0.0823298 0.0840927 0.0840927 0.0840927 0.0879623 0.0926936 0.0833714 0.0833714 0.0835865 0.0792729 0.0872526 0.0849748 0.0787510 0.0872756 0.0846007 0.0814653 0.0946487 0.0835634 0.1016942 0.0109373 0.0000010 0.0000000 0.0029628 0.0029563 0.1096289 0.1218762 0.3075843 0.2957658 0.2898808 0.4794843 0.2165966 0.2244809 0.2108188 0.2108188 0.2072101 0.2171165 0.2164512 0.2097372 0.2097372 0.2014815 0.2014458 0.2210957 0.2160949 0.2210957 0.2081437 0.2111268 0.2296836 0.2288715 0.2296836 0.2312243 0.2294903 0.2347894 0.2292402 0.2292402 0.2301078 0.2600506 0.2820935 0.2153594 0.2377609 0.2377609 0.2322676 0.2413501 0.2377609 0.2425274 0.2377609 0.3477763 0.3909356 0.3117835 0.3257659 
MW434872_Marma_virus                                  0.0803620 0.0803620 0.0865248 0.0756550 0.0824149 0.0841735 0.0841735 0.0841735 0.0880458 0.0927810 0.0834513 0.0834513 0.0836667 0.0793497 0.0873612 0.0850647 0.0788271 0.0873585 0.0847046 0.0815628 0.0948173 0.0836511 0.1018177 0.0146709 0.0033512 0.0029628 0.0000000 0.0059419 0.1097281 0.1261460 0.3100245 0.2984122 0.2923783 0.4871457 0.2217548 0.2265936 0.2128698 0.2128698 0.2092560 0.2191955 0.2185247 0.2117798 0.2117798 0.2035094 0.2034736 0.2231832 0.2181656 0.2231832 0.2102061 0.2131805 0.2318019 0.2314323 0.2318019 0.2333514 0.2316049 0.2369214 0.2313546 0.2313546 0.2322271 0.2602253 0.2822749 0.2155104 0.2399174 0.2399174 0.2344812 0.2437604 0.2399174 0.2446986 0.2399174 0.3506174 0.3939665 0.3144529 0.3317779 
MK440646_Marma_virus                                  0.0807454 0.0807454 0.0869644 0.0760307 0.0828349 0.0845741 0.0845741 0.0845741 0.0884636 0.0932236 0.0838472 0.0838472 0.0840637 0.0797257 0.0879048 0.0855119 0.0791997 0.0877729 0.0852211 0.0820438 0.0946487 0.0840861 0.0965157 0.0146344 0.0033429 0.0029563 0.0059419 0.0000000 0.1056014 0.1176670 0.3093693 0.2976752 0.2916696 0.4806206 0.2133999 0.2243056 0.2119559 0.2119559 0.2083407 0.2182757 0.2176066 0.2108685 0.2108685 0.2025963 0.2025606 0.2222637 0.2172484 0.2222637 0.2092844 0.2122657 0.2244762 0.2225837 0.2244762 0.2259954 0.2242918 0.2295484 0.2240421 0.2240421 0.2248978 0.2542455 0.2761516 0.2151892 0.2324604 0.2324604 0.2268281 0.2354290 0.2324604 0.2371902 0.2324604 0.3407725 0.3905709 0.3052045 0.3254070 
NC_033305_Hubei_mosquito_virus_2                      0.1431248 0.1431248 0.1504118 0.1316149 0.1462593 0.1388460 0.1388460 0.1388460 0.1432760 0.1395264 0.1444381 0.1444381 0.1400561 0.1394382 0.1536542 0.1472291 0.1387084 0.1491474 0.1491426 0.1429923 0.1572176 0.1448364 0.1279798 0.1392514 0.1178527 0.1096289 0.1097281 0.1056014 0.0000000 0.1484563 0.3765004 0.3735643 0.3631449 0.5565194 0.2679095 0.2561854 0.2370680 0.2370680 0.2334035 0.2437160 0.2314565 0.2358823 0.2358823 0.2274611 0.2274248 0.2478020 0.2425893 0.2478020 0.2345503 0.2374110 0.2693271 0.2763069 0.2693271 0.2752594 0.2634245 0.2614568 0.2688099 0.2688099 0.2697618 0.2294801 0.2561399 0.2553115 0.2951072 0.2951072 0.2912439 0.2929163 0.2951072 0.2899899 0.2951072 0.3683214 0.4023362 0.3618740 0.3429454 
MT361063_Kisumu_mosquito_virus                        0.1938410 0.1938410 0.2058271 0.1883748 0.1945623 0.1892109 0.1892109 0.1892109 0.1940029 0.1991495 0.1801492 0.1801492 0.1847600 0.1781047 0.2010395 0.1812350 0.1772831 0.1887971 0.1952991 0.1868428 0.2680613 0.1783095 0.2249193 0.1495133 0.1265737 0.1218762 0.1261460 0.1176670 0.1484563 0.0000000 0.2595098 0.2490835 0.2390073 0.4880464 0.2204528 0.2615137 0.2333729 0.2333729 0.2297172 0.2399681 0.2277987 0.2322022 0.2322022 0.2238053 0.2243724 0.2384431 0.2388569 0.2384431 0.2218401 0.2337108 0.2523112 0.2601844 0.2523112 0.2615642 0.2474535 0.2417720 0.2423062 0.2423062 0.2364001 0.2078847 0.2342476 0.2397288 0.2156052 0.2156052 0.2096511 0.2226451 0.2156052 0.2201350 0.2156052 0.3832137 0.3875273 0.3495502 0.3061968 
MN661099_Atrato_Sobemo-like_virus_5                   0.4740530 0.4740530 0.5085997 0.4812797 0.4812566 0.4702087 0.4695907 0.4695907 0.4719974 0.3437288 0.4576331 0.4576331 0.4518077 0.3284588 0.4032186 0.3450442 0.3273029 0.3427796 0.3835265 0.3643744 0.4692941 0.3393128 0.4189554 0.3390275 0.3226582 0.3075843 0.3100245 0.3093693 0.3765004 0.2595098 0.0000000 0.0077268 0.0100071 0.6621122 0.3985295 0.4129298 0.3987990 0.3987990 0.3956753 0.4058445 0.4019895 0.3973276 0.3973276 0.3859415 0.3926905 0.3988505 0.3937164 0.4045149 0.3937142 0.3942077 0.3840139 0.4032075 0.3864961 0.3895117 0.3715631 0.3768001 0.3766190 0.3805556 0.3864843 0.4241033 0.4496591 0.3716426 0.4212658 0.4212658 0.4244398 0.4381092 0.4260841 0.4260841 0.4215552 0.4133926 0.4442053 0.3218229 0.5075553 
MN661097_Atrato_Sobemo-like_virus_5                   0.4820237 0.4820237 0.5204161 0.4940129 0.4820237 0.4778411 0.4771712 0.4771712 0.4797725 0.3461082 0.4665505 0.4665505 0.4601948 0.3257130 0.3841192 0.3299144 0.3244442 0.3414660 0.3651365 0.3470591 0.4542743 0.3244442 0.3996412 0.3229986 0.3077783 0.2957658 0.2984122 0.2976752 0.3735643 0.2490835 0.0077268 0.0000000 0.0129532 0.6985856 0.4094867 0.4238862 0.3981557 0.3981557 0.3947835 0.4057580 0.4015973 0.3965698 0.3965698 0.3842870 0.3915616 0.3982128 0.3926763 0.4043234 0.3926635 0.3932053 0.3879265 0.3885381 0.3906256 0.3938862 0.3744447 0.3801122 0.3799155 0.3841712 0.3905948 0.4347456 0.4367580 0.3846321 0.4212650 0.4212650 0.4212650 0.4247757 0.4264522 0.4264522 0.4215766 0.3835796 0.4162769 0.3326549 0.5447577 
MN661107_Atrato_Sobemo-like_virus_5                   0.4571150 0.4571150 0.4914094 0.4674270 0.4668456 0.4531792 0.4525414 0.4525414 0.4550411 0.3357560 0.4571848 0.4571848 0.4511426 0.3199132 0.3954994 0.3389619 0.3187175 0.3347829 0.3761057 0.3573994 0.4726669 0.3333383 0.4111408 0.3306069 0.3148575 0.2898808 0.2923783 0.2916696 0.3631449 0.2390073 0.0100071 0.0129532 0.0000000 0.6531189 0.3781402 0.4094957 0.3939975 0.3939975 0.3907478 0.4012852 0.3972951 0.3924818 0.3924818 0.3806685 0.3823920 0.3940621 0.3887459 0.3999253 0.3886957 0.3892511 0.3692394 0.3825200 0.3717309 0.3684566 0.3565824 0.3619102 0.3617287 0.3657574 0.3654510 0.4053598 0.4072794 0.3775918 0.4009034 0.4009034 0.4009034 0.4246999 0.4057880 0.4057880 0.4011825 0.3907637 0.4103023 0.3183151 0.5362305 
MT896210_Aedes_sobemo-like_virus                      0.5308550 0.5308550 0.5317060 0.4975749 0.5622710 0.5266503 0.5192821 0.5192821 0.5192286 0.5290562 0.5146774 0.5146774 0.5211864 0.5069402 0.6896148 0.5710372 0.5053131 0.5263905 0.6558841 0.6157092 0.7077051 0.5602527 0.7074951 0.6093521 0.5542364 0.4794843 0.4871457 0.4806206 0.5565194 0.4880464 0.6621122 0.6985856 0.6531189 0.0000000 0.1587371 0.5841622 0.4960522 0.4960522 0.4926842 0.4877550 0.5033600 0.5003548 0.5003548 0.4883118 0.4861231 0.5020212 0.4959727 0.5087759 0.4957842 0.4966328 0.5738074 0.6589856 0.5808362 0.5917510 0.5725884 0.5794855 0.5661197 0.5613122 0.5626605 0.5723665 0.6002919 0.5640131 0.6928111 0.6928111 0.7024971 0.7452086 0.6996093 0.6996093 0.6836765 0.7316425 0.8589681 0.6518780 0.7400701 
MT896211_Aedes_sobemo-like_virus                      0.3089792 0.3089792 0.3148544 0.3066056 0.3229642 0.3035152 0.2982499 0.2982499 0.2991083 0.2346659 0.2895048 0.2895048 0.2942330 0.2206426 0.2568299 0.2373811 0.2197008 0.2327530 0.2425709 0.2314002 0.3994836 0.2334918 0.2858295 0.2574835 0.2387788 0.2165966 0.2217548 0.2133999 0.2679095 0.2204528 0.3985295 0.4094867 0.3781402 0.1587371 0.0000000 0.3267815 0.2705058 0.2705058 0.2674605 0.2762957 0.2756277 0.2733769 0.2733769 0.2636414 0.2623555 0.2749182 0.2704758 0.2797415 0.2686317 0.2708231 0.3055527 0.3184196 0.3104154 0.3177657 0.3012316 0.3060304 0.2966634 0.2930698 0.2938927 0.3227666 0.3452071 0.3054817 0.3834335 0.3834335 0.3829927 0.4049015 0.3881027 0.3881027 0.3773098 0.3474890 0.4385786 0.3216105 0.4902929 
MH703049_Yongsan_sobemo-like_virus_1                  0.2835915 0.2835915 0.2950852 0.2673719 0.2863818 0.2883539 0.2908621 0.2908621 0.2870754 0.2669944 0.2849243 0.2849243 0.2803769 0.2556912 0.2945140 0.2628447 0.2547059 0.2682271 0.2790855 0.2661088 0.3859318 0.2585914 0.3189197 0.2644669 0.2380505 0.2244809 0.2265936 0.2243056 0.2561854 0.2615137 0.4129298 0.4238862 0.4094957 0.5841622 0.3267815 0.0000000 0.2874601 0.2874601 0.2844315 0.2933582 0.2926629 0.2863441 0.2863441 0.2793180 0.2850206 0.2919233 0.2874288 0.2968146 0.2857073 0.2877920 0.2643605 0.2824536 0.2601435 0.2653257 0.2603767 0.2648320 0.2646910 0.2581403 0.2629965 0.2955994 0.3193478 0.2571902 0.3204671 0.3204671 0.3233368 0.3354401 0.3247609 0.3207158 0.3149374 0.4046520 0.4616241 0.4056080 0.4674128 
Guangzhou_sobemo_like_virus_F1517C31F1016             0.2768808 0.2768808 0.2799163 0.2629116 0.2721495 0.2738443 0.2772258 0.2772258 0.2771948 0.2433417 0.2762137 0.2762137 0.2804646 0.2215784 0.2466016 0.2188419 0.2206617 0.2333572 0.2329428 0.2224544 0.2847870 0.2152999 0.2676931 0.2268591 0.2101500 0.2108188 0.2128698 0.2119559 0.2370680 0.2333729 0.3987990 0.3981557 0.3939975 0.4960522 0.2705058 0.2874601 0.0000000 0.0000010 0.0000010 0.0023701 0.0023609 0.0023528 0.0023528 0.0000010 0.0000010 0.0095636 0.0071476 0.0071360 0.0000010 0.0023618 0.2261423 0.2447376 0.2303580 0.2427200 0.2223892 0.2265706 0.2183938 0.2116195 0.2160784 0.3222882 0.3519962 0.2485898 0.3076565 0.3076565 0.3053399 0.3084054 0.3118465 0.3118465 0.3022830 0.3775806 0.3720002 0.3377593 0.4140467 
Guangzhou_sobemo_like_virus_F1517C31F1071             0.2768808 0.2768808 0.2799163 0.2629116 0.2721495 0.2738443 0.2772258 0.2772258 0.2771948 0.2433417 0.2762137 0.2762137 0.2804646 0.2215784 0.2466016 0.2188419 0.2206617 0.2333572 0.2329428 0.2224544 0.2847870 0.2152999 0.2676931 0.2268591 0.2101500 0.2108188 0.2128698 0.2119559 0.2370680 0.2333729 0.3987990 0.3981557 0.3939975 0.4960522 0.2705058 0.2874601 0.0000010 0.0000000 0.0000010 0.0023701 0.0023609 0.0023528 0.0023528 0.0000010 0.0000010 0.0095636 0.0071476 0.0071360 0.0000010 0.0023618 0.2261423 0.2447376 0.2303580 0.2427200 0.2223892 0.2265706 0.2183938 0.2116195 0.2160784 0.3222882 0.3519962 0.2485898 0.3076565 0.3076565 0.3053399 0.3084054 0.3118465 0.3118465 0.3022830 0.3775806 0.3720002 0.3377593 0.4140467 
MT361061_Guangzhou_sobemo-like_virus                  0.2739025 0.2739025 0.2799163 0.2598420 0.2690125 0.2708670 0.2742494 0.2742494 0.2742182 0.2397011 0.2732359 0.2732359 0.2774843 0.2179584 0.2417868 0.2148065 0.2170450 0.2297089 0.2282236 0.2179241 0.2774960 0.2113104 0.2628511 0.2224728 0.2060518 0.2072101 0.2092560 0.2083407 0.2334035 0.2297172 0.3956753 0.3947835 0.3907478 0.4926842 0.2674605 0.2844315 0.0000010 0.0000010 0.0000000 0.0023780 0.0023688 0.0023606 0.0023606 0.0000010 0.0000010 0.0095954 0.0071714 0.0071598 0.0000010 0.0023697 0.2269862 0.2458039 0.2312187 0.2436298 0.2232183 0.2274160 0.2192074 0.2124037 0.2168806 0.3191126 0.3488313 0.2456434 0.3046318 0.3046318 0.3022301 0.3051285 0.3088214 0.3088214 0.2992643 0.3732797 0.3677336 0.3335654 0.4108659 
Guangzhou_sobemo_like_virus_F1517C31F1171             0.2825961 0.2825961 0.2859730 0.2686874 0.2781304 0.2795331 0.2829402 0.2829402 0.2829094 0.2500077 0.2819223 0.2819223 0.2862125 0.2279975 0.2554735 0.2259720 0.2270665 0.2399402 0.2414656 0.2305076 0.2990268 0.2223110 0.2768877 0.2347068 0.2172997 0.2171165 0.2191955 0.2182757 0.2437160 0.2399681 0.4058445 0.4057580 0.4012852 0.4877550 0.2762957 0.2933582 0.0023701 0.0023701 0.0023780 0.0000000 0.0047689 0.0047524 0.0047524 0.0023899 0.0023880 0.0120704 0.0096233 0.0096076 0.0023913 0.0047705 0.2313039 0.2509513 0.2355617 0.2480464 0.2275128 0.2317348 0.2234800 0.2166200 0.2211264 0.3287775 0.3587237 0.2540192 0.3137134 0.3137134 0.3115479 0.3149760 0.3179392 0.3179392 0.3082833 0.3870440 0.3813223 0.3291702 0.4213539 
Guangzhou_sobemo_like_virus_F1517C31F1070             0.2794383 0.2794383 0.2826266 0.2654938 0.2748247 0.2763895 0.2797829 0.2797829 0.2797520 0.2463155 0.2787682 0.2787682 0.2830372 0.2244338 0.2466016 0.2220108 0.2235103 0.2362908 0.2329428 0.2224544 0.2847870 0.2184139 0.2676931 0.2268591 0.2165435 0.2164512 0.2185247 0.2176066 0.2314565 0.2277987 0.4019895 0.4015973 0.3972951 0.5033600 0.2756277 0.2926629 0.0023609 0.0023609 0.0023688 0.0047689 0.0000000 0.0047344 0.0047344 0.0023806 0.0023787 0.0120261 0.0095875 0.0095719 0.0023820 0.0047523 0.2307456 0.2447376 0.2349950 0.2474550 0.2269622 0.2311758 0.2229371 0.2160927 0.2205898 0.3234753 0.3532312 0.2534112 0.3103720 0.3103720 0.3081225 0.3113507 0.3145788 0.3145788 0.3049722 0.3858310 0.3733498 0.3416936 0.4135834 
Guangzhou_sobemo_like_virus_F1517C31F1073             0.2758112 0.2758112 0.2799163 0.2629116 0.2710362 0.2727830 0.2761559 0.2761559 0.2761249 0.2421432 0.2751460 0.2751460 0.2793847 0.2204576 0.2450050 0.2176032 0.2195450 0.2321889 0.2314352 0.2210498 0.2821296 0.2140882 0.2659972 0.2254813 0.2089249 0.2097372 0.2117798 0.2108685 0.2358823 0.2322022 0.3973276 0.3965698 0.3924818 0.5003548 0.2733769 0.2863441 0.0023528 0.0023528 0.0023606 0.0047524 0.0047344 0.0000000 0.0000010 0.0000010 0.0023704 0.0119850 0.0095547 0.0095392 0.0023737 0.0047360 0.2252334 0.2436178 0.2294364 0.2417613 0.2214919 0.2256607 0.2175082 0.2107578 0.2152026 0.3210187 0.3506447 0.2476054 0.3079481 0.3079481 0.3056411 0.3087207 0.3121356 0.3121356 0.3025773 0.3771695 0.3649124 0.3360256 0.4125024 
Guangzhou_sobemo_like_virus_F1517C31F1352             0.2758112 0.2758112 0.2799163 0.2629116 0.2710362 0.2727830 0.2761559 0.2761559 0.2761249 0.2421432 0.2751460 0.2751460 0.2793847 0.2204576 0.2450050 0.2176032 0.2195450 0.2321889 0.2314352 0.2210498 0.2821296 0.2140882 0.2659972 0.2254813 0.2089249 0.2097372 0.2117798 0.2108685 0.2358823 0.2322022 0.3973276 0.3965698 0.3924818 0.5003548 0.2733769 0.2863441 0.0023528 0.0023528 0.0023606 0.0047524 0.0047344 0.0000010 0.0000000 0.0000010 0.0023704 0.0119850 0.0095547 0.0095392 0.0023737 0.0047360 0.2252334 0.2436178 0.2294364 0.2417613 0.2214919 0.2256607 0.2175082 0.2107578 0.2152026 0.3210187 0.3506447 0.2476054 0.3079481 0.3079481 0.3056411 0.3087207 0.3121356 0.3121356 0.3025773 0.3771695 0.3649124 0.3360256 0.4125024 
MT361059_Guangzhou_sobemo-like_virus                  0.2689167 0.2689167 0.2763206 0.2593972 0.2637809 0.2658945 0.2692652 0.2692652 0.2692338 0.2337687 0.2682530 0.2682530 0.2724808 0.2121605 0.2339283 0.2083594 0.2112563 0.2238100 0.2206032 0.2106684 0.2652643 0.2049546 0.2548150 0.2154225 0.1995529 0.2014815 0.2035094 0.2025963 0.2274611 0.2238053 0.3859415 0.3842870 0.3806685 0.4883118 0.2636414 0.2793180 0.0000010 0.0000010 0.0000010 0.0023899 0.0023806 0.0000010 0.0000010 0.0000000 0.0000010 0.0047743 0.0023785 0.0023746 0.0000010 0.0000010 0.2157244 0.2323612 0.2198827 0.2320795 0.2120246 0.2161505 0.2080792 0.2014372 0.2058275 0.3138962 0.3435246 0.2410518 0.2951629 0.2951629 0.2925213 0.2948681 0.2993077 0.2993077 0.2898692 0.3743681 0.3706957 0.3343034 0.4062040 
MT361055_Guangzhou_sobemo-like_virus                  0.2677643 0.2677643 0.2702808 0.2536075 0.2625803 0.2647499 0.2681127 0.2681127 0.2680813 0.2324678 0.2671023 0.2671023 0.2713189 0.2109366 0.2322070 0.2070092 0.2100365 0.2225380 0.2189715 0.2091430 0.2624665 0.2036324 0.2529974 0.2153791 0.1995124 0.2014458 0.2034736 0.2025606 0.2274248 0.2243724 0.3926905 0.3915616 0.3823920 0.4861231 0.2623555 0.2850206 0.0000010 0.0000010 0.0000010 0.0023880 0.0023787 0.0023704 0.0023704 0.0000010 0.0000000 0.0047705 0.0023766 0.0023728 0.0000010 0.0000010 0.2206851 0.2383151 0.2248834 0.2325418 0.2169488 0.2211135 0.2129679 0.2062436 0.2062436 0.3125513 0.3421085 0.2412154 0.2961759 0.2961759 0.2935602 0.2959653 0.3003251 0.3003251 0.2908749 0.3744340 0.3688504 0.3324527 0.4046161 
MT096519_Wenzhou_sobemo-like_virus_4                  0.2812249 0.2812249 0.2845133 0.2673271 0.2767036 0.2781737 0.2815686 0.2815686 0.2815378 0.2540801 0.2805539 0.2805539 0.2848271 0.2320063 0.2608771 0.2304372 0.2310701 0.2440016 0.2467264 0.2355318 0.2964232 0.2267183 0.2823777 0.2395808 0.2218203 0.2210957 0.2231832 0.2222637 0.2478020 0.2384431 0.3988505 0.3982128 0.3940621 0.5020212 0.2749182 0.2919233 0.0095636 0.0095636 0.0095954 0.0120704 0.0120261 0.0119850 0.0119850 0.0047743 0.0047705 0.0000000 0.0023558 0.0023576 0.0023799 0.0071268 0.2353943 0.2557530 0.2396615 0.2521745 0.2315946 0.2358248 0.2275553 0.2206671 0.2251850 0.3271460 0.3569497 0.2476342 0.3088264 0.3088264 0.3065417 0.3096729 0.3130183 0.3130183 0.3034485 0.3858657 0.3801651 0.3454555 0.4228293 
MZ556263_Sichuan_mosquito_sobemo-like_virus           0.2768509 0.2768509 0.2798845 0.2628820 0.2721184 0.2738146 0.2771959 0.2771959 0.2771649 0.2488674 0.2761839 0.2761839 0.2804343 0.2269364 0.2539421 0.2247969 0.2260095 0.2388310 0.2400245 0.2291697 0.2964232 0.2211629 0.2752551 0.2333943 0.2161389 0.2160949 0.2181656 0.2172484 0.2425893 0.2388569 0.3937164 0.3926763 0.3887459 0.4959727 0.2704758 0.2874288 0.0071476 0.0071476 0.0071714 0.0096233 0.0095875 0.0095547 0.0095547 0.0023785 0.0023766 0.0023558 0.0000000 0.0047333 0.0023799 0.0047343 0.2313322 0.2509016 0.2355742 0.2480138 0.2275553 0.2317614 0.2235380 0.2167046 0.2211933 0.3222690 0.3519438 0.2434661 0.3134600 0.3134600 0.3112944 0.3146972 0.3176724 0.3176724 0.3080475 0.3930040 0.3872092 0.3521516 0.4282953 
NC_033138_Wenzhou_sobemo-like_virus_4                 0.2859794 0.2859794 0.2895490 0.2721502 0.2816860 0.2829098 0.2863218 0.2863218 0.2862912 0.2540801 0.2853034 0.2853034 0.2896042 0.2320063 0.2608771 0.2304372 0.2310701 0.2440016 0.2467264 0.2355318 0.2964232 0.2267183 0.2823777 0.2395808 0.2218203 0.2210957 0.2231832 0.2222637 0.2478020 0.2384431 0.4045149 0.4043234 0.3999253 0.5087759 0.2797415 0.2968146 0.0071360 0.0071360 0.0071598 0.0096076 0.0095719 0.0095392 0.0095392 0.0023746 0.0023728 0.0023576 0.0047333 0.0000000 0.0000010 0.0047267 0.2308909 0.2503486 0.2351253 0.2475425 0.2271210 0.2313195 0.2231107 0.2162912 0.2207716 0.3262823 0.3560493 0.2521409 0.3036852 0.3036852 0.3012715 0.3041001 0.3078500 0.3078500 0.2983509 0.3858657 0.3801651 0.3454555 0.4166385 
MT361053_Guangzhou_sobemo-like_virus                  0.2750890 0.2750890 0.2780460 0.2609725 0.2702296 0.2720336 0.2754373 0.2754373 0.2754060 0.2408884 0.2744179 0.2744179 0.2786946 0.2189750 0.2433827 0.2159146 0.2180538 0.2308225 0.2296531 0.2191988 0.2783248 0.2123771 0.2646734 0.2237478 0.2071035 0.2081437 0.2102061 0.2092844 0.2345503 0.2218401 0.3937142 0.3926635 0.3886957 0.4957842 0.2686317 0.2857073 0.0000010 0.0000010 0.0000010 0.0023913 0.0023820 0.0023737 0.0023737 0.0000010 0.0000010 0.0023799 0.0023799 0.0000010 0.0000000 0.0000010 0.2211765 0.2389420 0.2253861 0.2377332 0.2174301 0.2216060 0.2134389 0.2066951 0.2111427 0.3163553 0.3461840 0.2468779 0.2980049 0.2980049 0.2954241 0.2979464 0.3021804 0.3021804 0.2926672 0.3777758 0.3655671 0.3373986 0.4090134 
Guangzhou_sobemo_like_virus_F1517C31F1017             0.2771972 0.2771972 0.2802531 0.2632241 0.2724781 0.2741577 0.2775424 0.2775424 0.2775114 0.2436897 0.2765295 0.2765295 0.2807846 0.2218996 0.2470668 0.2191964 0.2209816 0.2336945 0.2333783 0.2228575 0.2855795 0.2156459 0.2681932 0.2272556 0.2104988 0.2111268 0.2131805 0.2122657 0.2374110 0.2337108 0.3942077 0.3932053 0.3892511 0.4966328 0.2708231 0.2877920 0.0023618 0.0023618 0.0023697 0.0047705 0.0047523 0.0047360 0.0047360 0.0000010 0.0000010 0.0071268 0.0047343 0.0047267 0.0000010 0.0000000 0.2228468 0.2407572 0.2270315 0.2393040 0.2191221 0.2232731 0.2151550 0.2084436 0.2128668 0.3165695 0.3460785 0.2437733 0.3037331 0.3037331 0.3013205 0.3041521 0.3078983 0.3078983 0.2983982 0.3859453 0.3802434 0.3455281 0.4167001 
