47
MZ396021_Solemoviridae_sp.                                         0.0000000 0.0103682 0.0864382 0.1599114 0.2748195 0.3016209 0.2706050 0.7595603 0.9663552 0.9621348 0.9542093 0.9735675 0.9055176 0.9600880 1.3700661 0.9977869 1.1097494 1.1541907 1.2272619 1.3142549 1.0431858 1.1759936 1.1936109 1.2268122 1.1127123 1.2162900 1.5133388 1.5115482 1.5252548 1.5209913 1.4003886 1.8107280 2.5347104 1.3498462 1.4306451 1.6631350 1.4588949 1.1533670 1.3978716 1.8505401 1.9675659 1.9016056 2.2270022 1.4195966 1.4234458 1.8403658 1.3252321 
NC_033713_Wuhan_insect_virus_34                                    0.0103682 0.0000000 0.0896417 0.1560659 0.2697925 0.3006026 0.2696678 0.7714683 0.9513990 0.9675901 0.9544403 0.9737820 0.9137422 0.9709011 1.3635442 0.9941033 1.1083476 1.1590484 1.2199416 1.2990859 1.0405777 1.1690915 1.1866919 1.2175298 1.1252847 1.2308800 1.5326034 1.5308003 1.5447687 1.5403615 1.4092283 1.8264257 2.4968771 1.3496438 1.4289329 1.6809376 1.4668165 1.1560025 1.4032820 1.8653518 1.9680882 1.8980611 2.2165878 1.4495821 1.4441785 1.8689450 1.3433208 
MW199225_Virus_sp.                                                 0.0864382 0.0896417 0.0000000 0.1785768 0.2704468 0.2789567 0.2619635 0.7599030 0.9716211 0.9830131 0.9227534 0.9377798 0.8781716 0.9746419 1.4147606 1.0615492 1.1727923 1.2083261 1.2151708 1.2904952 1.0437822 1.1944356 1.2123602 1.2460132 1.1376316 1.2263659 1.5268303 1.5265395 1.5456892 1.5329014 1.3564752 1.7633943 2.6440713 1.3542644 1.4457103 1.6473164 1.4312059 1.2349623 1.4218082 1.9020467 1.9762818 1.9475296 2.2954359 1.4675879 1.4582159 1.8604517 1.3849584 
MZ395979_Solemoviridae_sp.                                         0.1599114 0.1560659 0.1785768 0.0000000 0.2458198 0.2448366 0.1922948 0.7764887 0.7894429 0.9337629 0.9702107 0.9702107 0.9682876 0.7572400 1.3658161 0.9911019 1.0875717 1.0821813 1.1028274 1.0268525 0.9256562 1.0714898 1.0723910 1.0568902 1.0671132 1.1735320 1.5045930 1.5041593 1.5675745 1.5041593 1.1488995 1.8821576 2.3031246 1.2565383 1.4801935 1.7438137 1.3147684 1.1221981 1.2269172 1.7944682 1.8131191 1.6549557 2.1829155 1.2956186 1.4429879 1.8410484 1.1448879 
MW199220_Virus_sp.                                                 0.2748195 0.2697925 0.2704468 0.2458198 0.0000000 0.1349712 0.2461434 0.8389490 0.8911155 0.9802211 1.0129813 1.0129813 1.0362623 0.9512187 1.4859480 1.0173134 1.1895985 1.1643098 1.1895254 1.0773283 1.0274721 1.2332706 1.2338876 1.1996859 1.1186214 1.1798578 1.4878063 1.4873556 1.5530540 1.4873556 1.1534621 1.7125708 2.1183961 1.3449769 1.4012629 1.6981864 1.3679967 1.2942874 1.3188241 1.7741612 1.8261260 1.5884186 1.9732908 1.3302844 1.4491151 1.7887642 1.2785058 
MZ396026_Solemoviridae_sp.                                         0.3016209 0.3006026 0.2789567 0.2448366 0.1349712 0.0000000 0.0726926 0.7654194 0.9434915 1.0212794 0.9334801 0.9446776 0.9949775 0.9792740 1.4092547 0.9677032 1.2031037 1.2513739 1.1247918 1.2126435 1.0401077 1.2387866 1.2569518 1.2323367 1.2812328 1.3428879 1.4896333 1.4893453 1.5163142 1.5009612 1.5221243 1.8694968 2.7186465 1.4678507 1.4582189 1.5726499 1.5532815 1.3845713 1.4880422 1.9975279 2.1058608 1.9096218 2.2150644 1.3372713 1.4143999 1.8196910 1.4875762 
MW199224_Virus_sp.                                                 0.2706050 0.2696678 0.2619635 0.1922948 0.2461434 0.0726926 0.0000000 0.7625737 0.9413652 1.0303811 0.8834357 0.8941681 0.9655880 0.9272173 1.4096931 0.9849124 1.1652357 1.2404648 1.1446866 1.2148001 1.0072461 1.2422400 1.2604158 1.2534986 1.3017420 1.3498478 1.5280582 1.5212248 1.5490064 1.5331619 1.5074661 1.8795310 2.7121957 1.4515685 1.5000649 1.7069993 1.5288305 1.3200018 1.4705474 1.9889788 2.0966332 1.9351286 2.2263025 1.4152144 1.4230134 1.8615648 1.4513898 
NC_033489_Wuhan_house_centipede_virus_5                            0.7595603 0.7714683 0.7599030 0.7764887 0.8389490 0.7654194 0.7625737 0.0000000 1.0217046 1.1493680 0.8431393 0.8548036 0.8653654 0.9064268 1.2359104 0.9202058 1.0753390 1.0832281 1.0570261 1.0393956 1.0268390 1.1459979 1.1574946 1.1942633 1.0453423 1.1597350 1.3648640 1.3660459 1.3879798 1.3657689 1.4298661 2.0216162 2.6013117 1.3170009 1.3433061 1.6418553 1.3992693 1.1776819 1.4080772 2.0184016 1.8819437 1.7176736 2.2352264 1.4864316 1.2838962 1.7878194 1.4763271 
MW239390_Riboviria_sp.                                             0.9663552 0.9513990 0.9716211 0.7894429 0.8911155 0.9434915 0.9413652 1.0217046 0.0000000 0.4306350 0.9475356 0.9475356 0.9069597 0.8149588 1.0626368 0.7885892 0.8643058 0.8688129 0.8267689 0.8173903 0.9055745 0.8437729 0.8437729 0.9490874 0.9889496 1.2029185 1.4127844 1.4127844 1.4127844 1.4127844 1.2150033 1.7513991 2.3911723 1.0536415 1.2094566 1.3881522 1.2311337 0.9154735 1.1181645 1.5177126 1.4626537 1.1713109 1.7753392 1.1219659 1.0947053 1.4274905 1.1976477 
MZ443595_Leuven_Sobemo-like_virus_2                                0.9621348 0.9675901 0.9830131 0.9337629 0.9802211 1.0212794 1.0303811 1.1493680 0.4306350 0.0000000 1.0410271 1.0437596 0.8805101 1.0136089 1.1959989 0.8647695 1.0108019 1.0707149 1.0586529 1.0498074 0.8896701 1.2626269 1.2670948 1.3069092 1.0602034 1.2375974 1.4912515 1.4899826 1.5181687 1.4789805 1.4379289 1.7677934 2.4322152 1.2581807 1.2591221 1.5228755 1.3794916 1.1020105 1.4961888 1.8568079 2.0035609 1.7690089 2.0725125 1.4880413 1.2469648 1.7901704 1.5053414 
MT138167_Solemoviridae_sp.                                         0.9542093 0.9544403 0.9227534 0.9702107 1.0129813 0.9334801 0.8834357 0.8431393 0.9475356 1.0410271 0.0000000 0.0058042 0.3152409 0.5396857 0.8860234 0.6241126 0.8368654 0.7821802 0.7112865 0.7931650 0.7529756 0.8444691 0.8564849 0.8323536 1.0201753 1.0060836 1.0860257 1.0860257 1.0846704 1.0632823 1.1059318 1.5782038 2.0587066 1.1161999 1.1157750 1.2370438 1.3743888 0.9480863 1.0709342 1.4738502 1.4686504 1.5316320 1.9537496 1.0056326 0.9928859 1.3209009 1.2230701 
MT138168_Solemoviridae_sp.                                         0.9735675 0.9737820 0.9377798 0.9702107 1.0129813 0.9446776 0.8941681 0.8548036 0.9475356 1.0437596 0.0058042 0.0000000 0.3224832 0.5388764 0.8963803 0.6241126 0.8483694 0.7930753 0.7239982 0.7916792 0.7529756 0.8621287 0.8742485 0.8505179 1.0230380 1.0184752 1.0756747 1.0756747 1.0977310 1.0760429 1.0936729 1.5772583 2.0593894 1.1104755 1.1220142 1.2440647 1.3795695 0.9480863 1.0653778 1.5023506 1.4837290 1.5475942 1.9690650 1.0007568 0.9928859 1.3126116 1.2471310 
NC_032233_Hubei_sobemo-like_virus_49                               0.9055176 0.9137422 0.8781716 0.9682876 1.0362623 0.9949775 0.9655880 0.8653654 0.9069597 0.8805101 0.3152409 0.3224832 0.0000000 0.5202295 0.8548334 0.6293570 0.8134105 0.7777986 0.7060007 0.7396630 0.7663147 0.8349808 0.8471353 0.8367998 1.0150199 0.9711519 1.1066758 1.1066758 1.1098110 1.1003752 1.2348176 1.5255706 1.9748441 1.1982153 1.2424658 1.2820615 1.2028386 0.9296424 1.0552157 1.5736515 1.7035809 1.5639718 1.7557353 1.0935401 1.0025609 1.4380190 1.2139003 
MW826514_Solemoviridae_sp.                                         0.9600880 0.9709011 0.9746419 0.7572400 0.9512187 0.9792740 0.9272173 0.9064268 0.8149588 1.0136089 0.5396857 0.5388764 0.5202295 0.0000000 0.8654891 0.6363938 0.6633402 0.7370031 0.6423078 0.6944606 0.7415075 0.7695515 0.7741362 0.8508378 0.9222696 0.9120253 1.0190965 1.0190965 1.0366697 1.0274251 1.2290172 1.5724329 2.0393438 1.0771157 1.3667636 1.1147234 1.2773624 0.8108946 1.0476789 1.4179176 1.4402919 1.4952447 1.8656112 0.9596572 0.8024255 1.2277890 1.1972206 
MN627439_Erysiphe_necator_associated_sobemo-like_virus_3           1.3700661 1.3635442 1.4147606 1.3658161 1.4859480 1.4092547 1.4096931 1.2359104 1.0626368 1.1959989 0.8860234 0.8963803 0.8548334 0.8654891 0.0000000 0.6871450 0.9295087 0.8644051 0.9900990 0.9161981 0.9664267 1.0192021 1.0269318 1.0065478 0.9562663 1.2036449 1.2763947 1.2686379 1.2952862 1.2554767 1.4431593 1.9135088 2.4420947 1.4539403 1.7222601 1.5170301 1.5374946 1.1300507 1.4181179 1.8186704 1.7956757 1.6397636 2.1168217 1.3029843 1.0586604 1.5336004 1.4543528 
MW239343_Riboviria_sp.                                             0.9977869 0.9941033 1.0615492 0.9911019 1.0173134 0.9677032 0.9849124 0.9202058 0.7885892 0.8647695 0.6241126 0.6241126 0.6293570 0.6363938 0.6871450 0.0000000 0.6860821 0.7674564 0.7044739 0.6488864 0.7383459 0.7743164 0.7823506 0.7713516 0.8180708 1.0707011 1.2770740 1.2770740 1.3236425 1.2770740 0.9632938 1.4753330 1.9982869 1.0810353 1.1558624 1.0729380 1.1289501 1.0067887 1.0002909 1.5246416 1.5433784 1.2032103 1.6222045 1.1377454 0.8392183 1.1751494 1.2561716 
MZ375169_Riboviria_sp.                                             1.1097494 1.1083476 1.1727923 1.0875717 1.1895985 1.2031037 1.1652357 1.0753390 0.8643058 1.0108019 0.8368654 0.8483694 0.8134105 0.6633402 0.9295087 0.6860821 0.0000000 0.2346318 0.4975516 0.5188260 0.8227567 0.6884487 0.6897761 0.7152352 0.8524961 1.0691126 1.2178144 1.2185579 1.2381138 1.2044405 1.3012192 1.4645528 1.9221305 1.1324263 1.2460785 1.1636434 1.1344474 0.9016431 1.0627743 1.2585942 1.2972592 1.1869238 1.6188773 1.1507873 0.9076257 1.3199896 1.1889211 
NC_032232_Hubei_sobemo-like_virus_48                               1.1541907 1.1590484 1.2083261 1.0821813 1.1643098 1.2513739 1.2404648 1.0832281 0.8688129 1.0707149 0.7821802 0.7930753 0.7777986 0.7370031 0.8644051 0.7674564 0.2346318 0.0000000 0.4569669 0.5192851 0.8106594 0.7532300 0.7509458 0.7260521 0.8865557 1.0812722 1.1522079 1.1528694 1.1866224 1.1402949 1.3928650 1.5507404 1.9152004 1.1413207 1.3572520 1.2509786 1.2124439 0.8205908 1.0548513 1.3234402 1.2671735 1.3316882 1.9665905 1.2320131 0.9732637 1.5377708 1.2314334 
KU754509_La_Tardoire_virus                                         1.2272619 1.2199416 1.2151708 1.1028274 1.1895254 1.1247918 1.1446866 1.0570261 0.8267689 1.0586529 0.7112865 0.7239982 0.7060007 0.6423078 0.9900990 0.7044739 0.4975516 0.4569669 0.0000000 0.4985003 0.6604586 0.7184031 0.7195887 0.7016200 0.8753389 1.0246466 1.1787059 1.1799398 1.2128234 1.1687127 1.2419079 1.6275992 2.0427930 1.0676401 1.1896728 1.2429585 1.2394862 1.0534563 1.1951380 1.4039567 1.5050552 1.4595154 1.9833241 1.3132658 0.9423508 1.4681614 1.3674697 
MF893251_Medway_virus                                              1.3142549 1.2990859 1.2904952 1.0268525 1.0773283 1.2126435 1.2148001 1.0393956 0.8173903 1.0498074 0.7931650 0.7916792 0.7396630 0.6944606 0.9161981 0.6488864 0.5188260 0.5192851 0.4985003 0.0000000 0.6704760 0.6873596 0.6956407 0.6520803 0.8483467 1.0274363 1.2055522 1.2062121 1.2587379 1.2150253 1.2847504 1.6694646 2.3373606 1.2321388 1.3415301 1.1658190 1.1297444 0.9320007 1.1516672 1.4811667 1.4949601 1.2882727 1.9174723 1.2846272 0.9198717 1.6835583 1.4810145 
MW239498_Riboviria_sp.                                             1.0431858 1.0405777 1.0437822 0.9256562 1.0274721 1.0401077 1.0072461 1.0268390 0.9055745 0.8896701 0.7529756 0.7529756 0.7663147 0.7415075 0.9664267 0.7383459 0.8227567 0.8106594 0.6604586 0.6704760 0.0000000 0.7715603 0.7729368 0.7943106 0.9084939 0.8957266 0.9776007 0.9776007 0.9992988 0.9776007 1.1519620 1.3488798 2.1531580 0.9136774 1.1356360 1.1669416 1.0941891 1.0432950 1.0421257 1.2535920 1.3295742 1.1346455 1.6123026 1.2234421 0.9748297 1.1889573 1.2875721 
MN661085_Atrato_Sobemo-like_virus_1                                1.1759936 1.1690915 1.1944356 1.0714898 1.2332706 1.2387866 1.2422400 1.1459979 0.8437729 1.2626269 0.8444691 0.8621287 0.8349808 0.7695515 1.0192021 0.7743164 0.6884487 0.7532300 0.7184031 0.6873596 0.7715603 0.0000000 0.0025610 0.0977205 0.8248045 1.0202201 1.2667192 1.2673650 1.2880246 1.2544093 1.2111165 1.8479813 2.4173528 1.0625503 1.2802336 1.5094159 1.2654022 0.8816173 1.1636237 1.6605750 1.5782798 1.6109917 1.8663512 1.2279983 1.0949642 1.6657435 1.3287299 
MN661087_Atrato_Sobemo-like_virus_1                                1.1936109 1.1866919 1.2123602 1.0723910 1.2338876 1.2569518 1.2604158 1.1574946 0.8437729 1.2670948 0.8564849 0.8742485 0.8471353 0.7741362 1.0269318 0.7823506 0.6897761 0.7509458 0.7195887 0.6956407 0.7729368 0.0025610 0.0000000 0.0970654 0.8350041 1.0311282 1.2751992 1.2758450 1.2966352 1.2628455 1.2321103 1.8602604 2.4223443 1.0645315 1.2846805 1.5157312 1.2553060 0.8828969 1.1641213 1.6825429 1.5884830 1.6107809 1.8714401 1.2231736 1.0956057 1.6876250 1.3290119 
MW520380_Evros_sobemo-like_virus                                   1.2268122 1.2175298 1.2460132 1.0568902 1.1996859 1.2323367 1.2534986 1.1942633 0.9490874 1.3069092 0.8323536 0.8505179 0.8367998 0.8508378 1.0065478 0.7713516 0.7152352 0.7260521 0.7016200 0.6520803 0.7943106 0.0977205 0.0970654 0.0000000 0.8537990 1.0251913 1.2774270 1.2780969 1.3124660 1.2646024 1.1548600 1.7504963 2.2606283 1.0924854 1.2973285 1.5753913 1.2368523 0.9222566 1.1890719 1.6413428 1.5268717 1.6481272 1.7411460 1.2338981 1.1047464 1.7451539 1.3674776 
MN609861_Leveillula_taurica_associated_sobemo-like_virus_1         1.1127123 1.1252847 1.1376316 1.0671132 1.1186214 1.2812328 1.3017420 1.0453423 0.9889496 1.0602034 1.0201753 1.0230380 1.0150199 0.9222696 0.9562663 0.8180708 0.8524961 0.8865557 0.8753389 0.8483467 0.9084939 0.8248045 0.8350041 0.8537990 0.0000000 1.0355661 1.2496956 1.2496956 1.2661830 1.2355030 1.2826149 1.8099228 2.2461409 1.2484433 1.3419232 1.3987531 1.2798293 1.0169365 1.1564664 1.5872427 1.5606507 1.4745287 1.6994113 1.4229736 1.1538012 1.6405641 1.3806165 
MW239506_Riboviria_sp.                                             1.2162900 1.2308800 1.2263659 1.1735320 1.1798578 1.3428879 1.3498478 1.1597350 1.2029185 1.2375974 1.0060836 1.0184752 0.9711519 0.9120253 1.2036449 1.0707011 1.0691126 1.0812722 1.0246466 1.0274363 0.8957266 1.0202201 1.0311282 1.0251913 1.0355661 0.0000000 1.2064522 1.2053691 1.2102371 1.1954915 1.4609746 1.7107916 1.9392950 0.9787759 1.3226773 1.2622026 1.1473591 1.0652263 1.0389278 1.5622109 1.4842114 1.5552871 1.7576464 1.0779246 1.0846632 1.5389722 1.3888640 
OL700122_XiangYun_luteo-sobemo-like_virus_1                        1.5133388 1.5326034 1.5268303 1.5045930 1.4878063 1.4896333 1.5280582 1.3648640 1.4127844 1.4912515 1.0860257 1.0756747 1.1066758 1.0190965 1.2763947 1.2770740 1.2178144 1.1522079 1.1787059 1.2055522 0.9776007 1.2667192 1.2751992 1.2774270 1.2496956 1.2064522 0.0000000 0.0025562 0.0182951 0.0102973 1.6016225 2.1053900 2.6175081 1.2056518 1.4477533 1.5704768 1.6085378 1.1969239 1.5769565 1.6681874 1.5513157 1.7506023 1.9026532 1.5157043 1.3548267 1.7282666 1.6085062 
OL700123_XiangYun_luteo-sobemo-like_virus_1                        1.5115482 1.5308003 1.5265395 1.5041593 1.4873556 1.4893453 1.5212248 1.3660459 1.4127844 1.4899826 1.0860257 1.0756747 1.1066758 1.0190965 1.2686379 1.2770740 1.2185579 1.1528694 1.1799398 1.2062121 0.9776007 1.2673650 1.2758450 1.2780969 1.2496956 1.2053691 0.0025562 0.0000000 0.0156504 0.0077075 1.5996416 2.1035206 2.6151958 1.2127642 1.4558350 1.5701755 1.5993901 1.1866850 1.5857549 1.6689112 1.5427906 1.7502786 1.9129752 1.5163949 1.3458778 1.7279501 1.5995012 
MW520373_Thassos_sobemo-like_virus                                 1.5252548 1.5447687 1.5456892 1.5675745 1.5530540 1.5163142 1.5490064 1.3879798 1.4127844 1.5181687 1.0846704 1.0977310 1.1098110 1.0366697 1.2952862 1.3236425 1.2381138 1.1866224 1.2128234 1.2587379 0.9992988 1.2880246 1.2966352 1.3124660 1.2661830 1.2102371 0.0182951 0.0156504 0.0000000 0.0182805 1.6614410 2.1452496 2.6641700 1.2222783 1.4466318 1.6128610 1.6306899 1.2344157 1.6345439 1.6811183 1.5652688 1.7995369 1.9579170 1.5620762 1.3890385 1.7697654 1.6265308 
OL700124_XiangYun_luteo-sobemo-like_virus_1                        1.5209913 1.5403615 1.5329014 1.5041593 1.4873556 1.5009612 1.5331619 1.3657689 1.4127844 1.4789805 1.0632823 1.0760429 1.1003752 1.0274251 1.2554767 1.2770740 1.2044405 1.1402949 1.1687127 1.2150253 0.9776007 1.2544093 1.2628455 1.2646024 1.2355030 1.1954915 0.0102973 0.0077075 0.0182805 0.0000000 1.5778806 2.1045269 2.6079220 1.2122084 1.4539817 1.5585546 1.5907511 1.1866850 1.5897824 1.6338414 1.5273744 1.7563456 1.9197609 1.5210917 1.3458778 1.7347979 1.6096450 
MZ771233_Solemoviridae_sp.                                         1.4003886 1.4092283 1.3564752 1.1488995 1.1534621 1.5221243 1.5074661 1.4298661 1.2150033 1.4379289 1.1059318 1.0936729 1.2348176 1.2290172 1.4431593 0.9632938 1.3012192 1.3928650 1.2419079 1.2847504 1.1519620 1.2111165 1.2321103 1.1548600 1.2826149 1.4609746 1.6016225 1.5996416 1.6614410 1.5778806 0.0000000 1.9232083 2.7207815 1.3991219 1.5170739 1.6821008 1.5712339 1.1335940 1.3716411 1.6441977 1.7140382 1.6348335 1.9393316 1.3423242 1.3528608 1.8104629 1.6055400 
MW239189_Riboviria_sp.                                             1.8107280 1.8264257 1.7633943 1.8821576 1.7125708 1.8694968 1.8795310 2.0216162 1.7513991 1.7677934 1.5782038 1.5772583 1.5255706 1.5724329 1.9135088 1.4753330 1.4645528 1.5507404 1.6275992 1.6694646 1.3488798 1.8479813 1.8602604 1.7504963 1.8099228 1.7107916 2.1053900 2.1035206 2.1452496 2.1045269 1.9232083 0.0000000 2.3351333 1.6643312 1.8070488 1.9802905 1.6146437 1.5906155 1.6481487 2.2355054 2.1304767 2.4204201 2.3266576 1.6817429 1.5108110 1.8347286 1.9432083 
NC_033472_Wuhan_insect_virus_17                                    2.5347104 2.4968771 2.6440713 2.3031246 2.1183961 2.7186465 2.7121957 2.6013117 2.3911723 2.4322152 2.0587066 2.0593894 1.9748441 2.0393438 2.4420947 1.9982869 1.9221305 1.9152004 2.0427930 2.3373606 2.1531580 2.4173528 2.4223443 2.2606283 2.2461409 1.9392950 2.6175081 2.6151958 2.6641700 2.6079220 2.7207815 2.3351333 0.0000000 2.1182501 1.9801380 2.6571065 2.2341126 1.9353992 2.4031953 2.4816611 2.6984357 2.6025586 2.5384859 2.3483528 2.2034082 2.7056874 2.5014440 
NC_032191_Hubei_sobemo-like_virus_47                               1.3498462 1.3496438 1.3542644 1.2565383 1.3449769 1.4678507 1.4515685 1.3170009 1.0536415 1.2581807 1.1161999 1.1104755 1.1982153 1.0771157 1.4539403 1.0810353 1.1324263 1.1413207 1.0676401 1.2321388 0.9136774 1.0625503 1.0645315 1.0924854 1.2484433 0.9787759 1.2056518 1.2127642 1.2222783 1.2122084 1.3991219 1.6643312 2.1182501 0.0000000 0.6559030 0.9221931 1.1384984 0.7782367 0.9837717 1.3498843 1.2892446 1.2732215 2.0934280 1.3074734 1.0859934 1.2675695 1.2370873 
NC_032195_Hubei_sobemo-like_virus_46                               1.4306451 1.4289329 1.4457103 1.4801935 1.4012629 1.4582189 1.5000649 1.3433061 1.2094566 1.2591221 1.1157750 1.1220142 1.2424658 1.3667636 1.7222601 1.1558624 1.2460785 1.3572520 1.1896728 1.3415301 1.1356360 1.2802336 1.2846805 1.2973285 1.3419232 1.3226773 1.4477533 1.4558350 1.4466318 1.4539817 1.5170739 1.8070488 1.9801380 0.6559030 0.0000000 1.1526435 1.2890058 1.1602402 1.1915332 1.6373072 1.7834122 1.5961165 2.1361340 1.4729283 1.2941174 1.6347446 1.8651350 
Poterfers_virus_F1276C48F1276                                      1.6631350 1.6809376 1.6473164 1.7438137 1.6981864 1.5726499 1.7069993 1.6418553 1.3881522 1.5228755 1.2370438 1.2440647 1.2820615 1.1147234 1.5170301 1.0729380 1.1636434 1.2509786 1.2429585 1.1658190 1.1669416 1.5094159 1.5157312 1.5753913 1.3987531 1.2622026 1.5704768 1.5701755 1.6128610 1.5585546 1.6821008 1.9802905 2.6571065 0.9221931 1.1526435 0.0000000 1.1595498 1.1856023 1.1267543 1.8074800 1.7214166 1.6101472 2.3067852 1.4897786 1.3096957 1.3372662 1.8112049 
MT138166_Solemoviridae_sp.                                         1.4588949 1.4668165 1.4312059 1.3147684 1.3679967 1.5532815 1.5288305 1.3992693 1.2311337 1.3794916 1.3743888 1.3795695 1.2028386 1.2773624 1.5374946 1.1289501 1.1344474 1.2124439 1.2394862 1.1297444 1.0941891 1.2654022 1.2553060 1.2368523 1.2798293 1.1473591 1.6085378 1.5993901 1.6306899 1.5907511 1.5712339 1.6146437 2.2341126 1.1384984 1.2890058 1.1595498 0.0000000 0.7899442 0.9999894 1.5995489 1.3623418 1.2630808 2.0652185 1.3563862 1.2536661 1.6484095 1.7498033 
MW239503_Riboviria_sp.                                             1.1533670 1.1560025 1.2349623 1.1221981 1.2942874 1.3845713 1.3200018 1.1776819 0.9154735 1.1020105 0.9480863 0.9480863 0.9296424 0.8108946 1.1300507 1.0067887 0.9016431 0.8205908 1.0534563 0.9320007 1.0432950 0.8816173 0.8828969 0.9222566 1.0169365 1.0652263 1.1969239 1.1866850 1.2344157 1.1866850 1.1335940 1.5906155 1.9353992 0.7782367 1.1602402 1.1856023 0.7899442 0.0000000 0.8840715 1.2315978 1.0871983 1.1514371 1.6735460 1.0267044 0.9599186 1.1478112 0.9576889 
MW239215_Riboviria_sp.                                             1.3978716 1.4032820 1.4218082 1.2269172 1.3188241 1.4880422 1.4705474 1.4080772 1.1181645 1.4961888 1.0709342 1.0653778 1.0552157 1.0476789 1.4181179 1.0002909 1.0627743 1.0548513 1.1951380 1.1516672 1.0421257 1.1636237 1.1641213 1.1890719 1.1564664 1.0389278 1.5769565 1.5857549 1.6345439 1.5897824 1.3716411 1.6481487 2.4031953 0.9837717 1.1915332 1.1267543 0.9999894 0.8840715 0.0000000 1.3792876 1.2934469 1.3002725 1.6852840 1.2789425 1.0714073 1.2197282 1.4980495 
MT138164_Solemoviridae_sp.                                         1.8505401 1.8653518 1.9020467 1.7944682 1.7741612 1.9975279 1.9889788 2.0184016 1.5177126 1.8568079 1.4738502 1.5023506 1.5736515 1.4179176 1.8186704 1.5246416 1.2585942 1.3234402 1.4039567 1.4811667 1.2535920 1.6605750 1.6825429 1.6413428 1.5872427 1.5622109 1.6681874 1.6689112 1.6811183 1.6338414 1.6441977 2.2355054 2.4816611 1.3498843 1.6373072 1.8074800 1.5995489 1.2315978 1.3792876 0.0000000 0.4588672 0.6664961 2.1562755 1.7777307 1.3849913 1.5454974 1.5384382 
NC_032238_Hubei_sobemo-like_virus_45                               1.9675659 1.9680882 1.9762818 1.8131191 1.8261260 2.1058608 2.0966332 1.8819437 1.4626537 2.0035609 1.4686504 1.4837290 1.7035809 1.4402919 1.7956757 1.5433784 1.2972592 1.2671735 1.5050552 1.4949601 1.3295742 1.5782798 1.5884830 1.5268717 1.5606507 1.4842114 1.5513157 1.5427906 1.5652688 1.5273744 1.7140382 2.1304767 2.6984357 1.2892446 1.7834122 1.7214166 1.3623418 1.0871983 1.2934469 0.4588672 0.0000000 0.6769434 2.1668417 1.5865906 1.3561441 1.5932804 1.5576707 
NC_032213_Hubei_sobemo-like_virus_44                               1.9016056 1.8980611 1.9475296 1.6549557 1.5884186 1.9096218 1.9351286 1.7176736 1.1713109 1.7690089 1.5316320 1.5475942 1.5639718 1.4952447 1.6397636 1.2032103 1.1869238 1.3316882 1.4595154 1.2882727 1.1346455 1.6109917 1.6107809 1.6481272 1.4745287 1.5552871 1.7506023 1.7502786 1.7995369 1.7563456 1.6348335 2.4204201 2.6025586 1.2732215 1.5961165 1.6101472 1.2630808 1.1514371 1.3002725 0.6664961 0.6769434 0.0000000 2.0193855 1.6954101 1.3266730 1.5827673 1.5948006 
MW239281_Riboviria_sp.                                             2.2270022 2.2165878 2.2954359 2.1829155 1.9732908 2.2150644 2.2263025 2.2352264 1.7753392 2.0725125 1.9537496 1.9690650 1.7557353 1.8656112 2.1168217 1.6222045 1.6188773 1.9665905 1.9833241 1.9174723 1.6123026 1.8663512 1.8714401 1.7411460 1.6994113 1.7576464 1.9026532 1.9129752 1.9579170 1.9197609 1.9393316 2.3266576 2.5384859 2.0934280 2.1361340 2.3067852 2.0652185 1.6735460 1.6852840 2.1562755 2.1668417 2.0193855 0.0000000 1.7180683 1.5863111 1.9922885 1.9974731 
MN661089_Atrato_Sobemo-like_virus_2                                1.4195966 1.4495821 1.4675879 1.2956186 1.3302844 1.3372713 1.4152144 1.4864316 1.1219659 1.4880413 1.0056326 1.0007568 1.0935401 0.9596572 1.3029843 1.1377454 1.1507873 1.2320131 1.3132658 1.2846272 1.2234421 1.2279983 1.2231736 1.2338981 1.4229736 1.0779246 1.5157043 1.5163949 1.5620762 1.5210917 1.3423242 1.6817429 2.3483528 1.3074734 1.4729283 1.4897786 1.3563862 1.0267044 1.2789425 1.7777307 1.5865906 1.6954101 1.7180683 0.0000000 1.0636203 1.3724245 1.3840361 
MW239471_Riboviria_sp.                                             1.4234458 1.4441785 1.4582159 1.4429879 1.4491151 1.4143999 1.4230134 1.2838962 1.0947053 1.2469648 0.9928859 0.9928859 1.0025609 0.8024255 1.0586604 0.8392183 0.9076257 0.9732637 0.9423508 0.9198717 0.9748297 1.0949642 1.0956057 1.1047464 1.1538012 1.0846632 1.3548267 1.3458778 1.3890385 1.3458778 1.3528608 1.5108110 2.2034082 1.0859934 1.2941174 1.3096957 1.2536661 0.9599186 1.0714073 1.3849913 1.3561441 1.3266730 1.5863111 1.0636203 0.0000000 1.2546983 1.3203733 
MN725049_Frankliniella_occidentalis_associated_sobemo-like_virus_1 1.8403658 1.8689450 1.8604517 1.8410484 1.7887642 1.8196910 1.8615648 1.7878194 1.4274905 1.7901704 1.3209009 1.3126116 1.4380190 1.2277890 1.5336004 1.1751494 1.3199896 1.5377708 1.4681614 1.6835583 1.1889573 1.6657435 1.6876250 1.7451539 1.6405641 1.5389722 1.7282666 1.7279501 1.7697654 1.7347979 1.8104629 1.8347286 2.7056874 1.2675695 1.6347446 1.3372662 1.6484095 1.1478112 1.2197282 1.5454974 1.5932804 1.5827673 1.9922885 1.3724245 1.2546983 0.0000000 1.5541354 
MW239542_Riboviria_sp.                                             1.3252321 1.3433208 1.3849584 1.1448879 1.2785058 1.4875762 1.4513898 1.4763271 1.1976477 1.5053414 1.2230701 1.2471310 1.2139003 1.1972206 1.4543528 1.2561716 1.1889211 1.2314334 1.3674697 1.4810145 1.2875721 1.3287299 1.3290119 1.3674776 1.3806165 1.3888640 1.6085062 1.5995012 1.6265308 1.6096450 1.6055400 1.9432083 2.5014440 1.2370873 1.8651350 1.8112049 1.7498033 0.9576889 1.4980495 1.5384382 1.5576707 1.5948006 1.9974731 1.3840361 1.3203733 1.5541354 0.0000000 
