71
Peninsere_virus_F1127C300F1056              0.0000000 0.0000010 0.0000010 0.0000010 0.0000010 0.0044407 0.0066936 0.0066936 0.0089478 0.0311569 0.0419485 0.0419485 0.0393729 0.0282464 0.0215208 0.0204358 0.0250479 0.0184455 0.0168870 0.0190521 0.0196908 0.0299648 0.0469998 0.0948894 0.0869179 0.0794784 0.0795591 0.0799418 0.1415649 0.1915191 0.2805833 0.4734021 0.4811580 0.4560318 0.5278729 0.3046111 0.3318233 0.3318233 0.2706145 0.3346188 0.3255620 0.3255620 0.3376791 0.2656495 0.2643809 0.2717347 0.3321942 0.2776162 0.2734291 0.2822160 0.3136906 0.3180828 0.3147258 0.3099037 0.3005947 0.3052404 0.3050110 0.2991719 0.2994808 0.3627154 0.3825569 0.3973780 0.3973780 0.3971326 0.4021989 0.4029063 0.4024239 0.4018796 0.3928779 0.4009146 0.2953369 
Pirounced_virus_F1032C17F1305               0.0000010 0.0000000 0.0000010 0.0000010 0.0000010 0.0044407 0.0066936 0.0066936 0.0089478 0.0311569 0.0419485 0.0419485 0.0393729 0.0282464 0.0215208 0.0204358 0.0250479 0.0184455 0.0168870 0.0190521 0.0196908 0.0299648 0.0469998 0.0948894 0.0869179 0.0794784 0.0795591 0.0799418 0.1415649 0.1915191 0.2805833 0.4734021 0.4811580 0.4560318 0.5278729 0.3046111 0.3318233 0.3318233 0.2706145 0.3346188 0.3255620 0.3255620 0.3376791 0.2656495 0.2643809 0.2717347 0.3321942 0.2776162 0.2734291 0.2822160 0.3136906 0.3180828 0.3147258 0.3099037 0.3005947 0.3052404 0.3050110 0.2991719 0.2994808 0.3627154 0.3825569 0.3973780 0.3973780 0.3971326 0.4021989 0.4029063 0.4024239 0.4018796 0.3928779 0.4009146 0.2953369 
Pirounced_virus_F1032C17F1266               0.0000010 0.0000010 0.0000000 0.0000010 0.0000010 0.0045971 0.0069305 0.0069305 0.0092653 0.0258516 0.0408599 0.0408599 0.0382001 0.0249314 0.0192390 0.0213393 0.0228767 0.0160312 0.0177013 0.0198394 0.0205333 0.0312410 0.0491784 0.0930896 0.0850667 0.0748502 0.0749295 0.0753023 0.1302733 0.1861943 0.2643042 0.4807737 0.4931764 0.4663876 0.4941931 0.3022419 0.3196390 0.3196390 0.2566713 0.3224995 0.3145303 0.3145303 0.3255835 0.2561681 0.2503230 0.2577215 0.3200101 0.2638238 0.2595636 0.2684930 0.2992254 0.2966707 0.3002487 0.2953774 0.2859212 0.2906505 0.2904185 0.2844267 0.2847568 0.3613279 0.3817824 0.3924162 0.3924162 0.3921644 0.3973769 0.3979700 0.4013299 0.3970373 0.3877979 0.3960478 0.2774936 
Pirounced_virus_F1032C17F1034               0.0000010 0.0000010 0.0000010 0.0000000 0.0000010 0.0046687 0.0070390 0.0070390 0.0094107 0.0299082 0.0415465 0.0415465 0.0388408 0.0282464 0.0196580 0.0204358 0.0233853 0.0163806 0.0168870 0.0190521 0.0196908 0.0299648 0.0469998 0.0948894 0.0869179 0.0814862 0.0815744 0.0819944 0.1447440 0.1923080 0.2831974 0.4806840 0.4811580 0.4658771 0.5595273 0.3185253 0.3305074 0.3305074 0.2660956 0.3334439 0.3239364 0.3239364 0.3366545 0.2608727 0.2595485 0.2672421 0.3308961 0.2734560 0.2690598 0.2782830 0.3172630 0.3129291 0.3183706 0.3132381 0.3033486 0.3082808 0.3080369 0.3018472 0.3021722 0.3695853 0.3710531 0.4005818 0.4005818 0.4003226 0.4056649 0.4065107 0.4024239 0.4053365 0.3958300 0.4043159 0.3034632 
Peninsere_virus_F1127C300F1032              0.0000010 0.0000010 0.0000010 0.0000010 0.0000000 0.0046558 0.0070194 0.0070194 0.0093845 0.0297932 0.0441572 0.0441572 0.0414414 0.0260515 0.0229879 0.0219907 0.0267878 0.0197034 0.0181608 0.0206893 0.0214451 0.0342193 0.0515436 0.1040407 0.0945385 0.0855233 0.0856151 0.0860567 0.1487903 0.2034572 0.2920882 0.5082966 0.5196559 0.4904937 0.5284176 0.3104149 0.3379138 0.3379138 0.2763603 0.3408696 0.3325895 0.3325895 0.3441330 0.2728365 0.2667422 0.2745362 0.3383104 0.2807352 0.2763044 0.2856072 0.3160735 0.3211877 0.3171737 0.3120669 0.3022230 0.3071333 0.3068906 0.3007245 0.3010493 0.3734771 0.3945510 0.4151611 0.4151611 0.4148968 0.4203064 0.4215888 0.4221315 0.4200103 0.4103147 0.4189626 0.3023181 
Pirounced_virus_F1032C17F1607               0.0044407 0.0044407 0.0045971 0.0046687 0.0046558 0.0000000 0.0022225 0.0022225 0.0067339 0.0279553 0.0369821 0.0369821 0.0344260 0.0241165 0.0183914 0.0169736 0.0218506 0.0153249 0.0134650 0.0151843 0.0156906 0.0238332 0.0425744 0.0996157 0.0912154 0.0832182 0.0833021 0.0837032 0.1373957 0.1870532 0.2851586 0.4694722 0.4768913 0.4520679 0.5234534 0.2992535 0.3289641 0.3289641 0.2678679 0.3317499 0.3227343 0.3227343 0.3347881 0.2629142 0.2616539 0.2689668 0.3293318 0.2748497 0.2706778 0.2794299 0.3175230 0.3225902 0.3185732 0.3137077 0.3043290 0.3090065 0.3087753 0.3029081 0.3032153 0.3571134 0.3768799 0.3917564 0.3917564 0.3915128 0.3965558 0.3971067 0.3963187 0.3962254 0.3872889 0.3952688 0.2954457 
Peninsere_virus_F1127C300F1461              0.0066936 0.0066936 0.0069305 0.0070390 0.0070194 0.0022225 0.0000000 0.0000010 0.0044673 0.0279553 0.0343959 0.0343959 0.0318574 0.0241165 0.0183914 0.0169736 0.0218506 0.0153249 0.0134650 0.0151843 0.0156906 0.0238332 0.0425744 0.0996157 0.0912154 0.0832182 0.0833021 0.0837032 0.1373957 0.1870532 0.2879676 0.4686528 0.4760074 0.4512304 0.5161110 0.2940805 0.3325629 0.3325629 0.2715080 0.3353501 0.3263168 0.3263168 0.3384041 0.2665486 0.2652796 0.2726328 0.3329332 0.2785011 0.2743182 0.2830961 0.3142563 0.3187535 0.3152948 0.3104615 0.3011350 0.3057887 0.3055588 0.3022582 0.3025644 0.3536897 0.3734080 0.3946995 0.3946995 0.3944555 0.3994999 0.4001309 0.3995035 0.3991760 0.3902242 0.3982171 0.2922638 
Pirounced_virus_F1032C17F1604               0.0066936 0.0066936 0.0069305 0.0070390 0.0070194 0.0022225 0.0000010 0.0000000 0.0044673 0.0279553 0.0343959 0.0343959 0.0318574 0.0241165 0.0183914 0.0169736 0.0218506 0.0153249 0.0134650 0.0151843 0.0156906 0.0238332 0.0425744 0.0996157 0.0912154 0.0832182 0.0833021 0.0837032 0.1373957 0.1870532 0.2879676 0.4686528 0.4760074 0.4512304 0.5161110 0.2940805 0.3325629 0.3325629 0.2715080 0.3353501 0.3263168 0.3263168 0.3384041 0.2665486 0.2652796 0.2726328 0.3329332 0.2785011 0.2743182 0.2830961 0.3142563 0.3187535 0.3152948 0.3104615 0.3011350 0.3057887 0.3055588 0.3022582 0.3025644 0.3536897 0.3734080 0.3946995 0.3946995 0.3944555 0.3994999 0.4001309 0.3995035 0.3991760 0.3902242 0.3982171 0.2922638 
Pirounced_virus_F1032C17F1325               0.0089478 0.0089478 0.0092653 0.0094107 0.0093845 0.0067339 0.0044673 0.0044673 0.0000000 0.0312027 0.0395688 0.0395688 0.0369975 0.0283004 0.0215524 0.0204692 0.0250852 0.0184728 0.0169145 0.0190869 0.0197280 0.0238332 0.0470913 0.1044319 0.0955915 0.0870219 0.0871091 0.0875290 0.1417405 0.1917102 0.2844061 0.4714929 0.4790589 0.4541626 0.5160730 0.2950343 0.3325100 0.3325100 0.2714511 0.3352975 0.3262635 0.3262635 0.3383516 0.2664918 0.2652230 0.2725755 0.3328803 0.2784440 0.2742613 0.2830388 0.3178405 0.3229511 0.3188897 0.3140308 0.3046653 0.3093361 0.3091051 0.3057909 0.3060948 0.3593683 0.3791640 0.3983080 0.3983080 0.3980634 0.4031095 0.4038387 0.4034077 0.4027936 0.3938231 0.4018317 0.2965463 
LC513833_Culex_inatomii_luteo-like_virus    0.0311569 0.0311569 0.0258516 0.0299082 0.0297932 0.0279553 0.0279553 0.0279553 0.0312027 0.0000000 0.0342346 0.0342346 0.0309926 0.0407114 0.0308959 0.0344398 0.0346169 0.0278012 0.0307271 0.0307173 0.0317628 0.0415319 0.0537345 0.1153567 0.1012026 0.0916239 0.0917157 0.0921628 0.1381718 0.1969785 0.2651626 0.3417685 0.3450552 0.3342071 0.5273848 0.2322964 0.2402328 0.2402328 0.2367543 0.2434884 0.2389139 0.2389139 0.2467719 0.2307896 0.2293593 0.2378303 0.2405951 0.2505824 0.2455742 0.2505824 0.2877750 0.2868312 0.2877750 0.2832359 0.2721070 0.2776772 0.2774067 0.2774067 0.2778068 0.2473118 0.2689525 0.2876634 0.2876634 0.2876634 0.2876634 0.2839966 0.2910814 0.2876634 0.2826635 0.2876634 0.2364226 
Peninsere_virus_F1127C300F1127              0.0419485 0.0419485 0.0408599 0.0415465 0.0441572 0.0369821 0.0343959 0.0343959 0.0395688 0.0342346 0.0000000 0.0000010 0.0044540 0.0077322 0.0029591 0.0032834 0.0120630 0.0059202 0.0065168 0.0073190 0.0075534 0.0231015 0.0328519 0.0988097 0.0905085 0.0824755 0.0825584 0.0829539 0.1430330 0.1783390 0.2822526 0.4561664 0.4649970 0.4556973 0.5126319 0.2852380 0.3281570 0.3281570 0.2708393 0.3309257 0.3219674 0.3219674 0.3339419 0.2658611 0.2645886 0.2719636 0.3285219 0.2778564 0.2736602 0.2824649 0.3371932 0.3457398 0.3383115 0.3425194 0.3327126 0.3375776 0.3281633 0.3247433 0.3250376 0.3449126 0.3658020 0.3975240 0.3975240 0.3972790 0.4023372 0.4030473 0.4028687 0.4020188 0.3930306 0.3979385 0.2891598 
Peninsere_virus_F1127C300F1156              0.0419485 0.0419485 0.0408599 0.0415465 0.0441572 0.0369821 0.0343959 0.0343959 0.0395688 0.0342346 0.0000010 0.0000000 0.0044540 0.0077322 0.0029591 0.0032834 0.0120630 0.0059202 0.0065168 0.0073190 0.0075534 0.0231015 0.0328519 0.0988097 0.0905085 0.0824755 0.0825584 0.0829539 0.1430330 0.1783390 0.2822526 0.4561664 0.4649970 0.4556973 0.5126319 0.2852380 0.3281570 0.3281570 0.2708393 0.3309257 0.3219674 0.3219674 0.3339419 0.2658611 0.2645886 0.2719636 0.3285219 0.2778564 0.2736602 0.2824649 0.3371932 0.3457398 0.3383115 0.3425194 0.3327126 0.3375776 0.3281633 0.3247433 0.3250376 0.3449126 0.3658020 0.3975240 0.3975240 0.3972790 0.4023372 0.4030473 0.4028687 0.4020188 0.3930306 0.3979385 0.2891598 
Peninsere_virus_F1127C300F1450              0.0393729 0.0393729 0.0382001 0.0388408 0.0414414 0.0344260 0.0318574 0.0318574 0.0369975 0.0309926 0.0044540 0.0044540 0.0000000 0.0116646 0.0059436 0.0065982 0.0151422 0.0089180 0.0098206 0.0110369 0.0113931 0.0231015 0.0371520 0.0991136 0.0907807 0.0827067 0.0827898 0.0831868 0.1387441 0.1828113 0.2778427 0.4503609 0.4586752 0.4496814 0.5191212 0.2898127 0.3322301 0.3322301 0.2748644 0.3350088 0.3260041 0.3260041 0.3380521 0.2698742 0.2685907 0.2760191 0.3325990 0.2819041 0.2776894 0.2865364 0.3416051 0.3509426 0.3427379 0.3376499 0.3279196 0.3327516 0.3325132 0.3290705 0.3293625 0.3404843 0.3593655 0.3962276 0.3962276 0.3959828 0.4010385 0.4017129 0.4014636 0.4007173 0.3917395 0.3966413 0.2846588 
MW030476_Hubei_mosquito_virus_2             0.0282464 0.0282464 0.0249314 0.0282464 0.0260515 0.0241165 0.0241165 0.0241165 0.0283004 0.0407114 0.0077322 0.0077322 0.0116646 0.0000000 0.0038289 0.0038289 0.0076626 0.0076626 0.0076626 0.0076626 0.0076626 0.0232296 0.0287459 0.0863193 0.0863193 0.0863193 0.0864328 0.0869800 0.1522073 0.1994865 0.2915854 0.4018775 0.3825442 0.3944033 0.6856264 0.2549007 0.2453153 0.2453153 0.2407091 0.2453153 0.2435509 0.2435509 0.2540332 0.2327924 0.2308874 0.2421820 0.2458022 0.2590808 0.2524191 0.2590808 0.3022591 0.3022591 0.3022591 0.3105256 0.2954608 0.3029643 0.2884601 0.2884601 0.2889705 0.3064461 0.3064461 0.2986697 0.2986697 0.2986697 0.2986697 0.2986697 0.3021253 0.2986697 0.2920236 0.2986697 0.2754180 
KX882764_Hubei_mosquito_virus_2             0.0215208 0.0215208 0.0192390 0.0196580 0.0229879 0.0183914 0.0183914 0.0183914 0.0215524 0.0308959 0.0029591 0.0029591 0.0059436 0.0038289 0.0000000 0.0000010 0.0089813 0.0029388 0.0032326 0.0036266 0.0037413 0.0170806 0.0284659 0.0936447 0.0858477 0.0784546 0.0785336 0.0789078 0.1381009 0.1763288 0.2531928 0.3261676 0.3237586 0.3180718 0.5043453 0.2181657 0.2196417 0.2196417 0.2162018 0.2227802 0.2184048 0.2184048 0.2259440 0.2103553 0.2090156 0.2171001 0.2199774 0.2297009 0.2248274 0.2297009 0.2752532 0.2725566 0.2752532 0.2813453 0.2703151 0.2758374 0.2651440 0.2651440 0.2655519 0.2594097 0.2813060 0.2708785 0.2708785 0.2708785 0.2708785 0.2667384 0.2723910 0.2708785 0.2660250 0.2708785 0.2393327 
MW030482_Hubei_mosquito_virus_2             0.0204358 0.0204358 0.0213393 0.0204358 0.0219907 0.0169736 0.0169736 0.0169736 0.0204692 0.0344398 0.0032834 0.0032834 0.0065982 0.0038289 0.0000010 0.0000000 0.0099785 0.0032584 0.0032584 0.0036266 0.0037413 0.0170806 0.0284659 0.0936447 0.0858477 0.0840501 0.0841435 0.0845910 0.1456826 0.1795991 0.2599499 0.3431614 0.3279785 0.3373284 0.5681512 0.2349268 0.2174727 0.2174727 0.2136318 0.2209664 0.2161009 0.2161009 0.2244920 0.2071112 0.2056295 0.2146132 0.2178448 0.2286847 0.2232512 0.2286847 0.2866650 0.2666054 0.2866650 0.2935604 0.2810390 0.2872957 0.2751894 0.2751894 0.2756354 0.2733015 0.2733015 0.2745832 0.2745832 0.2745832 0.2745832 0.2745832 0.2772091 0.2745832 0.2691440 0.2745832 0.2517984 
MW030484_Hubei_mosquito_virus_2             0.0250479 0.0250479 0.0228767 0.0233853 0.0267878 0.0218506 0.0218506 0.0218506 0.0250852 0.0346169 0.0120630 0.0120630 0.0151422 0.0076626 0.0089813 0.0099785 0.0000000 0.0059844 0.0065946 0.0000010 0.0000010 0.0113732 0.0243893 0.0928935 0.0896896 0.0862798 0.0863661 0.0867816 0.1476463 0.1868605 0.2655725 0.3406925 0.3396895 0.3331143 0.5240327 0.2301721 0.2312878 0.2312878 0.2278122 0.2345072 0.2299985 0.2299985 0.2377488 0.2218713 0.2204731 0.2288139 0.2316400 0.2415488 0.2365816 0.2415488 0.2882396 0.2713031 0.2882396 0.2944538 0.2831594 0.2888045 0.2778788 0.2778788 0.2782780 0.2741359 0.2964964 0.2838346 0.2838346 0.2838346 0.2838346 0.2800550 0.2868172 0.2838346 0.2788633 0.2838346 0.2515594 
MW030472_Hubei_mosquito_virus_2             0.0184455 0.0184455 0.0160312 0.0163806 0.0197034 0.0153249 0.0153249 0.0153249 0.0184728 0.0278012 0.0059202 0.0059202 0.0089180 0.0076626 0.0029388 0.0032584 0.0059844 0.0000000 0.0000010 0.0000010 0.0000010 0.0113732 0.0243893 0.0928935 0.0851930 0.0779117 0.0779900 0.0783600 0.1373015 0.1754328 0.2521886 0.3250607 0.3225435 0.3169186 0.5029738 0.2171645 0.2186705 0.2186705 0.2152312 0.2218043 0.2174372 0.2174372 0.2249642 0.2093890 0.2080535 0.2161216 0.2190051 0.2287205 0.2238510 0.2287205 0.2742206 0.2713031 0.2742206 0.2803087 0.2692892 0.2748068 0.2641221 0.2641221 0.2645311 0.2596847 0.2816203 0.2698442 0.2698442 0.2698442 0.2698442 0.2656717 0.2712421 0.2698442 0.2649955 0.2698442 0.2383286 
MW030480_Hubei_mosquito_virus_2             0.0168870 0.0168870 0.0177013 0.0168870 0.0181608 0.0134650 0.0134650 0.0134650 0.0169145 0.0307271 0.0065168 0.0065168 0.0098206 0.0076626 0.0032326 0.0032584 0.0065946 0.0000010 0.0000000 0.0000010 0.0000010 0.0113732 0.0243893 0.0928935 0.0851930 0.0826275 0.0827183 0.0831523 0.1432289 0.1766053 0.2557306 0.3374740 0.3225435 0.3317392 0.5576682 0.2310040 0.2138750 0.2138750 0.2100751 0.2173128 0.2125320 0.2125320 0.2207866 0.2036377 0.2021878 0.2110149 0.2142386 0.2249335 0.2195730 0.2249335 0.2820059 0.2653559 0.2820059 0.2888005 0.2764781 0.2826396 0.2707149 0.2707149 0.2711609 0.2702883 0.2702883 0.2700909 0.2700909 0.2700909 0.2700909 0.2700909 0.2726385 0.2700909 0.2647369 0.2700909 0.2476499 
MW030488_Hubei_mosquito_virus_2             0.0190521 0.0190521 0.0198394 0.0190521 0.0206893 0.0151843 0.0151843 0.0151843 0.0190869 0.0307173 0.0073190 0.0073190 0.0110369 0.0076626 0.0036266 0.0036266 0.0000010 0.0000010 0.0000010 0.0000000 0.0000010 0.0113732 0.0243893 0.0805696 0.0805696 0.0805696 0.0806703 0.0811498 0.1413852 0.1850273 0.2634631 0.3627229 0.3452425 0.3559949 0.6126822 0.2293952 0.2210977 0.2210977 0.2167716 0.2210977 0.2195375 0.2195375 0.2290462 0.2094151 0.2077350 0.2179096 0.2215219 0.2337724 0.2276296 0.2337724 0.2731082 0.2731082 0.2731082 0.2806926 0.2669809 0.2738410 0.2605642 0.2605642 0.2610777 0.2784895 0.2784895 0.2696467 0.2696467 0.2696467 0.2696467 0.2696467 0.2725256 0.2696467 0.2635992 0.2696467 0.2485196 
MW030478_Hubei_mosquito_virus_2             0.0196908 0.0196908 0.0205333 0.0196908 0.0214451 0.0156906 0.0156906 0.0156906 0.0197280 0.0317628 0.0075534 0.0075534 0.0113931 0.0076626 0.0037413 0.0037413 0.0000010 0.0000010 0.0000010 0.0000010 0.0000000 0.0113732 0.0243893 0.0836427 0.0836427 0.0836427 0.0837505 0.0842670 0.1474709 0.1934308 0.2762829 0.3821152 0.3635024 0.3749371 0.6526988 0.2405480 0.2315773 0.2315773 0.2270657 0.2315773 0.2299045 0.2299045 0.2399780 0.2193547 0.2175521 0.2283615 0.2320348 0.2449135 0.2384539 0.2449135 0.2865319 0.2865319 0.2865319 0.2945335 0.2800132 0.2872635 0.2732416 0.2732416 0.2737609 0.2922904 0.2922904 0.2829641 0.2829641 0.2829641 0.2829641 0.2829641 0.2861449 0.2829641 0.2765589 0.2829641 0.2605857 
MW030486_Hubei_mosquito_virus_2             0.0299648 0.0299648 0.0312410 0.0299648 0.0342193 0.0238332 0.0238332 0.0238332 0.0238332 0.0415319 0.0231015 0.0231015 0.0231015 0.0232296 0.0170806 0.0170806 0.0113732 0.0113732 0.0113732 0.0113732 0.0113732 0.0000000 0.0113732 0.0935151 0.0935151 0.0935151 0.0936924 0.0935151 0.1555277 0.2649329 0.3815477 0.4674316 0.4519625 0.4712885 0.7094321 0.3968754 0.2832737 0.2832737 0.2762268 0.2832737 0.2803762 0.2803762 0.2972316 0.2639989 0.2608927 0.2769540 0.2840998 0.2945104 0.2945104 0.2945104 0.3585569 0.3585569 0.3585569 0.3602748 0.3585569 0.3706104 0.3585569 0.3585569 0.3592207 0.4048282 0.4048282 0.3241069 0.3241069 0.3241069 0.3241069 0.3241069 0.3278471 0.3241069 0.3139701 0.3241069 0.3300169 
MW030470_Hubei_mosquito_virus_2             0.0469998 0.0469998 0.0491784 0.0469998 0.0515436 0.0425744 0.0425744 0.0425744 0.0470913 0.0537345 0.0328519 0.0328519 0.0371520 0.0287459 0.0284659 0.0284659 0.0243893 0.0243893 0.0243893 0.0243893 0.0243893 0.0113732 0.0000000 0.1006348 0.1006348 0.1006348 0.1007671 0.0955556 0.1268792 0.2235801 0.3162247 0.4188110 0.3991338 0.4111873 0.7038352 0.2838184 0.2663593 0.2663593 0.2616782 0.2663593 0.2644875 0.2644875 0.2754288 0.2535819 0.2515562 0.2634132 0.2668839 0.2805753 0.2737045 0.2805753 0.2943043 0.2943043 0.2943043 0.3024499 0.3006940 0.3082255 0.2936670 0.2936670 0.2941708 0.3077427 0.3077427 0.3079761 0.3079761 0.3079761 0.3079761 0.3079761 0.3115585 0.3079761 0.3012579 0.3079761 0.2780263 
MW434902_Marma_virus                        0.0948894 0.0948894 0.0930896 0.0948894 0.1040407 0.0996157 0.0996157 0.0996157 0.1044319 0.1153567 0.0988097 0.0988097 0.0991136 0.0863193 0.0936447 0.0936447 0.0928935 0.0928935 0.0928935 0.0805696 0.0836427 0.0935151 0.1006348 0.0000000 0.0109031 0.0109031 0.0146188 0.0145847 0.1378274 0.1481351 0.2620924 0.3369981 0.3207897 0.3285434 0.6066666 0.2552515 0.2247271 0.2247271 0.2205287 0.2247271 0.2231973 0.2231973 0.2324796 0.2133796 0.2133320 0.2216692 0.2251438 0.2370728 0.2310897 0.2370728 0.2471129 0.2284261 0.2471129 0.2490885 0.2468622 0.2533105 0.2465861 0.2465861 0.2477856 0.3001486 0.3001486 0.2517000 0.2517000 0.2517000 0.2517000 0.2517000 0.2542346 0.2517000 0.2573836 0.2517000 0.2489951 
MW434875_Marma_virus                        0.0869179 0.0869179 0.0850667 0.0869179 0.0945385 0.0912154 0.0912154 0.0912154 0.0955915 0.1012026 0.0905085 0.0905085 0.0907807 0.0863193 0.0858477 0.0858477 0.0896896 0.0851930 0.0851930 0.0805696 0.0836427 0.0935151 0.1006348 0.0109031 0.0000000 0.0000010 0.0033497 0.0033421 0.1166852 0.1253642 0.2360259 0.3204655 0.3054893 0.3126619 0.5509772 0.2366867 0.2080740 0.2080740 0.2041680 0.2143372 0.2067180 0.2067180 0.2151299 0.1975801 0.1975347 0.2050819 0.2084404 0.2193966 0.2139033 0.2193966 0.2457077 0.2284261 0.2457077 0.2475744 0.2454727 0.2515666 0.2452103 0.2452103 0.2463426 0.2782098 0.2782098 0.2470754 0.2470754 0.2470754 0.2470754 0.2470754 0.2494099 0.2470754 0.2523999 0.2470754 0.2361615 
MW434863_Marma_virus                        0.0794784 0.0794784 0.0748502 0.0814862 0.0855233 0.0832182 0.0832182 0.0832182 0.0870219 0.0916239 0.0824755 0.0824755 0.0827067 0.0863193 0.0784546 0.0840501 0.0862798 0.0779117 0.0826275 0.0805696 0.0836427 0.0935151 0.1006348 0.0109031 0.0000010 0.0000000 0.0029616 0.0029557 0.1085318 0.1206771 0.2225059 0.3048682 0.2934035 0.2874110 0.4766887 0.2144902 0.2084967 0.2084967 0.2050639 0.2140017 0.2073025 0.2073025 0.2146974 0.1992705 0.1992307 0.2058730 0.2088192 0.2184465 0.2136207 0.2184465 0.2277179 0.2271455 0.2277179 0.2293068 0.2275389 0.2327407 0.2272980 0.2272980 0.2282476 0.2570992 0.2791079 0.2348204 0.2348204 0.2348204 0.2348204 0.2296813 0.2388392 0.2348204 0.2393953 0.2348204 0.2144190 
MW434872_Marma_virus                        0.0795591 0.0795591 0.0749295 0.0815744 0.0856151 0.0833021 0.0833021 0.0833021 0.0871091 0.0917157 0.0825584 0.0825584 0.0827898 0.0864328 0.0785336 0.0841435 0.0863661 0.0779900 0.0827183 0.0806703 0.0837505 0.0936924 0.1007671 0.0146188 0.0033497 0.0029616 0.0000000 0.0059383 0.1086389 0.1248718 0.2248097 0.3074909 0.2962576 0.2901158 0.4842235 0.2194735 0.2107471 0.2107471 0.2073084 0.2162744 0.2095425 0.2095425 0.2169762 0.2014959 0.2014561 0.2081364 0.2110727 0.2207312 0.2158901 0.2207312 0.2300457 0.2299699 0.2300457 0.2316402 0.2298633 0.2350810 0.2296239 0.2296239 0.2305790 0.2572859 0.2792969 0.2371712 0.2371712 0.2371712 0.2371712 0.2320990 0.2414696 0.2371712 0.2417616 0.2371712 0.2145882 
MK440646_Marma_virus                        0.0799418 0.0799418 0.0753023 0.0819944 0.0860567 0.0837032 0.0837032 0.0837032 0.0875290 0.0921628 0.0829539 0.0829539 0.0831868 0.0869800 0.0789078 0.0845910 0.0867816 0.0783600 0.0831523 0.0811498 0.0842670 0.0935151 0.0955556 0.0145847 0.0033421 0.0029557 0.0059383 0.0000000 0.1046018 0.1165731 0.2223206 0.3067651 0.2954420 0.2893297 0.4780242 0.2110450 0.2097250 0.2097250 0.2062864 0.2152464 0.2085243 0.2085243 0.2159460 0.2004782 0.2004384 0.2071064 0.2100495 0.2197012 0.2148633 0.2197012 0.2226800 0.2210412 0.2226800 0.2242546 0.2225084 0.2276685 0.2222646 0.2222646 0.2232011 0.2514745 0.2733063 0.2297237 0.2297237 0.2297237 0.2297237 0.2244486 0.2331312 0.2297237 0.2342566 0.2297237 0.2142370 
NC_033305_Hubei_mosquito_virus_2            0.1415649 0.1415649 0.1302733 0.1447440 0.1487903 0.1373957 0.1373957 0.1373957 0.1417405 0.1381718 0.1430330 0.1430330 0.1387441 0.1522073 0.1381009 0.1456826 0.1476463 0.1373015 0.1432289 0.1413852 0.1474709 0.1555277 0.1268792 0.1378274 0.1166852 0.1085318 0.1086389 0.1046018 0.0000000 0.1466977 0.2524212 0.3739471 0.3712524 0.3608167 0.5522147 0.2644750 0.2343403 0.2343403 0.2308386 0.2288543 0.2330313 0.2330313 0.2408766 0.2248474 0.2248085 0.2318727 0.2346986 0.2447093 0.2396899 0.2447093 0.2654875 0.2724481 0.2654875 0.2713575 0.2598469 0.2578350 0.2650329 0.2650329 0.2660666 0.2273684 0.2535918 0.2909825 0.2909825 0.2909825 0.2909825 0.2874548 0.2896307 0.2909825 0.2860139 0.2909825 0.2531811 
MT361063_Kisumu_mosquito_virus              0.1915191 0.1915191 0.1861943 0.1923080 0.2034572 0.1870532 0.1870532 0.1870532 0.1917102 0.1969785 0.1783390 0.1783390 0.1828113 0.1994865 0.1763288 0.1795991 0.1868605 0.1754328 0.1766053 0.1850273 0.1934308 0.2649329 0.2235801 0.1481351 0.1253642 0.1206771 0.1248718 0.1165731 0.1466977 0.0000000 0.2577339 0.2577702 0.2477540 0.2375460 0.4846831 0.2179323 0.2312072 0.2312072 0.2277142 0.2257498 0.2299118 0.2299118 0.2377001 0.2217442 0.2224126 0.2196005 0.2315610 0.2360856 0.2365272 0.2360856 0.2498618 0.2576941 0.2498618 0.2587163 0.2452212 0.2397040 0.2402862 0.2402862 0.2345827 0.2053340 0.2314063 0.2125190 0.2125190 0.2125190 0.2125190 0.2068635 0.2198166 0.2125190 0.2168612 0.2125190 0.2375873 
MH703049_Yongsan_sobemo-like_virus_1        0.2805833 0.2805833 0.2643042 0.2831974 0.2920882 0.2851586 0.2879676 0.2879676 0.2844061 0.2651626 0.2822526 0.2822526 0.2778427 0.2915854 0.2531928 0.2599499 0.2655725 0.2521886 0.2557306 0.2634631 0.2762829 0.3815477 0.3162247 0.2620924 0.2360259 0.2225059 0.2248097 0.2223206 0.2524212 0.2577339 0.0000000 0.4122816 0.4235035 0.4085002 0.5828092 0.3248943 0.2851349 0.2851349 0.2821777 0.2902295 0.2839118 0.2839118 0.2909636 0.2770435 0.2827240 0.2834174 0.2854825 0.2894294 0.2850789 0.2942167 0.2618669 0.2801567 0.2578108 0.2627858 0.2580182 0.2623658 0.2621591 0.2555923 0.2602670 0.2936700 0.3180962 0.3178822 0.3178822 0.3178822 0.3178822 0.3209404 0.3332691 0.3221448 0.3181796 0.3123893 0.2548623 
MN661099_Atrato_Sobemo-like_virus_5         0.4734021 0.4734021 0.4807737 0.4806840 0.5082966 0.4694722 0.4686528 0.4686528 0.4714929 0.3417685 0.4561664 0.4561664 0.4503609 0.4018775 0.3261676 0.3431614 0.3406925 0.3250607 0.3374740 0.3627229 0.3821152 0.4674316 0.4188110 0.3369981 0.3204655 0.3048682 0.3074909 0.3067651 0.3739471 0.2577702 0.4122816 0.0000000 0.0077208 0.0099941 0.6628298 0.3966635 0.3968797 0.3968797 0.3936489 0.4000971 0.3953596 0.3953596 0.4039428 0.3837102 0.3905094 0.3915576 0.3920528 0.3966011 0.3915179 0.4022657 0.3804891 0.4001657 0.3831718 0.3860784 0.3680501 0.3732464 0.3729970 0.3767898 0.3826094 0.4242900 0.4507199 0.4185996 0.4185996 0.4185996 0.4185996 0.4218531 0.4359716 0.4235982 0.4235982 0.4190160 0.3700709 
MN661097_Atrato_Sobemo-like_virus_5         0.4811580 0.4811580 0.4931764 0.4811580 0.5196559 0.4768913 0.4760074 0.4760074 0.4790589 0.3450552 0.4649970 0.4649970 0.4586752 0.3825442 0.3237586 0.3279785 0.3396895 0.3225435 0.3225435 0.3452425 0.3635024 0.4519625 0.3991338 0.3207897 0.3054893 0.2934035 0.2962576 0.2954420 0.3712524 0.2477540 0.4235035 0.0077208 0.0000000 0.0129348 0.6984157 0.4077303 0.3967236 0.3967236 0.3932506 0.4001820 0.3950900 0.3950900 0.4043178 0.3825687 0.3898736 0.3909991 0.3915361 0.3964241 0.3909616 0.4025140 0.3845615 0.3853420 0.3874661 0.3906076 0.3711366 0.3767431 0.3764749 0.3805696 0.3868595 0.4349023 0.4373292 0.4189285 0.4189285 0.4189285 0.4189285 0.4189285 0.4225585 0.4243210 0.4243210 0.4193781 0.3828122 
MN661107_Atrato_Sobemo-like_virus_5         0.4560318 0.4560318 0.4663876 0.4658771 0.4904937 0.4520679 0.4512304 0.4512304 0.4541626 0.3342071 0.4556973 0.4556973 0.4496814 0.3944033 0.3180718 0.3373284 0.3331143 0.3169186 0.3317392 0.3559949 0.3749371 0.4712885 0.4111873 0.3285434 0.3126619 0.2874110 0.2901158 0.2893297 0.3608167 0.2375460 0.4085002 0.0099941 0.0129348 0.0000000 0.6529423 0.3762286 0.3923427 0.3923427 0.3889953 0.3956741 0.3907742 0.3907742 0.3996335 0.3787106 0.3804338 0.3868016 0.3873532 0.3920527 0.3868026 0.3979025 0.3655071 0.3791404 0.3682018 0.3649487 0.3528973 0.3581637 0.3579076 0.3617492 0.3614665 0.4056306 0.4079271 0.3976945 0.3976945 0.3976945 0.3976945 0.3976945 0.4218341 0.4027177 0.4027177 0.3980867 0.3760185 
MT896210_Aedes_sobemo-like_virus            0.5278729 0.5278729 0.4941931 0.5595273 0.5284176 0.5234534 0.5161110 0.5161110 0.5160730 0.5273848 0.5126319 0.5126319 0.5191212 0.6856264 0.5043453 0.5681512 0.5240327 0.5029738 0.5576682 0.6126822 0.6526988 0.7094321 0.7038352 0.6066666 0.5509772 0.4766887 0.4842235 0.4780242 0.5522147 0.4846831 0.5828092 0.6628298 0.6984157 0.6529423 0.0000000 0.1583620 0.4951644 0.4951644 0.4915797 0.5024328 0.4990060 0.4990060 0.4868467 0.4872874 0.4852833 0.4949391 0.4957731 0.5011532 0.4951012 0.5079358 0.5735661 0.6614665 0.5807281 0.5916068 0.5721856 0.5791755 0.5655833 0.5604432 0.5617473 0.5701642 0.5994248 0.6949577 0.6949577 0.6949577 0.6949577 0.7043893 0.7484779 0.7024703 0.7024703 0.6856334 0.5626301 
MT896211_Aedes_sobemo-like_virus            0.3046111 0.3046111 0.3022419 0.3185253 0.3104149 0.2992535 0.2940805 0.2940805 0.2950343 0.2322964 0.2852380 0.2852380 0.2898127 0.2549007 0.2181657 0.2349268 0.2301721 0.2171645 0.2310040 0.2293952 0.2405480 0.3968754 0.2838184 0.2552515 0.2366867 0.2144902 0.2194735 0.2110450 0.2644750 0.2179323 0.3248943 0.3966635 0.4077303 0.3762286 0.1583620 0.0000000 0.2676771 0.2676771 0.2647161 0.2727032 0.2706682 0.2706682 0.2734086 0.2609536 0.2595634 0.2658306 0.2680100 0.2719315 0.2676240 0.2766583 0.3014913 0.3144865 0.3061901 0.3137098 0.2972279 0.3019346 0.2928240 0.2895300 0.2904193 0.3205034 0.3431082 0.3802633 0.3802633 0.3802633 0.3802633 0.3799869 0.4022594 0.3850254 0.3850254 0.3741339 0.3034059 
Guangzhou_sobemo_like_virus_F1517C31F1016   0.3318233 0.3318233 0.3196390 0.3305074 0.3379138 0.3289641 0.3325629 0.3325629 0.3325100 0.2402328 0.3281570 0.3281570 0.3322301 0.2453153 0.2196417 0.2174727 0.2312878 0.2186705 0.2138750 0.2210977 0.2315773 0.2832737 0.2663593 0.2247271 0.2080740 0.2084967 0.2107471 0.2097250 0.2343403 0.2312072 0.2851349 0.3968797 0.3967236 0.3923427 0.4951644 0.2676771 0.0000000 0.0000010 0.0000010 0.0022217 0.0044517 0.0044517 0.0022292 0.0000010 0.0000010 0.0000010 0.0022224 0.0095502 0.0071396 0.0071284 0.2228581 0.2408967 0.2269193 0.2387934 0.2193010 0.2233755 0.2154549 0.2086315 0.2129583 0.3916757 0.4223953 0.3369024 0.3369024 0.3366616 0.3316469 0.3306225 0.3418419 0.3410357 0.3410357 0.3363407 0.2458634 
Guangzhou_sobemo_like_virus_F1517C31F1083   0.3318233 0.3318233 0.3196390 0.3305074 0.3379138 0.3289641 0.3325629 0.3325629 0.3325100 0.2402328 0.3281570 0.3281570 0.3322301 0.2453153 0.2196417 0.2174727 0.2312878 0.2186705 0.2138750 0.2210977 0.2315773 0.2832737 0.2663593 0.2247271 0.2080740 0.2084967 0.2107471 0.2097250 0.2343403 0.2312072 0.2851349 0.3968797 0.3967236 0.3923427 0.4951644 0.2676771 0.0000010 0.0000000 0.0000010 0.0022217 0.0044517 0.0044517 0.0022292 0.0000010 0.0000010 0.0000010 0.0022224 0.0095502 0.0071396 0.0071284 0.2228581 0.2408967 0.2269193 0.2387934 0.2193010 0.2233755 0.2154549 0.2086315 0.2129583 0.3916757 0.4223953 0.3369024 0.3369024 0.3366616 0.3316469 0.3306225 0.3418419 0.3410357 0.3410357 0.3363407 0.2458634 
MT361061_Guangzhou_sobemo-like_virus        0.2706145 0.2706145 0.2566713 0.2660956 0.2763603 0.2678679 0.2715080 0.2715080 0.2714511 0.2367543 0.2708393 0.2708393 0.2748644 0.2407091 0.2162018 0.2136318 0.2278122 0.2152312 0.2100751 0.2167716 0.2270657 0.2762268 0.2616782 0.2205287 0.2041680 0.2050639 0.2073084 0.2062864 0.2308386 0.2277142 0.2821777 0.3936489 0.3932506 0.3889953 0.4915797 0.2647161 0.0000010 0.0000010 0.0000000 0.0023678 0.0023603 0.0023603 0.0023762 0.0000010 0.0000010 0.0000010 0.0023685 0.0095819 0.0071633 0.0071521 0.2236778 0.2419351 0.2277549 0.2396775 0.2201056 0.2241961 0.2162450 0.2093926 0.2137363 0.3168103 0.3471787 0.3012059 0.3012059 0.3012059 0.3012059 0.2991188 0.3021847 0.3053640 0.3053640 0.2958498 0.2430405 
Guangzhou_sobemo_like_virus_F1517C31F1070   0.3346188 0.3346188 0.3224995 0.3334439 0.3408696 0.3317499 0.3353501 0.3353501 0.3352975 0.2434884 0.3309257 0.3309257 0.3350088 0.2453153 0.2227802 0.2209664 0.2345072 0.2218043 0.2173128 0.2210977 0.2315773 0.2832737 0.2663593 0.2247271 0.2143372 0.2140017 0.2162744 0.2152464 0.2288543 0.2257498 0.2902295 0.4000971 0.4001820 0.3956741 0.5024328 0.2727032 0.0022217 0.0022217 0.0023678 0.0000000 0.0067127 0.0067127 0.0044818 0.0023795 0.0023776 0.0023810 0.0044682 0.0120045 0.0095730 0.0095579 0.2273394 0.2408967 0.2314301 0.2433994 0.2237495 0.2278541 0.2198782 0.2129905 0.2173497 0.3929971 0.4237397 0.3397541 0.3397541 0.3395128 0.3344830 0.3335312 0.3449421 0.3438996 0.3438996 0.3391919 0.2505614 
Guangzhou_sobemo_like_virus_F1517C31F1073   0.3255620 0.3255620 0.3145303 0.3239364 0.3325895 0.3227343 0.3263168 0.3263168 0.3262635 0.2389139 0.3219674 0.3219674 0.3260041 0.2435509 0.2184048 0.2161009 0.2299985 0.2174372 0.2125320 0.2195375 0.2299045 0.2803762 0.2644875 0.2231973 0.2067180 0.2073025 0.2095425 0.2085243 0.2330313 0.2299118 0.2839118 0.3953596 0.3950900 0.3907742 0.4990060 0.2706682 0.0044517 0.0044517 0.0023603 0.0067127 0.0000000 0.0000010 0.0067349 0.0000010 0.0023701 0.0023734 0.0067146 0.0119663 0.0095425 0.0095275 0.2218583 0.2396649 0.2259062 0.2377403 0.2183146 0.2223754 0.2144809 0.2076844 0.2119959 0.3892140 0.4198649 0.3319319 0.3319319 0.3316930 0.3267264 0.3359633 0.3364169 0.3360258 0.3360258 0.3313738 0.2447787 
Guangzhou_sobemo_like_virus_F1517C31F1352   0.3255620 0.3255620 0.3145303 0.3239364 0.3325895 0.3227343 0.3263168 0.3263168 0.3262635 0.2389139 0.3219674 0.3219674 0.3260041 0.2435509 0.2184048 0.2161009 0.2299985 0.2174372 0.2125320 0.2195375 0.2299045 0.2803762 0.2644875 0.2231973 0.2067180 0.2073025 0.2095425 0.2085243 0.2330313 0.2299118 0.2839118 0.3953596 0.3950900 0.3907742 0.4990060 0.2706682 0.0044517 0.0044517 0.0023603 0.0067127 0.0000010 0.0000000 0.0067349 0.0000010 0.0023701 0.0023734 0.0067146 0.0119663 0.0095425 0.0095275 0.2218583 0.2396649 0.2259062 0.2377403 0.2183146 0.2223754 0.2144809 0.2076844 0.2119959 0.3892140 0.4198649 0.3319319 0.3319319 0.3316930 0.3267264 0.3359633 0.3364169 0.3360258 0.3360258 0.3313738 0.2447787 
Guangzhou_sobemo_like_virus_F1517C31F1171   0.3376791 0.3376791 0.3255835 0.3366545 0.3441330 0.3347881 0.3384041 0.3384041 0.3383516 0.2467719 0.3339419 0.3339419 0.3380521 0.2540332 0.2259440 0.2244920 0.2377488 0.2249642 0.2207866 0.2290462 0.2399780 0.2972316 0.2754288 0.2324796 0.2151299 0.2146974 0.2169762 0.2159460 0.2408766 0.2377001 0.2909636 0.4039428 0.4043178 0.3996335 0.4868467 0.2734086 0.0022292 0.0022292 0.0023762 0.0044818 0.0067349 0.0067349 0.0000000 0.0023881 0.0023862 0.0023895 0.0044832 0.0120462 0.0096064 0.0095913 0.2279208 0.2469980 0.2320201 0.2440155 0.2243226 0.2284358 0.2204435 0.2135396 0.2179080 0.3984212 0.4293759 0.3428969 0.3428969 0.3426542 0.3375872 0.3367111 0.3483834 0.3470732 0.3470732 0.3423318 0.2511976 
MT361059_Guangzhou_sobemo-like_virus        0.2656495 0.2656495 0.2561681 0.2608727 0.2728365 0.2629142 0.2665486 0.2665486 0.2664918 0.2307896 0.2658611 0.2658611 0.2698742 0.2327924 0.2103553 0.2071112 0.2218713 0.2093890 0.2036377 0.2094151 0.2193547 0.2639989 0.2535819 0.2133796 0.1975801 0.1992705 0.2014959 0.2004782 0.2248474 0.2217442 0.2770435 0.3837102 0.3825687 0.3787106 0.4872874 0.2609536 0.0000010 0.0000010 0.0000010 0.0023795 0.0000010 0.0000010 0.0023881 0.0000000 0.0000010 0.0000010 0.0000010 0.0047710 0.0023776 0.0023739 0.2123473 0.2283770 0.2163521 0.2280454 0.2088556 0.2128713 0.2050579 0.1983711 0.2026321 0.3117018 0.3419971 0.2913425 0.2913425 0.2913425 0.2913425 0.2890009 0.2914571 0.2954466 0.2954466 0.2860575 0.2384838 
MT361055_Guangzhou_sobemo-like_virus        0.2643809 0.2643809 0.2503230 0.2595485 0.2667422 0.2616539 0.2652796 0.2652796 0.2652230 0.2293593 0.2645886 0.2645886 0.2685907 0.2308874 0.2090156 0.2056295 0.2204731 0.2080535 0.2021878 0.2077350 0.2175521 0.2608927 0.2515562 0.2133320 0.1975347 0.1992307 0.2014561 0.2004384 0.2248085 0.2224126 0.2827240 0.3905094 0.3898736 0.3804338 0.4852833 0.2595634 0.0000010 0.0000010 0.0000010 0.0023776 0.0023701 0.0023701 0.0023862 0.0000010 0.0000000 0.0000010 0.0000010 0.0047672 0.0023757 0.0023720 0.2172357 0.2342525 0.2212778 0.2285882 0.2137044 0.2177583 0.2098742 0.2031066 0.2031066 0.3102131 0.3404387 0.2923992 0.2923992 0.2923992 0.2923992 0.2900868 0.2926059 0.2965058 0.2965058 0.2871108 0.2386426 
MT361053_Guangzhou_sobemo-like_virus        0.2717347 0.2717347 0.2577215 0.2672421 0.2745362 0.2689668 0.2726328 0.2726328 0.2725755 0.2378303 0.2719636 0.2719636 0.2760191 0.2421820 0.2171001 0.2146132 0.2288139 0.2161216 0.2110149 0.2179096 0.2283615 0.2769540 0.2634132 0.2216692 0.2050819 0.2058730 0.2081364 0.2071064 0.2318727 0.2196005 0.2834174 0.3915576 0.3909991 0.3868016 0.4949391 0.2658306 0.0000010 0.0000010 0.0000010 0.0023810 0.0023734 0.0023734 0.0023895 0.0000010 0.0000010 0.0000000 0.0000010 0.0023790 0.0023790 0.0000010 0.2177223 0.2348742 0.2217753 0.2336194 0.2141807 0.2182457 0.2103406 0.2035532 0.2078670 0.3142361 0.3447163 0.2943947 0.2943947 0.2943947 0.2943947 0.2921217 0.2947779 0.2985334 0.2985334 0.2890646 0.2442581 
Guangzhou_sobemo_like_virus_F1517C31F1017   0.3321942 0.3321942 0.3200101 0.3308961 0.3383104 0.3293318 0.3329332 0.3329332 0.3328803 0.2405951 0.3285219 0.3285219 0.3325990 0.2458022 0.2199774 0.2178448 0.2316400 0.2190051 0.2142386 0.2215219 0.2320348 0.2840998 0.2668839 0.2251438 0.2084404 0.2088192 0.2110727 0.2100495 0.2346986 0.2315610 0.2854825 0.3920528 0.3915361 0.3873532 0.4957731 0.2680100 0.0022224 0.0022224 0.0023685 0.0044682 0.0067146 0.0067146 0.0044832 0.0000010 0.0000010 0.0000010 0.0000000 0.0071198 0.0047310 0.0047237 0.2193228 0.2366201 0.2233520 0.2351286 0.2157995 0.2198410 0.2119827 0.2052284 0.2095179 0.3857907 0.4162994 0.3327214 0.3327214 0.3324817 0.3274978 0.3263691 0.3372882 0.3368297 0.3368297 0.3321616 0.2411879 
MT096519_Wenzhou_sobemo-like_virus_4        0.2776162 0.2776162 0.2638238 0.2734560 0.2807352 0.2748497 0.2785011 0.2785011 0.2784440 0.2505824 0.2778564 0.2778564 0.2819041 0.2590808 0.2297009 0.2286847 0.2415488 0.2287205 0.2249335 0.2337724 0.2449135 0.2945104 0.2805753 0.2370728 0.2193966 0.2184465 0.2207312 0.2197012 0.2447093 0.2360856 0.2894294 0.3966011 0.3964241 0.3920527 0.5011532 0.2719315 0.0095502 0.0095502 0.0095819 0.0120045 0.0119663 0.0119663 0.0120462 0.0047710 0.0047672 0.0023790 0.0071198 0.0000000 0.0023551 0.0023567 0.2314184 0.2510918 0.2355197 0.2475321 0.2278135 0.2319283 0.2239360 0.2170217 0.2213902 0.3247114 0.3552224 0.3049911 0.3049911 0.3049911 0.3049911 0.3030037 0.3063019 0.3091666 0.3091666 0.2996128 0.2448657 
MZ556263_Sichuan_mosquito_sobemo-like_virus 0.2734291 0.2734291 0.2595636 0.2690598 0.2763044 0.2706778 0.2743182 0.2743182 0.2742613 0.2455742 0.2736602 0.2736602 0.2776894 0.2524191 0.2248274 0.2232512 0.2365816 0.2238510 0.2195730 0.2276296 0.2384539 0.2945104 0.2737045 0.2310897 0.2139033 0.2136207 0.2158901 0.2148633 0.2396899 0.2365272 0.2850789 0.3915179 0.3909616 0.3868026 0.4951012 0.2676240 0.0071396 0.0071396 0.0071633 0.0095730 0.0095425 0.0095425 0.0096064 0.0023776 0.0023757 0.0023790 0.0047310 0.0023551 0.0000000 0.0047300 0.2275156 0.2464247 0.2315949 0.2435351 0.2239360 0.2280286 0.2200767 0.2132112 0.2175558 0.3199882 0.3503444 0.3095077 0.3095077 0.3095077 0.3095077 0.3076350 0.3112185 0.3137123 0.3137123 0.3040919 0.2408504 
NC_033138_Wenzhou_sobemo-like_virus_4       0.2822160 0.2822160 0.2684930 0.2782830 0.2856072 0.2794299 0.2830961 0.2830961 0.2830388 0.2505824 0.2824649 0.2824649 0.2865364 0.2590808 0.2297009 0.2286847 0.2415488 0.2287205 0.2249335 0.2337724 0.2449135 0.2945104 0.2805753 0.2370728 0.2193966 0.2184465 0.2207312 0.2197012 0.2447093 0.2360856 0.2942167 0.4022657 0.4025140 0.3979025 0.5079358 0.2766583 0.0071284 0.0071284 0.0071521 0.0095579 0.0095275 0.0095275 0.0095913 0.0023739 0.0023720 0.0000010 0.0047237 0.0023567 0.0047300 0.0000000 0.2270573 0.2458481 0.2311287 0.2430446 0.2234855 0.2275701 0.2196337 0.2127832 0.2171190 0.3237722 0.3542576 0.2999305 0.2999305 0.2999305 0.2999305 0.2978169 0.3007946 0.3040697 0.3040697 0.2945992 0.2492472 
MW434812_Guadeloupe_mosquito_virus          0.3136906 0.3136906 0.2992254 0.3172630 0.3160735 0.3175230 0.3142563 0.3142563 0.3178405 0.2877750 0.3371932 0.3371932 0.3416051 0.3022591 0.2752532 0.2866650 0.2882396 0.2742206 0.2820059 0.2731082 0.2865319 0.3585569 0.2943043 0.2471129 0.2457077 0.2277179 0.2300457 0.2226800 0.2654875 0.2498618 0.2618669 0.3804891 0.3845615 0.3655071 0.5735661 0.3014913 0.2228581 0.2228581 0.2236778 0.2273394 0.2218583 0.2218583 0.2279208 0.2123473 0.2172357 0.2177223 0.2193228 0.2314184 0.2275156 0.2270573 0.0000000 0.0000010 0.0023388 0.0094377 0.0070286 0.0094025 0.0046704 0.0094362 0.0118737 0.2829463 0.3100718 0.2670052 0.2670052 0.2670052 0.2670052 0.2684251 0.2778031 0.2708456 0.2708456 0.2620628 0.2020493 
MK285337_Renna_virus                        0.3180828 0.3180828 0.2966707 0.3129291 0.3211877 0.3225902 0.3187535 0.3187535 0.3229511 0.2868312 0.3457398 0.3457398 0.3509426 0.3022591 0.2725566 0.2666054 0.2713031 0.2713031 0.2653559 0.2731082 0.2865319 0.3585569 0.2943043 0.2284261 0.2284261 0.2271455 0.2299699 0.2210412 0.2724481 0.2576941 0.2801567 0.4001657 0.3853420 0.3791404 0.6614665 0.3144865 0.2408967 0.2408967 0.2419351 0.2408967 0.2396649 0.2396649 0.2469980 0.2283770 0.2342525 0.2348742 0.2366201 0.2510918 0.2464247 0.2458481 0.0000010 0.0000000 0.0027067 0.0109377 0.0081367 0.0108907 0.0054038 0.0109356 0.0137746 0.2915479 0.2938010 0.2722011 0.2722011 0.2722011 0.2722011 0.2722011 0.2755508 0.2766882 0.2766882 0.2664314 0.2108551 
