56
Hubei_sobemo_like_virus_41_subsp2_F1381C255F1019 0.0000000 0.0000010 0.0020248 0.0020254 0.0027657 0.0060897 0.0020915 0.0020205 0.0020205 0.0061007 0.0040579 0.0040889 0.0020783 0.0020647 0.0027573 0.1994475 0.6108191 0.6065836 0.4509164 0.4412074 0.4404027 0.7545275 0.9540646 0.9260316 0.9528857 0.9514153 0.9589464 0.9543663 0.8471538 1.3087224 1.0523689 0.9961059 1.0341352 0.9571172 1.0305085 1.3461734 1.3565793 1.3565793 1.3399629 1.3332945 1.3672576 1.3451870 1.3722919 1.3536230 1.3411153 0.9669983 1.3693313 1.3823097 1.3693313 1.3873285 1.3755698 1.3657938 1.3678819 0.5836049 1.3907491 1.0160781 
Hubei_sobemo_like_virus_41_subsp2_F1381C255F1536 0.0000010 0.0000000 0.0020248 0.0020254 0.0027657 0.0060897 0.0020915 0.0020205 0.0020205 0.0061007 0.0040579 0.0040889 0.0020783 0.0020647 0.0027573 0.1994475 0.6108191 0.6065836 0.4509164 0.4412074 0.4404027 0.7545275 0.9540646 0.9260316 0.9528857 0.9514153 0.9589464 0.9543663 0.8471538 1.3087224 1.0523689 0.9961059 1.0341352 0.9571172 1.0305085 1.3461734 1.3565793 1.3565793 1.3399629 1.3332945 1.3672576 1.3451870 1.3722919 1.3536230 1.3411153 0.9669983 1.3693313 1.3823097 1.3693313 1.3873285 1.3755698 1.3657938 1.3678819 0.5836049 1.3907491 1.0160781 
Hubei_sobemo_like_virus_41_subsp2_F1381C255F1094 0.0020248 0.0020248 0.0000000 0.0040659 0.0027657 0.0081496 0.0041989 0.0040560 0.0040560 0.0081646 0.0061094 0.0061563 0.0041740 0.0041469 0.0027573 0.1994475 0.6108191 0.6065836 0.4509164 0.4412074 0.4404027 0.7545275 0.9540646 0.9260316 0.9528857 0.9514153 0.9589464 0.9543663 0.8471538 1.3087224 1.0523689 0.9961059 1.0341352 0.9571172 1.0305085 1.3460944 1.3565188 1.3565188 1.3398729 1.3331932 1.3672154 1.3451063 1.3722582 1.3535572 1.3410277 0.9669983 1.3745858 1.3876278 1.3745858 1.3873201 1.3755415 1.3710357 1.3731319 0.5836049 1.3960858 1.0160781 
Hubei_sobemo_like_virus_41_subsp2_F1381C255F1537 0.0020254 0.0020254 0.0040659 0.0000000 0.0027657 0.0081521 0.0042002 0.0040572 0.0040572 0.0081670 0.0061113 0.0061581 0.0041753 0.0041481 0.0027573 0.1961697 0.6151404 0.6108758 0.4509164 0.4412074 0.4404027 0.7545275 0.9540646 0.9260316 0.9528857 0.9514153 0.9589464 0.9543663 0.8471538 1.3106750 1.0523689 0.9961059 1.0341352 0.9571172 1.0305085 1.3558586 1.3662482 1.3662482 1.3496287 1.3428925 1.3769897 1.3548576 1.3820585 1.3633102 1.3507522 0.9669983 1.3791247 1.3922244 1.3791247 1.3972413 1.3853975 1.3755631 1.3776666 0.5836049 1.4007006 1.0160781 
NC_032253_Hubei_sobemo-like_virus_41             0.0027657 0.0027657 0.0027657 0.0027657 0.0000000 0.0111577 0.0058140 0.0055434 0.0055434 0.0055434 0.0055434 0.0084509 0.0057663 0.0057146 0.0055434 0.1577949 0.4694857 0.4645685 0.4589281 0.4491015 0.4483392 0.7110441 0.9691367 0.9407822 0.9679660 0.9664508 0.9740675 0.9712333 0.8607636 1.0508689 1.0692937 0.8606265 1.0261819 0.8859957 0.8972221 0.9882920 0.9882920 0.9882920 0.9882920 0.9882920 0.9882920 0.9877529 0.9989560 0.9753400 0.9753400 0.9829390 1.0019170 1.0019170 1.0019170 1.0019170 1.0066830 0.9982644 1.0003051 0.6212410 0.9965125 0.9786734 
Hubei_sobemo_like_virus_41_subsp2_F1381C255F1528 0.0060897 0.0060897 0.0081496 0.0081521 0.0111577 0.0000000 0.0041984 0.0040554 0.0040554 0.0081634 0.0061086 0.0061554 0.0041734 0.0041463 0.0055415 0.2026248 0.6103217 0.6060838 0.4505817 0.4423110 0.4411547 0.7523723 0.9466528 0.9186977 0.9454666 0.9440142 0.9515246 0.9471723 0.8332564 1.3041070 1.0470167 0.9995267 1.0397843 0.9537854 1.0271434 1.3432680 1.3536786 1.3536786 1.3370632 1.3304150 1.3643378 1.3422860 1.3693615 1.3507168 1.3382243 0.9640061 1.3663930 1.3793345 1.3663930 1.3843535 1.3726210 1.3628628 1.3649462 0.5836049 1.3877624 1.0171174 
Hubei_sobemo_like_virus_41_subsp2_F1381C255F1223 0.0020915 0.0020915 0.0041989 0.0042002 0.0058140 0.0041984 0.0000000 0.0000010 0.0000010 0.0042062 0.0020981 0.0021147 0.0000010 0.0000010 0.0000010 0.1961599 0.5996565 0.5953010 0.4287662 0.4217374 0.4203596 0.7300294 0.8772279 0.8493131 0.8759382 0.8746277 0.8821383 0.8684862 0.7851704 1.2353207 0.9575951 0.9604991 0.9521382 0.9069362 0.9825512 1.3355600 1.3463278 1.3463278 1.3291648 1.3223531 1.3572896 1.3345575 1.3624532 1.3432539 1.3303886 0.9415236 1.3593670 1.3726503 1.3593670 1.3778369 1.3657759 1.3557380 1.3578788 0.5836049 1.3813326 1.0124242 
Hubei_sobemo_like_virus_41_subsp2_F1381C255F1021 0.0020205 0.0020205 0.0040560 0.0040572 0.0055434 0.0040554 0.0000010 0.0000000 0.0000010 0.0040628 0.0020267 0.0020422 0.0000010 0.0000010 0.0000010 0.1967539 0.6111166 0.6068785 0.4515089 0.4418124 0.4406539 0.7512133 0.9466237 0.9187208 0.9454396 0.9439899 0.9514862 0.9460537 0.8403139 1.3012426 1.0441045 0.9955999 1.0335150 0.9523191 1.0255735 1.3414049 1.3518129 1.3518129 1.3352073 1.3285758 1.3624541 1.3404263 1.3674685 1.3488492 1.3363732 0.9624384 1.3644964 1.3774074 1.3644964 1.3824241 1.3707144 1.3609727 1.3630521 0.5836049 1.3858237 1.0149241 
Hubei_sobemo_like_virus_41_subsp2_F1381C255F1531 0.0020205 0.0020205 0.0040560 0.0040572 0.0055434 0.0040554 0.0000010 0.0000010 0.0000000 0.0040628 0.0020267 0.0020422 0.0000010 0.0000010 0.0000010 0.1967539 0.6111166 0.6068785 0.4515089 0.4418124 0.4406539 0.7512133 0.9466237 0.9187208 0.9454396 0.9439899 0.9514862 0.9460537 0.8403139 1.3012426 1.0441045 0.9955999 1.0335150 0.9523191 1.0255735 1.3414049 1.3518129 1.3518129 1.3352073 1.3285758 1.3624541 1.3404263 1.3674685 1.3488492 1.3363732 0.9624384 1.3644964 1.3774074 1.3644964 1.3824241 1.3707144 1.3609727 1.3630521 0.5836049 1.3858237 1.0149241 
Hubei_sobemo_like_virus_41_subsp2_F1381C255F1532 0.0061007 0.0061007 0.0081646 0.0081670 0.0055434 0.0081634 0.0042062 0.0040628 0.0040628 0.0000000 0.0020252 0.0061667 0.0041812 0.0041540 0.0000010 0.1962839 0.6162334 0.6119780 0.4515089 0.4418124 0.4406539 0.7512133 0.9466237 0.9187208 0.9454396 0.9439899 0.9514862 0.9460537 0.8403139 1.3103097 1.0441045 0.9955999 1.0335150 0.9523191 1.0255735 1.3448114 1.3627971 1.3627971 1.3386091 1.3319560 1.3735024 1.3438279 1.3785524 1.3598564 1.3473327 0.9624384 1.3756127 1.3755784 1.3756127 1.3805916 1.3818653 1.3720642 1.3741596 0.5836049 1.3971049 1.0149241 
Hubei_sobemo_like_virus_41_subsp2_F1381C255F1525 0.0040579 0.0040579 0.0061094 0.0061113 0.0055434 0.0061086 0.0020981 0.0020267 0.0020267 0.0020252 0.0000000 0.0041017 0.0020857 0.0020722 0.0000010 0.1964053 0.6181445 0.6138785 0.4515089 0.4418124 0.4406539 0.7512133 0.9466237 0.9187208 0.9454396 0.9439899 0.9514862 0.9460537 0.8403139 1.3140591 1.0441045 0.9955999 1.0335150 0.9523191 1.0255735 1.3470549 1.3650543 1.3650543 1.3408460 1.3341749 1.3757776 1.3460677 1.3808372 1.3621169 1.3495773 0.9624384 1.3779029 1.3778754 1.3779029 1.3828897 1.3841654 1.3743477 1.3764474 0.5836049 1.3994383 1.0149241 
Hubei_sobemo_like_virus_41_subsp2_F1381C255F1383 0.0040889 0.0040889 0.0061563 0.0061581 0.0084509 0.0061554 0.0021147 0.0020422 0.0020422 0.0061667 0.0041017 0.0000000 0.0021021 0.0020884 0.0027979 0.2003749 0.6190546 0.6147525 0.4585774 0.4487003 0.4475825 0.7710379 0.9671770 0.9386510 0.9659964 0.9644756 0.9721386 0.9690537 0.8582041 1.3245730 1.0678997 1.0162374 1.0563257 0.9709034 1.0452176 1.3705879 1.3809884 1.3809884 1.3643067 1.3574430 1.3918650 1.3695612 1.3970047 1.3780684 1.3653893 0.9899568 1.3941017 1.4074353 1.3941017 1.4124676 1.4004500 1.3904904 1.3926250 0.6238141 1.4159989 1.0384022 
Hubei_sobemo_like_virus_41_subsp2_F1381C255F1215 0.0020783 0.0020783 0.0041740 0.0041753 0.0057663 0.0041734 0.0000010 0.0000010 0.0000010 0.0041812 0.0020857 0.0021021 0.0000000 0.0000010 0.0000010 0.1978102 0.6154315 0.6110031 0.4531895 0.4429821 0.4367207 0.7570820 0.9284570 0.8995818 0.9272037 0.9257394 0.9335007 0.9144673 0.8152607 1.2763579 1.0244022 0.9901439 1.0308580 0.9446015 1.0213880 1.3543846 1.3651687 1.3651687 1.3479215 1.3409430 1.3763079 1.3543846 1.3709665 1.3621179 1.3490929 0.9584205 1.3785191 1.3921096 1.3785191 1.3973163 1.3850268 1.3748247 1.3770066 0.6038517 1.4009068 1.0181955 
Hubei_sobemo_like_virus_41_subsp2_F1381C255F1222 0.0020647 0.0020647 0.0041469 0.0041481 0.0057146 0.0041463 0.0000010 0.0000010 0.0000010 0.0041540 0.0020722 0.0020884 0.0000010 0.0000000 0.0000010 0.2020911 0.6280228 0.6236208 0.4654419 0.4552936 0.4542056 0.7812072 0.9641365 0.9348209 0.9629184 0.9613610 0.9692384 0.9656972 0.8527254 1.3311327 1.0625600 1.0156082 1.0649172 0.9801347 1.0566639 1.3871867 1.3977621 1.3977621 1.3807467 1.3736277 1.4089670 1.3861144 1.4142704 1.3948175 1.3817987 0.9980876 1.4113584 1.4251787 1.4113584 1.4303080 1.4178959 1.4076321 1.4098365 0.6403554 1.4339807 1.0385412 
KX882872_Hubei_sobemo-like_virus_41              0.0027573 0.0027573 0.0027573 0.0027573 0.0055434 0.0055415 0.0000010 0.0000010 0.0000010 0.0000010 0.0000010 0.0027979 0.0000010 0.0000010 0.0000000 0.1502439 0.4616297 0.4567594 0.4515089 0.4418124 0.4406539 0.6961776 0.9466237 0.9187208 0.9454396 0.9439899 0.9514862 0.9460537 0.8403139 1.0262601 1.0441045 0.8466105 1.0096173 0.8670440 0.8780598 0.9677250 0.9677250 0.9677250 0.9677250 0.9677250 0.9677250 0.9672366 0.9781969 0.9549468 0.9549468 0.9624384 0.9810227 0.9810227 0.9810227 0.9810227 0.9856770 0.9774439 0.9794332 0.5836049 0.9756855 0.9612118 
Hubei_sobemo_like_virus_41_subsp1_F1020C17F1020  0.1994475 0.1994475 0.1994475 0.1961697 0.1577949 0.2026248 0.1961599 0.1967539 0.1967539 0.1962839 0.1964053 0.2003749 0.1978102 0.2020911 0.1502439 0.0000000 0.6038348 0.5997049 0.4040563 0.4171854 0.4086387 0.6773352 0.9726511 0.9563563 0.9794843 0.9673031 0.9748784 0.9997193 0.8409897 1.2970850 1.0004196 0.9548887 0.9970589 0.9193894 0.9818814 1.3284869 1.3288835 1.3288835 1.3222066 1.3155501 1.3218566 1.3275111 1.3421797 1.3176877 1.3018579 0.9493758 1.3171074 1.3077384 1.3171074 1.3114131 1.3218404 1.3136353 1.3156772 0.5819391 1.3215450 1.0341516 
Culex_luteo_like_virus_F1039C258F1039            0.6108191 0.6108191 0.6108191 0.6151404 0.4694857 0.6103217 0.5996565 0.6111166 0.6111166 0.6162334 0.6181445 0.6190546 0.6154315 0.6280228 0.4616297 0.6038348 0.0000000 0.0020778 0.0581533 0.0711212 0.0673476 0.7135046 0.9416582 0.9467773 0.9483785 0.9358225 0.9433103 0.9592678 0.9099502 1.2237447 1.0313787 0.9938265 1.0031253 0.8546806 0.8970947 1.5382064 1.5289228 1.5289228 1.5287618 1.5318590 1.5191222 1.5366482 1.5449572 1.5126077 1.4867387 1.1470509 1.5110557 1.5259939 1.5110557 1.5297344 1.5165707 1.5135711 1.5082691 0.6969349 1.5074426 1.0774579 
Culex_luteo_like_virus_F1039C258F1563            0.6065836 0.6065836 0.6065836 0.6108758 0.4645685 0.6060838 0.5953010 0.6068785 0.6068785 0.6119780 0.6138785 0.6147525 0.6110031 0.6236208 0.4567594 0.5997049 0.0020778 0.0000000 0.0611425 0.0741831 0.0703685 0.7077119 0.9383028 0.9433755 0.9450030 0.9324747 0.9399424 0.9554791 0.9066820 1.2169233 1.0235567 0.9869318 0.9956056 0.8479225 0.8903884 1.5296314 1.5204092 1.5204092 1.5202266 1.5233139 1.5106584 1.5280843 1.5363697 1.5041362 1.4783590 1.1381535 1.5026419 1.5174799 1.5026419 1.5212192 1.5081233 1.5051366 1.4998625 0.6969349 1.4990455 1.0857549 
MF176307_Culex_luteo-like_virus                  0.4509164 0.4509164 0.4509164 0.4509164 0.4589281 0.4505817 0.4287662 0.4515089 0.4515089 0.4515089 0.4515089 0.4585774 0.4531895 0.4654419 0.4515089 0.4040563 0.0581533 0.0611425 0.0000000 0.0527934 0.0625995 0.6325566 0.9501750 0.9536624 0.9568979 0.9443620 0.9518471 0.9692025 0.9033813 1.0332690 1.0162315 0.8413198 0.9962241 0.7805384 0.7920197 1.1388332 1.1388332 1.1388332 1.1388332 1.1388332 1.1388332 1.1374726 1.1506906 1.1248917 1.1248917 1.1331212 1.1215007 1.1215007 1.1215007 1.1215007 1.1267956 1.1233581 1.1184132 0.7013121 1.1158449 0.9729560 
MT568531_Pyongtaek_Culex_luteo-like_virus        0.4412074 0.4412074 0.4412074 0.4412074 0.4491015 0.4423110 0.4217374 0.4418124 0.4418124 0.4418124 0.4418124 0.4487003 0.4429821 0.4552936 0.4418124 0.4171854 0.0711212 0.0741831 0.0527934 0.0000000 0.0529348 0.6258880 0.9268820 0.9289937 0.9335567 0.9210424 0.9284895 0.9463352 0.9053781 1.0368774 1.0070573 0.8603043 1.0115043 0.7961594 0.8064249 1.1202820 1.1202820 1.1202820 1.1202820 1.1202820 1.1202820 1.1189508 1.1301952 1.1064455 1.1064455 1.1146062 1.1032167 1.1032167 1.1032167 1.1032167 1.1084315 1.1050003 1.1001588 0.6796817 1.0975973 0.9736925 
MW520388_Culex_impudicus_luteo-like_virus        0.4404027 0.4404027 0.4404027 0.4404027 0.4483392 0.4411547 0.4203596 0.4406539 0.4406539 0.4406539 0.4406539 0.4475825 0.4367207 0.4542056 0.4406539 0.4086387 0.0673476 0.0703685 0.0625995 0.0529348 0.0000000 0.6270635 0.9492316 0.9440613 0.9560314 0.9433485 0.9509207 0.9471420 0.8861818 1.0616432 1.0299074 0.8708918 1.0250074 0.7971910 0.8087368 1.1598954 1.1598954 1.1598954 1.1598954 1.1598954 1.1598954 1.1584941 1.1701123 1.1457619 1.1457619 1.1541126 1.1421695 1.1421695 1.1421695 1.1421695 1.1475827 1.1441192 1.1390336 0.6793468 1.1364444 0.9709370 
MK440657_Berrek_virus                            0.7545275 0.7545275 0.7545275 0.7545275 0.7110441 0.7523723 0.7300294 0.7512133 0.7512133 0.7512133 0.7512133 0.7710379 0.7570820 0.7812072 0.6961776 0.6773352 0.7135046 0.7077119 0.6325566 0.6258880 0.6270635 0.0000000 0.9218415 0.9212180 0.9206188 0.9190221 0.9265495 0.8976901 0.8724807 0.8711217 0.8265379 0.8122609 1.0136663 0.8412027 0.8625197 1.0253574 1.0253574 1.0253574 1.0179666 1.0253574 1.0184277 1.0206565 1.0150015 1.0125231 0.9851337 0.9246757 1.0391140 1.0391140 1.0391140 1.0391140 1.0439179 1.0562533 1.0371462 0.6146289 1.0337704 1.0353725 
MW434802_Culex_mosquito_virus_6                  0.9540646 0.9540646 0.9540646 0.9540646 0.9691367 0.9466528 0.8772279 0.9466237 0.9466237 0.9466237 0.9466237 0.9671770 0.9284570 0.9641365 0.9466237 0.9726511 0.9416582 0.9383028 0.9501750 0.9268820 0.9492316 0.9218415 0.0000000 0.0000010 0.0027578 0.0027601 0.0055355 0.0351696 0.3061027 0.3601800 0.3616185 0.7116800 0.9266458 0.8672039 0.8793692 1.1710286 1.1710286 1.1710286 1.1710286 1.1710286 1.1710286 1.1680959 1.1683870 1.1743678 1.1743678 1.1653194 1.1870811 1.1870811 1.1870811 1.1870811 1.1963160 1.1891905 1.1853332 0.7316872 1.1813153 1.1807420 
MH188030_Culex_mosquito_virus_6                  0.9260316 0.9260316 0.9260316 0.9260316 0.9407822 0.9186977 0.8493131 0.9187208 0.9187208 0.9187208 0.9187208 0.9386510 0.8995818 0.9348209 0.9187208 0.9563563 0.9467773 0.9433755 0.9536624 0.9289937 0.9440613 0.9212180 0.0000010 0.0000000 0.0027786 0.0027808 0.0055772 0.0352655 0.2936011 0.3539994 0.3554718 0.7026060 0.9153532 0.8513633 0.8634472 1.1429722 1.1429722 1.1429722 1.1429722 1.1429722 1.1429722 1.1400885 1.1403489 1.1462689 1.1462689 1.1372890 1.1587195 1.1587195 1.1587195 1.1587195 1.1678295 1.1607289 1.1569850 0.7139454 1.1529793 1.1698381 
MW434800_Culex_mosquito_virus_6                  0.9528857 0.9528857 0.9528857 0.9528857 0.9679660 0.9454666 0.8759382 0.9454396 0.9454396 0.9454396 0.9454396 0.9659964 0.9272037 0.9629184 0.9454396 0.9794843 0.9483785 0.9450030 0.9568979 0.9335567 0.9560314 0.9206188 0.0027578 0.0027786 0.0000000 0.0055310 0.0083195 0.0384493 0.3064118 0.3588847 0.3603279 0.7103565 0.9254244 0.8659434 0.8781187 1.1714283 1.1714283 1.1714283 1.1714283 1.1714283 1.1714283 1.1684942 1.1687859 1.1747699 1.1747699 1.1657175 1.1874890 1.1874890 1.1874890 1.1874890 1.1967280 1.1896004 1.1857404 0.7316872 1.1817215 1.1796737 
MW434790_Culex_mosquito_virus_6                  0.9514153 0.9514153 0.9514153 0.9514153 0.9664508 0.9440142 0.8746277 0.9439899 0.9439899 0.9439899 0.9439899 0.9644756 0.9257394 0.9613610 0.9439899 0.9673031 0.9358225 0.9324747 0.9443620 0.9210424 0.9433485 0.9190221 0.0027601 0.0027808 0.0055310 0.0000000 0.0027591 0.0351696 0.3080372 0.3590059 0.3604459 0.7075416 0.9213327 0.8714372 0.8836391 1.1641306 1.1641306 1.1641306 1.1641306 1.1641306 1.1641306 1.1612125 1.1614961 1.1674561 1.1674561 1.1584332 1.1800922 1.1800922 1.1800922 1.1800922 1.1892879 1.1821753 1.1783493 0.7316872 1.1743390 1.1752868 
MW434798_Culex_mosquito_virus_6                  0.9589464 0.9589464 0.9589464 0.9589464 0.9740675 0.9515246 0.8821383 0.9514862 0.9514862 0.9514862 0.9514862 0.9721386 0.9335007 0.9692384 0.9514862 0.9748784 0.9433103 0.9399424 0.9518471 0.9284895 0.9509207 0.9265495 0.0055355 0.0055772 0.0083195 0.0027591 0.0000000 0.0384843 0.3125737 0.3612924 0.3653552 0.7139156 0.9173033 0.8659658 0.8781136 1.1577809 1.1577809 1.1577809 1.1577809 1.1577809 1.1577809 1.1548764 1.1551528 1.1610938 1.1610938 1.1520944 1.1736598 1.1736598 1.1736598 1.1736598 1.1828194 1.1757185 1.1719214 0.7316872 1.1679163 1.1651451 
OM817536_Culex_mosquito_virus_6                  0.9543663 0.9543663 0.9543663 0.9543663 0.9712333 0.9471723 0.8684862 0.9460537 0.9460537 0.9460537 0.9460537 0.9690537 0.9144673 0.9656972 0.9460537 0.9997193 0.9592678 0.9554791 0.9692025 0.9463352 0.9471420 0.8976901 0.0351696 0.0352655 0.0384493 0.0351696 0.0384843 0.0000000 0.3076309 0.3504195 0.3563791 0.6787034 0.8996259 0.8761112 0.8897596 1.1859391 1.1859391 1.1859391 1.1859391 1.1859391 1.1859391 1.1826624 1.1830017 1.1896647 1.1896647 1.1795989 1.2039210 1.2039210 1.2039210 1.2039210 1.2142470 1.2063252 1.2019728 0.8985867 1.1975115 1.1323639 
OM743945_Pine_Lake_virus                         0.8471538 0.8471538 0.8471538 0.8471538 0.8607636 0.8332564 0.7851704 0.8403139 0.8403139 0.8403139 0.8403139 0.8582041 0.8152607 0.8527254 0.8403139 0.8409897 0.9099502 0.9066820 0.9033813 0.9053781 0.8861818 0.8724807 0.3061027 0.2936011 0.3064118 0.3080372 0.3125737 0.3076309 0.0000000 0.3167337 0.3374226 0.5897451 0.8600924 0.8093632 0.8209679 1.0355183 1.0355183 1.0355183 1.0355183 1.0355183 1.0355183 1.0363353 1.0363466 1.0385423 1.0385423 1.0301497 1.0314480 1.0314480 1.0314480 1.0314480 1.0396164 1.0486193 1.0298450 0.6991504 1.0260848 1.0527942 
Broome_luteo_like_virus_1_F1261C1F1261           1.3087224 1.3087224 1.3087224 1.3106750 1.0508689 1.3041070 1.2353207 1.3012426 1.3012426 1.3103097 1.3140591 1.3245730 1.2763579 1.3311327 1.0262601 1.2970850 1.2237447 1.2169233 1.0332690 1.0368774 1.0616432 0.8711217 0.3601800 0.3539994 0.3588847 0.3590059 0.3612924 0.3504195 0.3167337 0.0000000 0.0966553 0.6426976 0.8388967 0.7915802 0.8262038 1.4924587 1.5084791 1.5084791 1.4881659 1.4780609 1.4988401 1.4991663 1.5136425 1.5080482 1.4930241 1.0478415 1.4953628 1.5100715 1.4953628 1.5137987 1.5040270 1.5131086 1.4937795 0.7351469 1.4910605 1.2482434 
MT498822_Broome_luteo-like_virus_1               1.0523689 1.0523689 1.0523689 1.0523689 1.0692937 1.0470167 0.9575951 1.0441045 1.0441045 1.0441045 1.0441045 1.0678997 1.0244022 1.0625600 1.0441045 1.0004196 1.0313787 1.0235567 1.0162315 1.0070573 1.0299074 0.8265379 0.3616185 0.3554718 0.3603279 0.3604459 0.3653552 0.3563791 0.3374226 0.0966553 0.0000000 0.5925246 0.8084562 0.7967445 0.8085292 1.0611348 1.0611348 1.0611348 1.0611348 1.0611348 1.0611348 1.0695683 1.0604192 1.0477569 1.0477569 1.0556271 1.0487126 1.0487126 1.0487126 1.0487126 1.0570866 1.0561179 1.0470762 0.7806549 1.0432443 1.1063120 
MN661095_Atrato_Sobemo-like_virus_4              0.9961059 0.9961059 0.9961059 0.9961059 0.8606265 0.9995267 0.9604991 0.9955999 0.9955999 0.9955999 0.9955999 1.0162374 0.9901439 1.0156082 0.8466105 0.9548887 0.9938265 0.9869318 0.8413198 0.8603043 0.8708918 0.8122609 0.7116800 0.7026060 0.7103565 0.7075416 0.7139156 0.6787034 0.5897451 0.6426976 0.5925246 0.0000000 0.5384432 0.5308744 0.5677249 1.0681842 1.0681842 1.0681842 1.0626496 1.0681842 1.0802233 1.0635656 1.0581090 1.0812598 1.0810176 0.9774976 1.0532742 1.0532742 1.0532742 1.0532742 1.0610014 1.0601099 1.0517656 0.6890724 1.0582992 1.0675372 
MT568532_Pyongtaek_Culex_Solemovirus             1.0341352 1.0341352 1.0341352 1.0341352 1.0261819 1.0397843 0.9521382 1.0335150 1.0335150 1.0335150 1.0335150 1.0563257 1.0308580 1.0649172 1.0096173 0.9970589 1.0031253 0.9956056 0.9962241 1.0115043 1.0250074 1.0136663 0.9266458 0.9153532 0.9254244 0.9213327 0.9173033 0.8996259 0.8600924 0.8388967 0.8084562 0.5384432 0.0000000 0.8029170 0.8146991 1.2098715 1.2098715 1.2098715 1.2050597 1.2098715 1.2098715 1.2088477 1.2094993 1.2101444 1.2101444 1.1997312 1.1920058 1.1920058 1.1920058 1.1920058 1.1929921 1.2001735 1.2008454 0.8733770 1.1862864 1.0715947 
MN661091_Atrato_Sobemo-like_virus_3              0.9571172 0.9571172 0.9571172 0.9571172 0.8859957 0.9537854 0.9069362 0.9523191 0.9523191 0.9523191 0.9523191 0.9709034 0.9446015 0.9801347 0.8670440 0.9193894 0.8546806 0.8479225 0.7805384 0.7961594 0.7971910 0.8412027 0.8672039 0.8513633 0.8659434 0.8714372 0.8659658 0.8761112 0.8093632 0.7915802 0.7967445 0.5308744 0.8029170 0.0000000 0.0026591 1.0719207 1.0719207 1.0719207 1.0661044 1.0719207 1.0719207 1.0670577 1.0828202 1.0589178 1.0585065 0.9866045 1.0861770 1.0861770 1.0861770 1.0861770 1.0945390 1.1037143 1.0832495 0.6443431 1.0807804 1.3131391 
MN661093_Atrato_Sobemo-like_virus_3              1.0305085 1.0305085 1.0305085 1.0305085 0.8972221 1.0271434 0.9825512 1.0255735 1.0255735 1.0255735 1.0255735 1.0452176 1.0213880 1.0566639 0.8780598 0.9818814 0.8970947 0.8903884 0.7920197 0.8064249 0.8087368 0.8625197 0.8793692 0.8634472 0.8781187 0.8836391 0.8781136 0.8897596 0.8209679 0.8262038 0.8085292 0.5677249 0.8146991 0.0026591 0.0000000 1.1262348 1.1262348 1.1262348 1.1205154 1.1262348 1.1215594 1.1213082 1.1371507 1.1133607 1.1133325 0.9990341 1.1407165 1.1407165 1.1407165 1.1407165 1.1491128 1.1582800 1.1378008 0.6756609 1.1353922 1.3301257 
MN053809_Humaita-Tubiacanga_virus                1.3461734 1.3461734 1.3460944 1.3558586 0.9882920 1.3432680 1.3355600 1.3414049 1.3414049 1.3448114 1.3470549 1.3705879 1.3543846 1.3871867 0.9677250 1.3284869 1.5382064 1.5296314 1.1388332 1.1202820 1.1598954 1.0253574 1.1710286 1.1429722 1.1714283 1.1641306 1.1577809 1.1859391 1.0355183 1.4924587 1.0611348 1.0681842 1.2098715 1.0719207 1.1262348 0.0000000 0.0019911 0.0019911 0.0019923 0.0019981 0.0059968 0.0019909 0.0059919 0.0080114 0.0080705 0.0026929 0.0060024 0.0060327 0.0060024 0.0040126 0.0059955 0.0080520 0.0080200 0.0000010 0.0100328 0.9672802 
Humaita_Tubiacanga_virus_F1058C249F1063          1.3565793 1.3565793 1.3565188 1.3662482 0.9882920 1.3536786 1.3463278 1.3518129 1.3518129 1.3627971 1.3650543 1.3809884 1.3651687 1.3977621 0.9677250 1.3288835 1.5289228 1.5204092 1.1388332 1.1202820 1.1598954 1.0253574 1.1710286 1.1429722 1.1714283 1.1641306 1.1577809 1.1859391 1.0355183 1.5084791 1.0611348 1.0681842 1.2098715 1.0719207 1.1262348 0.0019911 0.0000000 0.0000010 0.0039914 0.0040017 0.0039452 0.0039885 0.0039420 0.0079511 0.0080092 0.0026929 0.0039489 0.0059666 0.0039489 0.0039608 0.0039444 0.0059591 0.0059356 0.0000010 0.0099459 0.9672802 
Humaita_Tubiacanga_virus_F1058C249F1062          1.3565793 1.3565793 1.3565188 1.3662482 0.9882920 1.3536786 1.3463278 1.3518129 1.3518129 1.3627971 1.3650543 1.3809884 1.3651687 1.3977621 0.9677250 1.3288835 1.5289228 1.5204092 1.1388332 1.1202820 1.1598954 1.0253574 1.1710286 1.1429722 1.1714283 1.1641306 1.1577809 1.1859391 1.0355183 1.5084791 1.0611348 1.0681842 1.2098715 1.0719207 1.1262348 0.0019911 0.0000010 0.0000000 0.0039914 0.0040017 0.0039452 0.0039885 0.0039420 0.0079511 0.0080092 0.0026929 0.0039489 0.0059666 0.0039489 0.0039608 0.0039444 0.0059591 0.0059356 0.0000010 0.0099459 0.9672802 
MN053819_Humaita-Tubiacanga_virus                1.3399629 1.3399629 1.3398729 1.3496287 0.9882920 1.3370632 1.3291648 1.3352073 1.3352073 1.3386091 1.3408460 1.3643067 1.3479215 1.3807467 0.9677250 1.3222066 1.5287618 1.5202266 1.1388332 1.1202820 1.1598954 1.0179666 1.1710286 1.1429722 1.1714283 1.1641306 1.1577809 1.1859391 1.0355183 1.4881659 1.0611348 1.0626496 1.2050597 1.0661044 1.1205154 0.0019923 0.0039914 0.0039914 0.0000000 0.0040041 0.0080144 0.0039910 0.0080077 0.0100375 0.0101116 0.0026929 0.0080218 0.0080623 0.0080218 0.0060329 0.0080126 0.0100885 0.0100483 0.0000010 0.0120679 0.9712425 
MN053817_Humaita-Tubiacanga_virus                1.3332945 1.3332945 1.3331932 1.3428925 0.9882920 1.3304150 1.3223531 1.3285758 1.3285758 1.3319560 1.3341749 1.3574430 1.3409430 1.3736277 0.9677250 1.3155501 1.5318590 1.5233139 1.1388332 1.1202820 1.1598954 1.0253574 1.1710286 1.1429722 1.1714283 1.1641306 1.1577809 1.1859391 1.0355183 1.4780609 1.0611348 1.0681842 1.2098715 1.0719207 1.1262348 0.0019981 0.0040017 0.0040017 0.0040041 0.0000000 0.0080348 0.0040004 0.0080282 0.0100630 0.0101374 0.0026929 0.0080423 0.0080827 0.0080423 0.0060483 0.0080331 0.0101140 0.0100738 0.0000010 0.0120984 0.9672802 
Humaita_Tubiacanga_virus_F1058C249F1002          1.3672576 1.3672576 1.3672154 1.3769897 0.9882920 1.3643378 1.3572896 1.3624541 1.3624541 1.3735024 1.3757776 1.3918650 1.3763079 1.4089670 0.9677250 1.3218566 1.5191222 1.5106584 1.1388332 1.1202820 1.1598954 1.0184277 1.1710286 1.1429722 1.1714283 1.1641306 1.1577809 1.1859391 1.0355183 1.4988401 1.0611348 1.0802233 1.2098715 1.0719207 1.1215594 0.0059968 0.0039452 0.0039452 0.0080144 0.0080348 0.0000000 0.0080087 0.0079149 0.0119732 0.0120609 0.0026929 0.0079287 0.0099836 0.0079287 0.0079514 0.0079197 0.0099708 0.0099314 0.0000010 0.0139791 0.9672802 
MN053823_Humaita-Tubiacanga_virus                1.3451870 1.3451870 1.3451063 1.3548576 0.9877529 1.3422860 1.3345575 1.3404263 1.3404263 1.3438279 1.3460677 1.3695612 1.3543846 1.3861144 0.9672366 1.3275111 1.5366482 1.5280843 1.1374726 1.1189508 1.1584941 1.0206565 1.1680959 1.1400885 1.1684942 1.1612125 1.1548764 1.1826624 1.0363353 1.4991663 1.0695683 1.0635656 1.2088477 1.0670577 1.1213082 0.0019909 0.0039885 0.0039885 0.0039910 0.0040004 0.0080087 0.0000000 0.0080020 0.0100303 0.0101042 0.0053975 0.0080161 0.0080566 0.0080161 0.0060286 0.0080069 0.0100813 0.0100410 0.0000010 0.0120591 0.9667941 
Humaita_Tubiacanga_virus_F1058C249F1058          1.3722919 1.3722919 1.3722582 1.3820585 0.9989560 1.3693615 1.3624532 1.3674685 1.3674685 1.3785524 1.3808372 1.3970047 1.3709665 1.4142704 0.9781969 1.3421797 1.5449572 1.5363697 1.1506906 1.1301952 1.1701123 1.0150015 1.1683870 1.1403489 1.1687859 1.1614961 1.1551528 1.1830017 1.0363466 1.5136425 1.0604192 1.0581090 1.2094993 1.0828202 1.1371507 0.0059919 0.0039420 0.0039420 0.0080077 0.0080282 0.0079149 0.0080020 0.0000000 0.0119631 0.0120507 0.0054053 0.0079222 0.0099752 0.0079222 0.0079449 0.0079131 0.0099626 0.0099231 0.0000010 0.0139673 0.9648798 
Humaita_Tubiacanga_virus_F1058C249F1059          1.3536230 1.3536230 1.3535572 1.3633102 0.9753400 1.3507168 1.3432539 1.3488492 1.3488492 1.3598564 1.3621169 1.3780684 1.3621179 1.3948175 0.9549468 1.3176877 1.5126077 1.5041362 1.1248917 1.1064455 1.1457619 1.0125231 1.1743678 1.1462689 1.1747699 1.1674561 1.1610938 1.1896647 1.0385423 1.5080482 1.0477569 1.0812598 1.2101444 1.0589178 1.1133607 0.0080114 0.0079511 0.0079511 0.0100375 0.0100630 0.0119732 0.0100303 0.0119631 0.0000000 0.0000010 0.0027009 0.0119842 0.0140533 0.0119842 0.0120186 0.0119705 0.0140659 0.0140102 0.0000010 0.0140720 0.9672103 
Humaita_Tubiacanga_virus_F1058C249F1064          1.3411153 1.3411153 1.3410277 1.3507522 0.9753400 1.3382243 1.3303886 1.3363732 1.3363732 1.3473327 1.3495773 1.3653893 1.3490929 1.3817987 0.9549468 1.3018579 1.4867387 1.4783590 1.1248917 1.1064455 1.1457619 0.9851337 1.1743678 1.1462689 1.1747699 1.1674561 1.1610938 1.1896647 1.0385423 1.4930241 1.0477569 1.0810176 1.2101444 1.0585065 1.1133325 0.0080705 0.0080092 0.0080092 0.0101116 0.0101374 0.0120609 0.0101042 0.0120507 0.0000010 0.0000000 0.0027009 0.0120720 0.0141567 0.0120720 0.0121068 0.0120582 0.0141705 0.0141130 0.0000010 0.0141768 0.9680026 
MW650676_Humaita-Tubiacanga_virus                0.9669983 0.9669983 0.9669983 0.9669983 0.9829390 0.9640061 0.9415236 0.9624384 0.9624384 0.9624384 0.9624384 0.9899568 0.9584205 0.9980876 0.9624384 0.9493758 1.1470509 1.1381535 1.1331212 1.1146062 1.1541126 0.9246757 1.1653194 1.1372890 1.1657175 1.1584332 1.1520944 1.1795989 1.0301497 1.0478415 1.0556271 0.9774976 1.1997312 0.9866045 0.9990341 0.0026929 0.0026929 0.0026929 0.0026929 0.0026929 0.0026929 0.0053975 0.0054053 0.0027009 0.0027009 0.0000000 0.0054046 0.0054046 0.0054046 0.0054046 0.0081194 0.0081740 0.0081299 0.0000010 0.0027007 0.9248015 
Humaita_Tubiacanga_virus_F1058C249F1001          1.3693313 1.3693313 1.3745858 1.3791247 1.0019170 1.3663930 1.3593670 1.3644964 1.3644964 1.3756127 1.3779029 1.3941017 1.3785191 1.4113584 0.9810227 1.3171074 1.5110557 1.5026419 1.1215007 1.1032167 1.1421695 1.0391140 1.1870811 1.1587195 1.1874890 1.1800922 1.1736598 1.2039210 1.0314480 1.4953628 1.0487126 1.0532742 1.1920058 1.0861770 1.1407165 0.0060024 0.0039489 0.0039489 0.0080218 0.0080423 0.0079287 0.0080161 0.0079222 0.0119842 0.0120720 0.0054046 0.0000000 0.0019774 0.0000010 0.0039554 0.0039396 0.0019750 0.0019672 0.0000010 0.0059332 0.9529263 
Humaita_Tubiacanga_virus_F1058C249F1339          1.3823097 1.3823097 1.3876278 1.3922244 1.0019170 1.3793345 1.3726503 1.3774074 1.3774074 1.3755784 1.3778754 1.4074353 1.3921096 1.4251787 0.9810227 1.3077384 1.5259939 1.5174799 1.1215007 1.1032167 1.1421695 1.0391140 1.1870811 1.1587195 1.1874890 1.1800922 1.1736598 1.2039210 1.0314480 1.5100715 1.0487126 1.0532742 1.1920058 1.0861770 1.1407165 0.0060327 0.0059666 0.0059666 0.0080623 0.0080827 0.0099836 0.0080566 0.0099752 0.0140533 0.0141567 0.0054046 0.0019774 0.0000000 0.0019774 0.0019746 0.0059526 0.0039788 0.0039631 0.0000010 0.0079689 0.9529263 
Humaita_Tubiacanga_virus_F1058C249F1067          1.3693313 1.3693313 1.3745858 1.3791247 1.0019170 1.3663930 1.3593670 1.3644964 1.3644964 1.3756127 1.3779029 1.3941017 1.3785191 1.4113584 0.9810227 1.3171074 1.5110557 1.5026419 1.1215007 1.1032167 1.1421695 1.0391140 1.1870811 1.1587195 1.1874890 1.1800922 1.1736598 1.2039210 1.0314480 1.4953628 1.0487126 1.0532742 1.1920058 1.0861770 1.1407165 0.0060024 0.0039489 0.0039489 0.0080218 0.0080423 0.0079287 0.0080161 0.0079222 0.0119842 0.0120720 0.0054046 0.0000010 0.0019774 0.0000000 0.0039554 0.0039396 0.0019750 0.0019672 0.0000010 0.0059332 0.9529263 
Humaita_Tubiacanga_virus_F1058C249F1335          1.3873285 1.3873285 1.3873201 1.3972413 1.0019170 1.3843535 1.3778369 1.3824241 1.3824241 1.3805916 1.3828897 1.4124676 1.3973163 1.4303080 0.9810227 1.3114131 1.5297344 1.5212192 1.1215007 1.1032167 1.1421695 1.0391140 1.1870811 1.1587195 1.1874890 1.1800922 1.1736598 1.2039210 1.0314480 1.5137987 1.0487126 1.0532742 1.1920058 1.0861770 1.1407165 0.0040126 0.0039608 0.0039608 0.0060329 0.0060483 0.0079514 0.0060286 0.0079449 0.0120186 0.0121068 0.0054046 0.0039554 0.0019746 0.0039554 0.0000000 0.0039509 0.0059689 0.0059454 0.0000010 0.0099624 0.9529263 
Humaita_Tubiacanga_virus_F1058C249F1336          1.3755698 1.3755698 1.3755415 1.3853975 1.0066830 1.3726210 1.3657759 1.3707144 1.3707144 1.3818653 1.3841654 1.4004500 1.3850268 1.4178959 0.9856770 1.3218404 1.5165707 1.5081233 1.1267956 1.1084315 1.1475827 1.0439179 1.1963160 1.1678295 1.1967280 1.1892879 1.1828194 1.2142470 1.0396164 1.5040270 1.0570866 1.0610014 1.1929921 1.0945390 1.1491128 0.0059955 0.0039444 0.0039444 0.0080126 0.0080331 0.0079197 0.0080069 0.0079131 0.0119705 0.0120582 0.0081194 0.0039396 0.0059526 0.0039396 0.0039509 0.0000000 0.0059451 0.0059216 0.0000010 0.0099225 0.9574069 
Humaita_Tubiacanga_virus_F1058C249F1503          1.3657938 1.3657938 1.3710357 1.3755631 0.9982644 1.3628628 1.3557380 1.3609727 1.3609727 1.3720642 1.3743477 1.3904904 1.3748247 1.4076321 0.9774439 1.3136353 1.5135711 1.5051366 1.1233581 1.1050003 1.1441192 1.0562533 1.1891905 1.1607289 1.1896004 1.1821753 1.1757185 1.2063252 1.0486193 1.5131086 1.0561179 1.0601099 1.2001735 1.1037143 1.1582800 0.0080520 0.0059591 0.0059591 0.0100885 0.0101140 0.0099708 0.0100813 0.0099626 0.0140659 0.0141705 0.0081740 0.0019750 0.0039788 0.0019750 0.0059689 0.0059451 0.0000000 0.0039581 0.0000010 0.0079587 0.9589108 
Humaita_Tubiacanga_virus_F1058C249F1060          1.3678819 1.3678819 1.3731319 1.3776666 1.0003051 1.3649462 1.3578788 1.3630521 1.3630521 1.3741596 1.3764474 1.3926250 1.3770066 1.4098365 0.9794332 1.3156772 1.5082691 1.4998625 1.1184132 1.1001588 1.1390336 1.0371462 1.1853332 1.1569850 1.1857404 1.1783493 1.1719214 1.2019728 1.0298450 1.4937795 1.0470762 1.0517656 1.2008454 1.0832495 1.1378008 0.0080200 0.0059356 0.0059356 0.0100483 0.0100738 0.0099314 0.0100410 0.0099231 0.0140102 0.0141130 0.0081299 0.0019672 0.0039631 0.0019672 0.0059454 0.0059216 0.0039581 0.0000000 0.0000010 0.0079273 0.9513755 
MW773212_Humaita-Tubiacanga_virus                0.5836049 0.5836049 0.5836049 0.5836049 0.6212410 0.5836049 0.5836049 0.5836049 0.5836049 0.5836049 0.5836049 0.6238141 0.6038517 0.6403554 0.5836049 0.5819391 0.6969349 0.6969349 0.7013121 0.6796817 0.6793468 0.6146289 0.7316872 0.7139454 0.7316872 0.7316872 0.7316872 0.8985867 0.6991504 0.7351469 0.7806549 0.6890724 0.8733770 0.6443431 0.6756609 0.0000010 0.0000010 0.0000010 0.0000010 0.0000010 0.0000010 0.0000010 0.0000010 0.0000010 0.0000010 0.0000010 0.0000010 0.0000010 0.0000010 0.0000010 0.0000010 0.0000010 0.0000010 0.0000000 0.0000010 0.5912131 
Humaita_Tubiacanga_virus_F1058C249F1065          1.3907491 1.3907491 1.3960858 1.4007006 0.9965125 1.3877624 1.3813326 1.3858237 1.3858237 1.3971049 1.3994383 1.4159989 1.4009068 1.4339807 0.9756855 1.3215450 1.5074426 1.4990455 1.1158449 1.0975973 1.1364444 1.0337704 1.1813153 1.1529793 1.1817215 1.1743390 1.1679163 1.1975115 1.0260848 1.4910605 1.0432443 1.0582992 1.1862864 1.0807804 1.1353922 0.0100328 0.0099459 0.0099459 0.0120679 0.0120984 0.0139791 0.0120591 0.0139673 0.0140720 0.0141768 0.0027007 0.0059332 0.0079689 0.0059332 0.0099624 0.0099225 0.0079587 0.0079273 0.0000010 0.0000000 0.9477082 
MW199223_Virus_sp.                               1.0160781 1.0160781 1.0160781 1.0160781 0.9786734 1.0171174 1.0124242 1.0149241 1.0149241 1.0149241 1.0149241 1.0384022 1.0181955 1.0385412 0.9612118 1.0341516 1.0774579 1.0857549 0.9729560 0.9736925 0.9709370 1.0353725 1.1807420 1.1698381 1.1796737 1.1752868 1.1651451 1.1323639 1.0527942 1.2482434 1.1063120 1.0675372 1.0715947 1.3131391 1.3301257 0.9672802 0.9672802 0.9672802 0.9712425 0.9672802 0.9672802 0.9667941 0.9648798 0.9672103 0.9680026 0.9248015 0.9529263 0.9529263 0.9529263 0.9529263 0.9574069 0.9589108 0.9513755 0.5912131 0.9477082 0.0000000 
