41
Nam_Dinh_virus_F1576C2C25945C25414C25622C8C26117C15F1576 0.0000000 0.0102396 0.0101811 0.0080935 0.0067597 0.0054173 0.0040363 0.0054298 0.0015316 0.0072669 0.0072572 0.0105792 0.0089449 0.0102139 0.0093545 0.0119043 0.0106472 0.0102228 0.0111017 0.0093876 0.0114678 0.0102246 0.0102412 0.0456992 0.0179084 0.0106412 0.0106412 0.0110672 0.0114675 0.0145557 0.0106448 0.0093823 0.0098128 0.0114957 0.0110445 0.0106512 0.0102286 0.0169786 0.0405157 0.0456992 0.0768458 
MT514349_Alphamesonivirus_1                              0.0102396 0.0000000 0.0023951 0.0098167 0.0095810 0.0082277 0.0068114 0.0082471 0.0078171 0.0085602 0.0077139 0.0077080 0.0015959 0.0032106 0.0023974 0.0068938 0.0048414 0.0052546 0.0069275 0.0060773 0.0077325 0.0052571 0.0060898 0.0443880 0.0112625 0.0056639 0.0056639 0.0060777 0.0064776 0.0086037 0.0048403 0.0036163 0.0040258 0.0073163 0.0085832 0.0056656 0.0052541 0.0147754 0.0371385 0.0443880 0.0805831 
MT514351_Alphamesonivirus_1                              0.0101811 0.0023951 0.0000000 0.0101818 0.0095810 0.0082277 0.0068114 0.0082471 0.0078171 0.0085115 0.0068463 0.0068411 0.0007915 0.0023890 0.0015857 0.0060338 0.0040018 0.0044099 0.0060630 0.0052237 0.0068626 0.0044120 0.0052353 0.0431084 0.0103210 0.0048151 0.0048151 0.0052240 0.0056214 0.0077209 0.0040009 0.0027905 0.0031964 0.0064508 0.0077028 0.0048164 0.0044095 0.0137452 0.0359307 0.0431084 0.0778536 
KF522691_Alphamesonivirus_1                              0.0080935 0.0098167 0.0101818 0.0000000 0.0000010 0.0013279 0.0026674 0.0040363 0.0061637 0.0089103 0.0088984 0.0114067 0.0089455 0.0102146 0.0093551 0.0114399 0.0101899 0.0097682 0.0106403 0.0097655 0.0122890 0.0097700 0.0097857 0.0467210 0.0179100 0.0101842 0.0101842 0.0106075 0.0110062 0.0140720 0.0101876 0.0089328 0.0089406 0.0115192 0.0114541 0.0101938 0.0097737 0.0173496 0.0415274 0.0467210 0.0803114 
JQ996713_Alphamesonivirus_1                              0.0067597 0.0095810 0.0095810 0.0000010 0.0000000 0.0013279 0.0026674 0.0040363 0.0061637 0.0053689 0.0053689 0.0067640 0.0095810 0.0110300 0.0095810 0.0152717 0.0124132 0.0095673 0.0109824 0.0109584 0.0123874 0.0095686 0.0095686 0.0317571 0.0110051 0.0095673 0.0095673 0.0095673 0.0151953 0.0139115 0.0124217 0.0109894 0.0110040 0.0109569 0.0139173 0.0124132 0.0109894 0.0191156 0.0320327 0.0317571 0.0905362 
JQ996715_Alphamesonivirus_1                              0.0054173 0.0082277 0.0082277 0.0013279 0.0013279 0.0000000 0.0013353 0.0026911 0.0046235 0.0040337 0.0040337 0.0054210 0.0082277 0.0096695 0.0082277 0.0139117 0.0110558 0.0082160 0.0096282 0.0096069 0.0110326 0.0082172 0.0082172 0.0303807 0.0096481 0.0082160 0.0082160 0.0082160 0.0138416 0.0125453 0.0110634 0.0096343 0.0096471 0.0096056 0.0125507 0.0110558 0.0096343 0.0177184 0.0306143 0.0303807 0.0890630 
JQ996714_Alphamesonivirus_1                              0.0040363 0.0068114 0.0068114 0.0026674 0.0026674 0.0013353 0.0000000 0.0013384 0.0030649 0.0026717 0.0026717 0.0040392 0.0068114 0.0082332 0.0068114 0.0124382 0.0096105 0.0068018 0.0081987 0.0081806 0.0095902 0.0068028 0.0068028 0.0287375 0.0082155 0.0068018 0.0068018 0.0068018 0.0123757 0.0110775 0.0096169 0.0082038 0.0082146 0.0081794 0.0110823 0.0096105 0.0082038 0.0161669 0.0289177 0.0287375 0.0867819 
JQ996712_Alphamesonivirus_1                              0.0054298 0.0082471 0.0082471 0.0040363 0.0040363 0.0026911 0.0013384 0.0000000 0.0030686 0.0040429 0.0040429 0.0054335 0.0082471 0.0096925 0.0082471 0.0139453 0.0110822 0.0082353 0.0096510 0.0096296 0.0110589 0.0082365 0.0082365 0.0289160 0.0096710 0.0082353 0.0082353 0.0082353 0.0138749 0.0125756 0.0110898 0.0096571 0.0096700 0.0096283 0.0125810 0.0110822 0.0096571 0.0162645 0.0291031 0.0289160 0.0874384 
LC609729_Alphamesonivirus_1                              0.0015316 0.0078171 0.0078171 0.0061637 0.0061637 0.0046235 0.0030649 0.0030686 0.0000000 0.0000010 0.0000010 0.0046273 0.0078171 0.0094596 0.0078171 0.0110371 0.0110425 0.0078044 0.0094136 0.0062238 0.0078234 0.0078056 0.0078056 0.0279769 0.0094358 0.0078044 0.0078044 0.0078044 0.0126129 0.0127453 0.0110511 0.0094203 0.0094346 0.0062228 0.0127516 0.0110425 0.0094203 0.0160116 0.0286086 0.0279769 0.0749743 
OL700077_Alphamesonivirus_1                              0.0072669 0.0085602 0.0085115 0.0089103 0.0053689 0.0040337 0.0026717 0.0040429 0.0000010 0.0000000 0.0031894 0.0080663 0.0072837 0.0085387 0.0076908 0.0106189 0.0093711 0.0089506 0.0098180 0.0081219 0.0106301 0.0089522 0.0089666 0.0471518 0.0161050 0.0093659 0.0093659 0.0097879 0.0101872 0.0132401 0.0093690 0.0081174 0.0085428 0.0102119 0.0106321 0.0093746 0.0089557 0.0169168 0.0429630 0.0471518 0.0791168 
KF771866_Alphamesonivirus_1                              0.0072572 0.0077139 0.0068463 0.0088984 0.0053689 0.0040337 0.0026717 0.0040429 0.0000010 0.0031894 0.0000000 0.0056099 0.0056288 0.0068679 0.0060329 0.0097652 0.0076917 0.0072763 0.0089658 0.0072822 0.0097754 0.0081078 0.0081207 0.0459201 0.0142914 0.0076874 0.0076874 0.0081043 0.0085024 0.0115102 0.0072800 0.0064522 0.0068712 0.0085228 0.0097773 0.0085272 0.0081109 0.0173335 0.0419021 0.0459201 0.0766860 
NC_015874_Alphamesonivirus_1                             0.0105792 0.0077080 0.0068411 0.0114067 0.0067640 0.0054210 0.0040392 0.0054335 0.0046273 0.0080663 0.0056099 0.0000000 0.0056235 0.0068626 0.0060282 0.0093539 0.0072832 0.0077020 0.0093998 0.0085330 0.0110458 0.0085369 0.0085506 0.0451611 0.0142813 0.0081147 0.0081147 0.0085334 0.0089323 0.0110942 0.0072816 0.0060457 0.0064636 0.0097833 0.0110670 0.0081171 0.0077014 0.0173334 0.0409827 0.0451611 0.0812375 
MT514350_Alphamesonivirus_1                              0.0089449 0.0015959 0.0007915 0.0089455 0.0095810 0.0082277 0.0068114 0.0082471 0.0078171 0.0072837 0.0056288 0.0056235 0.0000000 0.0011925 0.0003957 0.0048182 0.0027966 0.0032019 0.0048422 0.0040116 0.0060523 0.0036080 0.0040195 0.0416940 0.0090345 0.0036054 0.0036054 0.0040119 0.0044096 0.0064908 0.0027960 0.0015919 0.0019944 0.0052325 0.0064758 0.0036064 0.0032016 0.0125558 0.0345420 0.0416940 0.0769579 
MF176279_Alphamesonivirus_1                              0.0102139 0.0032106 0.0023890 0.0102146 0.0110300 0.0096695 0.0082332 0.0096925 0.0094596 0.0085387 0.0068679 0.0068626 0.0011925 0.0000000 0.0015905 0.0060528 0.0040140 0.0044233 0.0060822 0.0052410 0.0077123 0.0052435 0.0052517 0.0437989 0.0103555 0.0048309 0.0048309 0.0052414 0.0056399 0.0077455 0.0040131 0.0027990 0.0032061 0.0064712 0.0077273 0.0048323 0.0044229 0.0138682 0.0361497 0.0437989 0.0792490 
MT514348_Alphamesonivirus_1                              0.0093545 0.0023974 0.0015857 0.0093551 0.0095810 0.0082277 0.0068114 0.0082471 0.0078171 0.0076908 0.0060329 0.0060282 0.0003957 0.0015905 0.0000000 0.0052214 0.0031972 0.0036033 0.0052475 0.0044142 0.0068694 0.0044162 0.0044229 0.0426996 0.0094610 0.0040073 0.0040073 0.0044145 0.0048120 0.0068988 0.0031965 0.0019905 0.0023941 0.0056369 0.0068828 0.0040084 0.0036030 0.0129749 0.0355204 0.0426996 0.0780125 
MH719099_Alphamesonivirus_1                              0.0119043 0.0068938 0.0060338 0.0114399 0.0152717 0.0139117 0.0124382 0.0139453 0.0110371 0.0106189 0.0097652 0.0093539 0.0048182 0.0060528 0.0052214 0.0000000 0.0044044 0.0048135 0.0031980 0.0023851 0.0048021 0.0023862 0.0023899 0.0436257 0.0134228 0.0052192 0.0052192 0.0056301 0.0060273 0.0081317 0.0044035 0.0031910 0.0035980 0.0064419 0.0048105 0.0019854 0.0015863 0.0125094 0.0364394 0.0436257 0.0794543 
MW699044_Alphamesonivirus_1                              0.0106472 0.0048414 0.0040018 0.0101899 0.0124132 0.0110558 0.0096105 0.0110822 0.0110425 0.0093711 0.0076917 0.0072832 0.0027966 0.0040140 0.0031972 0.0044044 0.0000000 0.0019911 0.0044261 0.0036004 0.0060419 0.0036021 0.0036075 0.0426714 0.0112285 0.0023914 0.0023914 0.0027942 0.0031908 0.0052464 0.0015896 0.0011906 0.0015911 0.0048155 0.0060538 0.0031968 0.0027937 0.0121047 0.0355005 0.0426714 0.0785878 
MH520101_Alphamesonivirus_1                              0.0102228 0.0052546 0.0044099 0.0097682 0.0095673 0.0082160 0.0068018 0.0082353 0.0078044 0.0089506 0.0072763 0.0077020 0.0032019 0.0044233 0.0036033 0.0048135 0.0019911 0.0000000 0.0048373 0.0040077 0.0064566 0.0040095 0.0040156 0.0421984 0.0116759 0.0003955 0.0003955 0.0007927 0.0027879 0.0056604 0.0019906 0.0015904 0.0019925 0.0044079 0.0056419 0.0036028 0.0031985 0.0125417 0.0350341 0.0421984 0.0780169 
KJ475851_Alphamesonivirus_1                              0.0111017 0.0069275 0.0060630 0.0106403 0.0109824 0.0096282 0.0081987 0.0096510 0.0094136 0.0098180 0.0089658 0.0093998 0.0048422 0.0060822 0.0052475 0.0031980 0.0044261 0.0048373 0.0000000 0.0015924 0.0040077 0.0015931 0.0007933 0.0434258 0.0134920 0.0052452 0.0052452 0.0056573 0.0060564 0.0081715 0.0044241 0.0032060 0.0036149 0.0064731 0.0048310 0.0019947 0.0015937 0.0117393 0.0362013 0.0434258 0.0784832 
KC807175_Alphamesonivirus_1                              0.0093876 0.0060773 0.0052237 0.0097655 0.0109584 0.0096069 0.0081806 0.0096296 0.0062238 0.0081219 0.0072822 0.0085330 0.0040116 0.0052410 0.0044142 0.0023851 0.0036004 0.0040077 0.0015924 0.0000000 0.0023874 0.0007912 0.0007933 0.0427067 0.0125583 0.0044124 0.0044124 0.0048206 0.0052182 0.0073120 0.0035997 0.0023911 0.0027959 0.0048186 0.0040026 0.0011901 0.0007924 0.0112549 0.0355307 0.0427067 0.0762899 
KC807178_Alphamesonivirus_1                              0.0114678 0.0077325 0.0068626 0.0122890 0.0123874 0.0110326 0.0095902 0.0110589 0.0078234 0.0106301 0.0097754 0.0110458 0.0060523 0.0077123 0.0068694 0.0048021 0.0060419 0.0064566 0.0040077 0.0023874 0.0000000 0.0023868 0.0031946 0.0440021 0.0142961 0.0068663 0.0068663 0.0072812 0.0076793 0.0098160 0.0060406 0.0048141 0.0052271 0.0072784 0.0060244 0.0035943 0.0031909 0.0134440 0.0367694 0.0440021 0.0774803 
KC807176_Alphamesonivirus_1                              0.0102246 0.0052571 0.0044120 0.0097700 0.0095686 0.0082172 0.0068028 0.0082365 0.0078056 0.0089522 0.0081078 0.0085369 0.0036080 0.0052435 0.0044162 0.0023862 0.0036021 0.0040095 0.0015931 0.0007912 0.0023868 0.0000000 0.0007937 0.0421947 0.0125642 0.0044144 0.0044144 0.0048228 0.0052205 0.0073154 0.0036013 0.0023922 0.0027972 0.0056342 0.0040044 0.0011907 0.0007928 0.0112601 0.0350318 0.0421947 0.0771903 
KC807177_Alphamesonivirus_1                              0.0102412 0.0060898 0.0052353 0.0097857 0.0095686 0.0082172 0.0068028 0.0082365 0.0078056 0.0089666 0.0081207 0.0085506 0.0040195 0.0052517 0.0044229 0.0023899 0.0036075 0.0040156 0.0007933 0.0007933 0.0031946 0.0007937 0.0000000 0.0428042 0.0125856 0.0044211 0.0044211 0.0048313 0.0052296 0.0073271 0.0036068 0.0023958 0.0028015 0.0056431 0.0040105 0.0011925 0.0007940 0.0112787 0.0356115 0.0428042 0.0775740 
HM746600_Alphamesonivirus_1                              0.0456992 0.0443880 0.0431084 0.0467210 0.0317571 0.0303807 0.0287375 0.0289160 0.0279769 0.0471518 0.0459201 0.0451611 0.0416940 0.0437989 0.0426996 0.0436257 0.0426714 0.0421984 0.0434258 0.0427067 0.0440021 0.0421947 0.0428042 0.0000000 0.0545073 0.0426766 0.0426766 0.0431858 0.0446006 0.0474327 0.0423676 0.0411875 0.0417291 0.0450761 0.0437514 0.0422077 0.0417150 0.0471688 0.0135273 0.0000010 0.0970295 
KC807170_Alphamesonivirus_1                              0.0179084 0.0112625 0.0103210 0.0179100 0.0110051 0.0096481 0.0082155 0.0096710 0.0094358 0.0161050 0.0142914 0.0142813 0.0090345 0.0103555 0.0094610 0.0134228 0.0112285 0.0116759 0.0134920 0.0125583 0.0142961 0.0125642 0.0125856 0.0545073 0.0000000 0.0121128 0.0121128 0.0125585 0.0129737 0.0152925 0.0112259 0.0099119 0.0103608 0.0138834 0.0152519 0.0121169 0.0116752 0.0219003 0.0465128 0.0545073 0.0911790 
KU095838_Alphamesonivirus_1                              0.0106412 0.0056639 0.0048151 0.0101842 0.0095673 0.0082160 0.0068018 0.0082353 0.0078044 0.0093659 0.0076874 0.0081147 0.0036054 0.0048309 0.0040073 0.0052192 0.0023914 0.0003955 0.0052452 0.0044124 0.0068663 0.0044144 0.0044211 0.0426766 0.0121128 0.0000000 0.0000010 0.0003955 0.0031890 0.0060702 0.0023909 0.0019898 0.0023931 0.0048129 0.0060503 0.0040067 0.0036015 0.0129677 0.0355043 0.0426766 0.0785608 
MH520106_Alphamesonivirus_1                              0.0106412 0.0056639 0.0048151 0.0101842 0.0095673 0.0082160 0.0068018 0.0082353 0.0078044 0.0093659 0.0076874 0.0081147 0.0036054 0.0048309 0.0040073 0.0052192 0.0023914 0.0003955 0.0052452 0.0044124 0.0068663 0.0044144 0.0044211 0.0426766 0.0121128 0.0000010 0.0000000 0.0003955 0.0031890 0.0060702 0.0023909 0.0019898 0.0023931 0.0048129 0.0060503 0.0040067 0.0036015 0.0129677 0.0355043 0.0426766 0.0785608 
MH520103_Alphamesonivirus_1                              0.0110672 0.0060777 0.0052240 0.0106075 0.0095673 0.0082160 0.0068018 0.0082353 0.0078044 0.0097879 0.0081043 0.0085334 0.0040119 0.0052414 0.0044145 0.0056301 0.0027942 0.0007927 0.0056573 0.0048206 0.0072812 0.0048228 0.0048313 0.0431858 0.0125585 0.0003955 0.0003955 0.0000000 0.0035930 0.0064848 0.0027936 0.0023913 0.0027962 0.0052217 0.0064635 0.0044139 0.0040076 0.0134028 0.0360002 0.0431858 0.0791630 
MK440619_Alphamesonivirus_1                              0.0114675 0.0064776 0.0056214 0.0110062 0.0151953 0.0138416 0.0123757 0.0138749 0.0126129 0.0101872 0.0085024 0.0089323 0.0044096 0.0056399 0.0048120 0.0060273 0.0031908 0.0027879 0.0060564 0.0052182 0.0076793 0.0052205 0.0052296 0.0446006 0.0129737 0.0031890 0.0031890 0.0035930 0.0000000 0.0068844 0.0031901 0.0027876 0.0031931 0.0056189 0.0064489 0.0048113 0.0044049 0.0138063 0.0373923 0.0446006 0.0790183 
MH215275_Alphamesonivirus_1                              0.0145557 0.0086037 0.0077209 0.0140720 0.0139115 0.0125453 0.0110775 0.0125756 0.0127453 0.0132401 0.0115102 0.0110942 0.0064908 0.0077455 0.0068988 0.0081317 0.0052464 0.0056604 0.0081715 0.0073120 0.0098160 0.0073154 0.0073271 0.0474327 0.0152925 0.0060702 0.0060702 0.0064848 0.0068844 0.0000000 0.0052452 0.0048352 0.0052502 0.0085581 0.0098350 0.0068977 0.0064836 0.0160724 0.0401128 0.0474327 0.0837812 
OV054251_Alphamesonivirus_1                              0.0106448 0.0048403 0.0040009 0.0101876 0.0124217 0.0110634 0.0096169 0.0110898 0.0110511 0.0093690 0.0072800 0.0072816 0.0027960 0.0040131 0.0031965 0.0044035 0.0015896 0.0019906 0.0044241 0.0035997 0.0060406 0.0036013 0.0036068 0.0423676 0.0112259 0.0023909 0.0023909 0.0027936 0.0031901 0.0052452 0.0000000 0.0011904 0.0015908 0.0048145 0.0060524 0.0031961 0.0027930 0.0121019 0.0354921 0.0423676 0.0780461 
MN101550_Alphamesonivirus_1                              0.0093823 0.0036163 0.0027905 0.0089328 0.0109894 0.0096343 0.0082038 0.0096571 0.0094203 0.0081174 0.0064522 0.0060457 0.0015919 0.0027990 0.0019905 0.0031910 0.0011906 0.0015904 0.0032060 0.0023911 0.0048141 0.0023922 0.0023958 0.0411875 0.0099119 0.0019898 0.0019898 0.0023913 0.0027876 0.0048352 0.0011904 0.0000000 0.0003960 0.0035979 0.0048233 0.0019903 0.0015902 0.0108201 0.0340491 0.0411875 0.0768663 
MF281710_Alphamesonivirus_1                              0.0098128 0.0040258 0.0031964 0.0089406 0.0110040 0.0096471 0.0082146 0.0096700 0.0094346 0.0085428 0.0068712 0.0064636 0.0019944 0.0032061 0.0023941 0.0035980 0.0015911 0.0019925 0.0036149 0.0027959 0.0052271 0.0027972 0.0028015 0.0417291 0.0103608 0.0023931 0.0023931 0.0027962 0.0031931 0.0052502 0.0015908 0.0003960 0.0000000 0.0040067 0.0052382 0.0023938 0.0019923 0.0112590 0.0345711 0.0417291 0.0770609 
MT096515_Alphamesonivirus_1                              0.0114957 0.0073163 0.0064508 0.0115192 0.0109569 0.0096056 0.0081794 0.0096283 0.0062228 0.0102119 0.0085228 0.0097833 0.0052325 0.0064712 0.0056369 0.0064419 0.0048155 0.0044079 0.0064731 0.0048186 0.0072784 0.0056342 0.0056431 0.0450761 0.0138834 0.0048129 0.0048129 0.0052217 0.0056189 0.0085581 0.0048145 0.0035979 0.0040067 0.0000000 0.0072799 0.0052224 0.0048146 0.0137384 0.0378605 0.0450761 0.0793123 
MH443059_Alphamesonivirus_1                              0.0110445 0.0085832 0.0077028 0.0114541 0.0139173 0.0125507 0.0110823 0.0125810 0.0127516 0.0106321 0.0097773 0.0110670 0.0064758 0.0077273 0.0068828 0.0048105 0.0060538 0.0056419 0.0048310 0.0040026 0.0060244 0.0040044 0.0040105 0.0437514 0.0152519 0.0060503 0.0060503 0.0064635 0.0064489 0.0098350 0.0060524 0.0048233 0.0052382 0.0072799 0.0000000 0.0044120 0.0040059 0.0138532 0.0374204 0.0437514 0.0761729 
MH188022_Alphamesonivirus_1                              0.0106512 0.0056656 0.0048164 0.0101938 0.0124132 0.0110558 0.0096105 0.0110822 0.0110425 0.0093746 0.0085272 0.0081171 0.0036064 0.0048323 0.0040084 0.0019854 0.0031968 0.0036028 0.0019947 0.0011901 0.0035943 0.0011907 0.0011925 0.0422077 0.0121169 0.0040067 0.0040067 0.0044139 0.0048113 0.0068977 0.0031961 0.0019903 0.0023938 0.0052224 0.0044120 0.0000000 0.0003955 0.0112455 0.0350447 0.0422077 0.0778188 
MH188023_Alphamesonivirus_1                              0.0102286 0.0052541 0.0044095 0.0097737 0.0109894 0.0096343 0.0082038 0.0096571 0.0094203 0.0089557 0.0081109 0.0077014 0.0032016 0.0044229 0.0036030 0.0015863 0.0027937 0.0031985 0.0015937 0.0007924 0.0031909 0.0007928 0.0007940 0.0417150 0.0116752 0.0036015 0.0036015 0.0040076 0.0044049 0.0064836 0.0027930 0.0015902 0.0019923 0.0048146 0.0040059 0.0003955 0.0000000 0.0108186 0.0345622 0.0417150 0.0774428 
LC497422_Odorna_virus                                    0.0169786 0.0147754 0.0137452 0.0173496 0.0191156 0.0177184 0.0161669 0.0162645 0.0160116 0.0169168 0.0173335 0.0173334 0.0125558 0.0138682 0.0129749 0.0125094 0.0121047 0.0125417 0.0117393 0.0112549 0.0134440 0.0112601 0.0112787 0.0471688 0.0219003 0.0129677 0.0129677 0.0134028 0.0138063 0.0160724 0.0121019 0.0108201 0.0112590 0.0137384 0.0138532 0.0112455 0.0108186 0.0000000 0.0380725 0.0471688 0.0796750 
LC497421_Alphamesonivirus_1                              0.0405157 0.0371385 0.0359307 0.0415274 0.0320327 0.0306143 0.0289177 0.0291031 0.0286086 0.0429630 0.0419021 0.0409827 0.0345420 0.0361497 0.0355204 0.0364394 0.0355005 0.0350341 0.0362013 0.0355307 0.0367694 0.0350318 0.0356115 0.0135273 0.0465128 0.0355043 0.0355043 0.0360002 0.0373923 0.0401128 0.0354921 0.0340491 0.0345711 0.0378605 0.0374204 0.0350447 0.0345622 0.0380725 0.0000000 0.0135273 0.0939873 
NC_015668_Alphamesonivirus_1                             0.0456992 0.0443880 0.0431084 0.0467210 0.0317571 0.0303807 0.0287375 0.0289160 0.0279769 0.0471518 0.0459201 0.0451611 0.0416940 0.0437989 0.0426996 0.0436257 0.0426714 0.0421984 0.0434258 0.0427067 0.0440021 0.0421947 0.0428042 0.0000010 0.0545073 0.0426766 0.0426766 0.0431858 0.0446006 0.0474327 0.0423676 0.0411875 0.0417291 0.0450761 0.0437514 0.0422077 0.0417150 0.0471688 0.0135273 0.0000000 0.0970295 
NC_036586_Alphamesonivirus_10                            0.0768458 0.0805831 0.0778536 0.0803114 0.0905362 0.0890630 0.0867819 0.0874384 0.0749743 0.0791168 0.0766860 0.0812375 0.0769579 0.0792490 0.0780125 0.0794543 0.0785878 0.0780169 0.0784832 0.0762899 0.0774803 0.0771903 0.0775740 0.0970295 0.0911790 0.0785608 0.0785608 0.0791630 0.0790183 0.0837812 0.0780461 0.0768663 0.0770609 0.0793123 0.0761729 0.0778188 0.0774428 0.0796750 0.0939873 0.0970295 0.0000000 
