21
MN661118_Atrato_Virga-like_virus_6                     0.0000000 0.0027727 0.2797494 0.2815376 0.2800983 0.2821740 0.2794824 0.2800187 0.2790552 0.2789292 0.2804345 0.8391696 2.3190727 2.3434137 1.6149709 1.6343192 1.4425488 1.2716078 1.2637681 2.4292664 3.8643987 
MN661126_Atrato_Virga-like_virus_7                     0.0027727 0.0000000 0.2786639 0.2804491 0.2790120 0.2810317 0.2783981 0.2789339 0.2779726 0.2778459 0.2793478 0.8430619 2.3196148 2.3489256 1.6164348 1.6357963 1.4447134 1.2765917 1.2683133 2.4321997 3.8759098 
MN661125_Atrato_Virga-like_virus_7                     0.2797494 0.2786639 0.0000000 0.0019836 0.0112524 0.0070850 0.0083697 0.0071645 0.0075641 0.0063664 0.0079677 0.8656302 2.3421913 2.3577997 1.6197915 1.6366855 1.4424650 1.3016683 1.2854055 2.4567782 3.9731717 
MN661123_Atrato_Virga-like_virus_7                     0.2815376 0.2804491 0.0019836 0.0000000 0.0100379 0.0066662 0.0079689 0.0067645 0.0071640 0.0059668 0.0075671 0.8667346 2.3359075 2.3620148 1.6225609 1.6394851 1.4452502 1.3028137 1.2864342 2.4503471 3.9698350 
MN661129_Atrato_Virga-like_virus_7                     0.2800983 0.2790120 0.0112524 0.0100379 0.0000000 0.0100849 0.0108401 0.0096232 0.0100261 0.0088189 0.0104342 0.8755197 2.3504369 2.3706024 1.6299271 1.6459601 1.4454874 1.2991698 1.2849386 2.4632634 4.0201956 
MN661119_Atrato_Virga-like_virus_6                     0.2821740 0.2810317 0.0070850 0.0066662 0.0100849 0.0000000 0.0029060 0.0012436 0.0016585 0.0012435 0.0029051 0.8709287 2.2887830 2.2890894 1.5869205 1.6035117 1.4078797 1.2854405 1.2501332 2.3793235 3.9857370 
MN661121_Atrato_Virga-like_virus_7                     0.2794824 0.2783981 0.0083697 0.0079689 0.0108401 0.0029060 0.0000000 0.0027740 0.0031710 0.0019808 0.0035698 0.8743033 2.3424506 2.3518290 1.6290284 1.6459300 1.4439508 1.3029278 1.2865053 2.4557016 3.9919012 
MN661122_Atrato_Virga-like_virus_7                     0.2800187 0.2789339 0.0071645 0.0067645 0.0096232 0.0012436 0.0027740 0.0000000 0.0011873 0.0007913 0.0023767 0.8700809 2.3374124 2.3530256 1.6298006 1.6466994 1.4422825 1.3015082 1.2863192 2.4561797 3.9901978 
MN661127_Atrato_Virga-like_virus_7                     0.2790552 0.2779726 0.0075641 0.0071640 0.0100261 0.0016585 0.0031710 0.0011873 0.0000000 0.0011872 0.0027734 0.8699800 2.3409722 2.3549080 1.6285805 1.6454710 1.4438828 1.3015081 1.2852175 2.4584077 3.9917990 
MN661128_Atrato_Virga-like_virus_7                     0.2789292 0.2778459 0.0063664 0.0059668 0.0088189 0.0012435 0.0019808 0.0007913 0.0011872 0.0000000 0.0015839 0.8704219 2.3395352 2.3535892 1.6274136 1.6442980 1.4445673 1.3005045 1.2843063 2.4583046 3.9907470 
MN661120_Atrato_Virga-like_virus_7                     0.2804345 0.2793478 0.0079677 0.0075671 0.0104342 0.0029051 0.0035698 0.0023767 0.0027734 0.0015839 0.0000000 0.8742878 2.3354468 2.3488828 1.6258549 1.6428796 1.4430903 1.3006553 1.2844414 2.4646729 3.9818293 
ON955131_Enontekio_virga-like_virus_1                  0.8391696 0.8430619 0.8656302 0.8667346 0.8755197 0.8709287 0.8743033 0.8700809 0.8699800 0.8704219 0.8742878 0.0000000 2.3979665 2.3696609 1.7348952 1.7570846 1.5015931 1.3674419 1.3624515 2.4228841 3.8294557 
MZ209726_Hangzhou_merodon_fulcratus_virga-like_virus_1 2.3190727 2.3196148 2.3421913 2.3359075 2.3504369 2.2887830 2.3424506 2.3374124 2.3409722 2.3395352 2.3354468 2.3979665 0.0000000 1.1097919 2.4240435 2.4205761 2.2033485 2.3553034 2.3406838 1.8086594 3.6972497 
MZ443591_Leuven_Virga-like_virus_1                     2.3434137 2.3489256 2.3577997 2.3620148 2.3706024 2.2890894 2.3518290 2.3530256 2.3549080 2.3535892 2.3488828 2.3696609 1.1097919 0.0000000 2.4968392 2.4836796 2.3464487 2.4245126 2.3733502 1.8027768 3.6941777 
NC_033192_Hubei_virga-like_virus_21                    1.6149709 1.6164348 1.6197915 1.6225609 1.6299271 1.5869205 1.6290284 1.6298006 1.6285805 1.6274136 1.6258549 1.7348952 2.4240435 2.4968392 0.0000000 0.0192320 1.3078833 1.2223493 1.1898062 2.5469439 3.9202855 
OL700070_Hubei_virga-like_virus_21                     1.6343192 1.6357963 1.6366855 1.6394851 1.6459601 1.6035117 1.6459300 1.6466994 1.6454710 1.6442980 1.6428796 1.7570846 2.4205761 2.4836796 0.0192320 0.0000000 1.3192513 1.2284262 1.1958958 2.5508083 3.9130124 
MN513382_Hammarskog_virga-like_virus                   1.4425488 1.4447134 1.4424650 1.4452502 1.4454874 1.4078797 1.4439508 1.4422825 1.4438828 1.4445673 1.4430903 1.5015931 2.2033485 2.3464487 1.3078833 1.3192513 0.0000000 1.0340873 1.0169412 2.3144222 3.8332143 
Exquased_virus_F1371C2F1021                            1.2716078 1.2765917 1.3016683 1.3028137 1.2991698 1.2854405 1.3029278 1.3015082 1.3015081 1.3005045 1.3006553 1.3674419 2.3553034 2.4245126 1.2223493 1.2284262 1.0340873 0.0000000 0.0098871 2.4096800 3.8089593 
Exquased_virus_F1371C2F1371                            1.2637681 1.2683133 1.2854055 1.2864342 1.2849386 1.2501332 1.2865053 1.2863192 1.2852175 1.2843063 1.2844414 1.3624515 2.3406838 2.3733502 1.1898062 1.1958958 1.0169412 0.0098871 0.0000000 2.3667748 3.7237644 
MT129773_Dougjudy_virga-like_virus                     2.4292664 2.4321997 2.4567782 2.4503471 2.4632634 2.3793235 2.4557016 2.4561797 2.4584077 2.4583046 2.4646729 2.4228841 1.8086594 1.8027768 2.5469439 2.5508083 2.3144222 2.4096800 2.3667748 0.0000000 3.9890934 
NC_032437_Beihai_anemone_virus_1                       3.8643987 3.8759098 3.9731717 3.9698350 4.0201956 3.9857370 3.9919012 3.9901978 3.9917990 3.9907470 3.9818293 3.8294557 3.6972497 3.6941777 3.9202855 3.9130124 3.8332143 3.8089593 3.7237644 3.9890934 0.0000000 
