41
Aedes_aegypti_virga_like_virus_subsp2_F1061C159F1058  0.0000000 0.0000010 0.0033545 0.0067146 0.0000010 0.0470258 0.0470258 0.6144845 0.5748466 1.5270217 0.6049527 0.5994119 0.5990451 0.4890079 0.9029878 0.6705854 1.2406638 0.6539858 1.5737174 0.5366417 2.9801505 0.6990581 0.6337103 0.7489711 0.6197692 0.8230766 1.8525475 0.8455118 0.6053116 0.4027668 0.5722616 0.1518015 0.3613919 0.0415501 0.0476389 0.0469393 0.0702050 0.0482575 0.0493196 0.0513032 0.9224345 
Aedes_aegypti_virga_like_virus_subsp2_F1061C159F1059  0.0000010 0.0000000 0.0033545 0.0067146 0.0000010 0.0470258 0.0470258 0.6144845 0.5748466 1.5270217 0.6049527 0.5994119 0.5990451 0.4890079 0.9029878 0.6705854 1.2406638 0.6539858 1.5737174 0.5366417 2.9801505 0.6990581 0.6337103 0.7489711 0.6197692 0.8230766 1.8525475 0.8455118 0.6053116 0.4027668 0.5722616 0.1518015 0.3613919 0.0415501 0.0476389 0.0469393 0.0702050 0.0482575 0.0493196 0.0513032 0.9224345 
LC496783_Aedes_aegypti_virga-like_virus               0.0033545 0.0033545 0.0000000 0.0033485 0.0000010 0.0415881 0.0415881 0.4375564 0.4057278 0.9496979 0.4294949 0.3730509 0.3942367 0.4876189 0.8158598 0.4713474 0.9146016 0.4539433 0.9593068 0.5366417 2.0591343 0.4842877 0.4094356 0.5197249 0.4583526 0.5518919 1.2251821 0.6051602 0.5525848 0.3523102 0.3490032 0.1066788 0.2221220 0.0451077 0.0421886 0.0407450 0.0523707 0.0427960 0.0438413 0.0379266 0.9224345 
BK059499_Aedes_binegev-like_virus_1                   0.0067146 0.0067146 0.0033485 0.0000000 0.0000010 0.0450873 0.0450873 0.4430236 0.4112092 0.9496979 0.4354175 0.3730509 0.4036438 0.4968847 0.8158598 0.4769457 0.9267358 0.4601441 0.9593068 0.5366417 2.0591343 0.4842877 0.4157640 0.5261913 0.4638020 0.5595212 1.2481586 0.6130279 0.5525848 0.3523102 0.3565507 0.1118711 0.2317272 0.0486132 0.0457386 0.0444844 0.0559022 0.0463975 0.0475326 0.0433932 0.9224345 
MZ556107_Orbis_virgavirus                             0.0000010 0.0000010 0.0000010 0.0000010 0.0000000 0.0628143 0.0628143 6.9173820 8.2622917 9.0000000 6.9173820 9.0000000 2.6021721 9.0000000 2.1679457 6.9173820 5.2218132 6.1181334 9.0000000 6.9173820 9.0000000 6.9173820 5.5025653 6.1181334 6.9173820 9.0000000 9.0000000 4.4202357 6.9173820 4.7806277 9.0000000 9.0000000 9.0000000 0.0628143 0.0628143 0.0000010 0.0628143 0.0628143 0.0628143 0.0628143 0.5881037 
Aedes_binegev_like_virus_2_subsp1_F1015C34F1013       0.0470258 0.0470258 0.0415881 0.0450873 0.0628143 0.0000000 0.0000010 0.6141301 0.5595649 1.5432150 0.5958146 0.5997807 0.5925583 0.5047548 0.8942303 0.6646700 1.1956988 0.6521585 1.5344540 0.5299834 2.9837913 0.7063219 0.6276609 0.7340317 0.6124379 0.8336999 1.7872348 0.8386128 0.5321629 0.3532685 0.5690860 0.1582445 0.3471655 0.0033348 0.0000010 0.0000010 0.0245889 0.0000010 0.0000010 0.0000010 0.9158734 
Aedes_binegev_like_virus_2_subsp1_F1015C34F1015       0.0470258 0.0470258 0.0415881 0.0450873 0.0628143 0.0000010 0.0000000 0.6141301 0.5595649 1.5432150 0.5958146 0.5997807 0.5925583 0.5047548 0.8942303 0.6646700 1.1956988 0.6521585 1.5344540 0.5299834 2.9837913 0.7063219 0.6276609 0.7340317 0.6124379 0.8336999 1.7872348 0.8386128 0.5321629 0.3532685 0.5690860 0.1582445 0.3471655 0.0033348 0.0000010 0.0000010 0.0245889 0.0000010 0.0000010 0.0000010 0.9158734 
Aedes_aegypti_virga_like_virus_subsp1_F1004C2378F1161 0.6144845 0.6144845 0.4375564 0.4430236 6.9173820 0.6141301 0.6141301 0.0000000 0.0097002 0.0074891 0.0067216 0.0000010 0.0053392 0.0056855 0.0000010 0.0000010 0.0140492 0.0034139 0.0000010 0.0000010 0.0000010 0.0000010 0.0000010 0.0000010 0.0000010 0.0000010 0.0000010 0.0000010 0.0000010 0.0000010 0.0000010 0.0000010 0.0000010 0.4452085 0.5833923 0.6000537 0.6249212 0.5613868 0.5165863 0.4922184 1.1180539 
Aedes_aegypti_virga_like_virus_subsp1_F1004C2378F1517 0.5748466 0.5748466 0.4057278 0.4112092 8.2622917 0.5595649 0.5595649 0.0097002 0.0000000 0.0225176 0.0178981 0.0087068 0.0106807 0.0177766 0.0000010 0.0097074 0.0197384 0.0140975 0.0000010 0.0119143 0.0091558 0.0074788 0.0109720 0.0104473 0.0095741 0.0123197 0.0066232 0.0121833 0.0282772 0.0213331 0.0141451 0.0043676 0.0135543 0.4011162 0.5454548 0.5421275 0.5699401 0.5304147 0.4624055 0.4432487 1.1301562 
Aedes_aegypti_virga_like_virus_subsp1_F1004C2378F1514 1.5270217 1.5270217 0.9496979 0.9496979 9.0000000 1.5432150 1.5432150 0.0074891 0.0225176 0.0000000 0.0000010 0.0000010 0.0000010 0.0000010 0.0000010 0.0074495 0.0000010 0.0086093 0.0129616 0.0000010 0.0124897 0.0085520 0.0090814 0.0078862 0.0072675 0.0085878 0.0088316 0.0081245 0.0000010 0.0000010 0.0000010 0.0000010 0.0000010 0.9796609 1.4254881 1.5373991 1.5496645 1.3557667 1.4902987 2.2316750 1.0606360 
Aedes_aegypti_virga_like_virus_subsp1_F1004C2378F1508 0.6049527 0.6049527 0.4294949 0.4354175 6.9173820 0.5958146 0.5958146 0.0067216 0.0178981 0.0000010 0.0000000 0.0046494 0.0058951 0.0060180 0.0080704 0.0068219 0.0201438 0.0112691 0.0152553 0.0064852 0.0091428 0.0077637 0.0080447 0.0075721 0.0067377 0.0085182 0.0071660 0.0084388 0.0151136 0.0000010 0.0049315 0.0047070 0.0000010 0.4281242 0.5779464 0.5793145 0.6072082 0.5541347 0.4907453 0.4545281 1.0086383 
Aedes_aegypti_virga_like_virus_subsp1_F1004C2378F1003 0.5994119 0.5994119 0.3730509 0.3730509 9.0000000 0.5997807 0.5997807 0.0000010 0.0087068 0.0000010 0.0046494 0.0000000 0.0000010 0.0000010 0.0000010 0.0000010 0.0135514 0.0000010 0.0000010 0.0000010 0.0000010 0.0000010 0.0000010 0.0000010 0.0000010 0.0000010 0.0000010 0.0000010 0.0000010 0.0000010 0.0000010 0.0000010 0.0000010 0.3872142 0.5882817 0.6110792 0.6232211 0.5674356 0.4637137 0.4298730 0.9431042 
Aedes_aegypti_virga_like_virus_subsp1_F1004C2378F1341 0.5990451 0.5990451 0.3942367 0.4036438 2.6021721 0.5925583 0.5925583 0.0053392 0.0106807 0.0000010 0.0058951 0.0000010 0.0000000 0.0000010 0.0000010 0.0053153 0.0157237 0.0114081 0.0000010 0.0000010 0.0000010 0.0000010 0.0056823 0.0052235 0.0052235 0.0068101 0.0100525 0.0070339 0.0251591 0.0000010 0.0073709 0.0000010 0.0112047 0.4037281 0.5646171 0.6233037 0.5956516 0.5393585 0.5116501 0.5028874 1.0583561 
Aedes_aegypti_virga_like_virus_subsp1_F1004C2378F1519 0.4890079 0.4890079 0.4876189 0.4968847 9.0000000 0.5047548 0.5047548 0.0056855 0.0177766 0.0000010 0.0060180 0.0000010 0.0000010 0.0000000 0.0000010 0.0055108 0.0192848 0.0124094 0.0000010 0.0083235 0.0110268 0.0064596 0.0067914 0.0062126 0.0054824 0.0060002 0.0000010 0.0069472 0.0000010 0.0000010 0.0078212 0.0068929 0.0116686 0.5047548 0.5047548 0.4956671 0.5091792 0.4857836 0.3485603 0.1350692 1.3455207 
Aedes_aegypti_virga_like_virus_subsp1_F1004C2378F1513 0.9029878 0.9029878 0.8158598 0.8158598 2.1679457 0.8942303 0.8942303 0.0000010 0.0000010 0.0000010 0.0080704 0.0000010 0.0000010 0.0000010 0.0000000 0.0000010 0.0000010 0.0000010 0.0000010 0.0000010 0.0000010 0.0000010 0.0000010 0.0000010 0.0000010 0.0000010 0.0000010 0.0000010 0.0000010 0.0000010 0.0000010 0.0000010 0.0000010 0.8002725 0.8143134 0.9267703 0.8931831 0.7607660 0.7750097 0.5481231 1.0277680 
Aedes_aegypti_virga_like_virus_subsp1_F1004C2378F1079 0.6705854 0.6705854 0.4713474 0.4769457 6.9173820 0.6646700 0.6646700 0.0000010 0.0097074 0.0074495 0.0068219 0.0000010 0.0053153 0.0055108 0.0000010 0.0000000 0.0138540 0.0034366 0.0000010 0.0000010 0.0000010 0.0000010 0.0000010 0.0000010 0.0000010 0.0000010 0.0000010 0.0000010 0.0000010 0.0000010 0.0000010 0.0000010 0.0000010 0.4749759 0.6330468 0.6454828 0.6751275 0.6107422 0.5651249 0.5237687 1.1056307 
Aedes_aegypti_virga_like_virus_subsp1_F1004C2378F1017 1.2406638 1.2406638 0.9146016 0.9267358 5.2218132 1.1956988 1.1956988 0.0140492 0.0197384 0.0000010 0.0201438 0.0135514 0.0157237 0.0192848 0.0000010 0.0138540 0.0000000 0.0215761 0.0090464 0.0251783 0.0191864 0.0113500 0.0113344 0.0156442 0.0137130 0.0118822 0.0203454 0.0150078 0.0000010 0.0294705 0.0074129 0.0077023 0.0084294 0.8971560 1.1314022 1.1638924 1.2140801 1.0911742 1.0077274 0.9797743 1.2215424 
Aedes_aegypti_virga_like_virus_subsp1_F1004C2378F1520 0.6539858 0.6539858 0.4539433 0.4601441 6.1181334 0.6521585 0.6521585 0.0034139 0.0140975 0.0086093 0.0112691 0.0000010 0.0114081 0.0124094 0.0000010 0.0034366 0.0215761 0.0000000 0.0000010 0.0000010 0.0000010 0.0000010 0.0037948 0.0035809 0.0034218 0.0042346 0.0073528 0.0043751 0.0000010 0.0000010 0.0049741 0.0049258 0.0076249 0.4606286 0.6427349 0.6259136 0.6646926 0.6260983 0.5417113 0.4710366 1.1085682 
Aedes_aegypti_virga_like_virus_subsp1_F1004C2378F1521 1.5737174 1.5737174 0.9593068 0.9593068 9.0000000 1.5344540 1.5344540 0.0000010 0.0000010 0.0129616 0.0152553 0.0000010 0.0000010 0.0000010 0.0000010 0.0000010 0.0090464 0.0000010 0.0000000 0.0000010 0.0000010 0.0000010 0.0000010 0.0000010 0.0000010 0.0000010 0.0000010 0.0000010 0.0000010 0.0000010 0.0000010 0.0000010 0.0000010 0.9320409 1.5062854 1.5424970 1.5329720 1.4678289 1.2610730 1.0605671 0.9497390 
Aedes_aegypti_virga_like_virus_subsp1_F1004C2378F1518 0.5366417 0.5366417 0.5366417 0.5366417 6.9173820 0.5299834 0.5299834 0.0000010 0.0119143 0.0000010 0.0064852 0.0000010 0.0000010 0.0083235 0.0000010 0.0000010 0.0251783 0.0000010 0.0000010 0.0000000 0.0000010 0.0000010 0.0000010 0.0000010 0.0000010 0.0000010 0.0000010 0.0000010 0.0000010 0.0000010 0.0000010 0.0000010 0.0000010 0.5299834 0.5299834 0.4865602 0.5349080 0.5299834 0.4039540 0.1927782 1.1424750 
Aedes_aegypti_virga_like_virus_subsp1_F1004C2378F1083 2.9801505 2.9801505 2.0591343 2.0591343 9.0000000 2.9837913 2.9837913 0.0000010 0.0091558 0.0124897 0.0091428 0.0000010 0.0000010 0.0110268 0.0000010 0.0000010 0.0191864 0.0000010 0.0000010 0.0000010 0.0000000 0.0000010 0.0000010 0.0000010 0.0000010 0.0000010 0.0000010 0.0000010 0.0000010 0.0000010 0.0000010 0.0000010 0.0000010 2.1206169 2.8636871 2.8729641 2.9761598 2.7609421 2.4459149 2.3329656 1.6957228 
Aedes_aegypti_virga_like_virus_subsp1_F1004C2378F1168 0.6990581 0.6990581 0.4842877 0.4842877 6.9173820 0.7063219 0.7063219 0.0000010 0.0074788 0.0085520 0.0077637 0.0000010 0.0000010 0.0064596 0.0000010 0.0000010 0.0113500 0.0000010 0.0000010 0.0000010 0.0000010 0.0000000 0.0000010 0.0000010 0.0000010 0.0000010 0.0000010 0.0000010 0.0000010 0.0000010 0.0000010 0.0000010 0.0000010 0.5007211 0.6857038 0.6959688 0.7122096 0.6593640 0.5881795 0.5798838 1.2014100 
Aedes_aegypti_virga_like_virus_subsp1_F1004C2378F1509 0.6337103 0.6337103 0.4094356 0.4157640 5.5025653 0.6276609 0.6276609 0.0000010 0.0109720 0.0090814 0.0080447 0.0000010 0.0056823 0.0067914 0.0000010 0.0000010 0.0113344 0.0037948 0.0000010 0.0000010 0.0000010 0.0000010 0.0000000 0.0000010 0.0000010 0.0000010 0.0000010 0.0000010 0.0000010 0.0000010 0.0000010 0.0000010 0.0000010 0.4115739 0.6013845 0.5943463 0.6397815 0.5840306 0.5205336 0.5147405 1.0647153 
Aedes_aegypti_virga_like_virus_subsp1_F1004C2378F1014 0.7489711 0.7489711 0.5197249 0.5261913 6.1181334 0.7340317 0.7340317 0.0000010 0.0104473 0.0078862 0.0075721 0.0000010 0.0052235 0.0062126 0.0000010 0.0000010 0.0156442 0.0035809 0.0000010 0.0000010 0.0000010 0.0000010 0.0000010 0.0000000 0.0000010 0.0000010 0.0000010 0.0000010 0.0000010 0.0000010 0.0000010 0.0000010 0.0000010 0.5155336 0.6974509 0.7211339 0.7464585 0.6721179 0.6199766 0.5440188 1.0112597 
Aedes_aegypti_virga_like_virus_subsp1_F1004C2378F1004 0.6197692 0.6197692 0.4583526 0.4638020 6.9173820 0.6124379 0.6124379 0.0000010 0.0095741 0.0072675 0.0067377 0.0000010 0.0052235 0.0054824 0.0000010 0.0000010 0.0137130 0.0034218 0.0000010 0.0000010 0.0000010 0.0000010 0.0000010 0.0000010 0.0000000 0.0000010 0.0000010 0.0000010 0.0000010 0.0000010 0.0000010 0.0000010 0.0000010 0.4619703 0.5822591 0.5985261 0.6230238 0.5606502 0.5166771 0.4752635 1.1180539 
Aedes_aegypti_virga_like_virus_subsp1_F1004C2378F1076 0.8230766 0.8230766 0.5518919 0.5595212 9.0000000 0.8336999 0.8336999 0.0000010 0.0123197 0.0085878 0.0085182 0.0000010 0.0068101 0.0060002 0.0000010 0.0000010 0.0118822 0.0042346 0.0000010 0.0000010 0.0000010 0.0000010 0.0000010 0.0000010 0.0000010 0.0000000 0.0000010 0.0000010 0.0000010 0.0000010 0.0000010 0.0000010 0.0000010 0.5656464 0.7899675 0.8369704 0.8391650 0.7604093 0.6990325 0.5376702 0.8035522 
Aedes_aegypti_virga_like_virus_subsp1_F1004C2378F1165 1.8525475 1.8525475 1.2251821 1.2481586 9.0000000 1.7872348 1.7872348 0.0000010 0.0066232 0.0088316 0.0071660 0.0000010 0.0100525 0.0000010 0.0000010 0.0000010 0.0203454 0.0073528 0.0000010 0.0000010 0.0000010 0.0000010 0.0000010 0.0000010 0.0000010 0.0000010 0.0000000 0.0000010 0.0000010 0.0000010 0.0000010 0.0000010 0.0000010 1.1784632 1.6913922 1.7961258 1.8291951 1.6280283 1.4719007 1.6812678 1.0927926 
Aedes_aegypti_virga_like_virus_subsp1_F1004C2378F1016 0.8455118 0.8455118 0.6051602 0.6130279 4.4202357 0.8386128 0.8386128 0.0000010 0.0121833 0.0081245 0.0084388 0.0000010 0.0070339 0.0069472 0.0000010 0.0000010 0.0150078 0.0043751 0.0000010 0.0000010 0.0000010 0.0000010 0.0000010 0.0000010 0.0000010 0.0000010 0.0000010 0.0000000 0.0000010 0.0000010 0.0000010 0.0000010 0.0000010 0.6060182 0.7945211 0.8066671 0.8497398 0.7647676 0.7029972 0.5903141 1.0817663 
Aedes_aegypti_virga_like_virus_subsp1_F1004C2378F1511 0.6053116 0.6053116 0.5525848 0.5525848 6.9173820 0.5321629 0.5321629 0.0000010 0.0282772 0.0000010 0.0151136 0.0000010 0.0251591 0.0000010 0.0000010 0.0000010 0.0000010 0.0000010 0.0000010 0.0000010 0.0000010 0.0000010 0.0000010 0.0000010 0.0000010 0.0000010 0.0000010 0.0000010 0.0000000 0.0000010 0.0000010 0.0000010 0.0000010 0.5056399 0.5321629 0.4898946 0.5321629 0.5321629 0.5112350 0.3607309 0.9607269 
Aedes_aegypti_virga_like_virus_subsp1_F1004C2378F1352 0.4027668 0.4027668 0.3523102 0.3523102 4.7806277 0.3532685 0.3532685 0.0000010 0.0213331 0.0000010 0.0000010 0.0000010 0.0000010 0.0000010 0.0000010 0.0000010 0.0294705 0.0000010 0.0000010 0.0000010 0.0000010 0.0000010 0.0000010 0.0000010 0.0000010 0.0000010 0.0000010 0.0000010 0.0000010 0.0000000 0.0000010 0.0000010 0.0000010 0.2855040 0.3532685 0.2413883 0.3878001 0.3532685 0.3532685 0.4052344 1.4471162 
Aedes_aegypti_virga_like_virus_subsp1_F1004C2378F1013 0.5722616 0.5722616 0.3490032 0.3565507 9.0000000 0.5690860 0.5690860 0.0000010 0.0141451 0.0000010 0.0049315 0.0000010 0.0073709 0.0078212 0.0000010 0.0000010 0.0074129 0.0049741 0.0000010 0.0000010 0.0000010 0.0000010 0.0000010 0.0000010 0.0000010 0.0000010 0.0000010 0.0000010 0.0000010 0.0000010 0.0000000 0.0000010 0.0000010 0.3507329 0.5269644 0.5931305 0.5839864 0.4963209 0.4837523 0.4602417 0.8351768 
Aedes_aegypti_virga_like_virus_subsp1_F1004C2378F1005 0.1518015 0.1518015 0.1066788 0.1118711 9.0000000 0.1582445 0.1582445 0.0000010 0.0043676 0.0000010 0.0047070 0.0000010 0.0000010 0.0068929 0.0000010 0.0000010 0.0077023 0.0049258 0.0000010 0.0000010 0.0000010 0.0000010 0.0000010 0.0000010 0.0000010 0.0000010 0.0000010 0.0000010 0.0000010 0.0000010 0.0000010 0.0000000 0.0000010 0.1121406 0.1582445 0.1679132 0.1646373 0.1582445 0.1582445 0.0984660 0.9100262 
Aedes_aegypti_virga_like_virus_subsp1_F1004C2378F1009 0.3613919 0.3613919 0.2221220 0.2317272 9.0000000 0.3471655 0.3471655 0.0000010 0.0135543 0.0000010 0.0000010 0.0000010 0.0112047 0.0116686 0.0000010 0.0000010 0.0084294 0.0076249 0.0000010 0.0000010 0.0000010 0.0000010 0.0000010 0.0000010 0.0000010 0.0000010 0.0000010 0.0000010 0.0000010 0.0000010 0.0000010 0.0000010 0.0000000 0.2175234 0.3471655 0.3346949 0.3614947 0.3471655 0.3471655 0.2561605 1.0271808 
BK059488_Aedes_binegev-like_virus_2                   0.0415501 0.0415501 0.0451077 0.0486132 0.0628143 0.0033348 0.0033348 0.4452085 0.4011162 0.9796609 0.4281242 0.3872142 0.4037281 0.5047548 0.8002725 0.4749759 0.8971560 0.4606286 0.9320409 0.5299834 2.1206169 0.5007211 0.4115739 0.5155336 0.4619703 0.5656464 1.1784632 0.6060182 0.5056399 0.2855040 0.3507329 0.1121406 0.2175234 0.0000000 0.0033813 0.0035629 0.0168083 0.0034281 0.0035075 0.0000010 0.9179761 
Aedes_binegev_like_virus_2_subsp1_F1015C34F1014       0.0476389 0.0476389 0.0421886 0.0457386 0.0628143 0.0000010 0.0000010 0.5833923 0.5454548 1.4254881 0.5779464 0.5882817 0.5646171 0.5047548 0.8143134 0.6330468 1.1314022 0.6427349 1.5062854 0.5299834 2.8636871 0.6857038 0.6013845 0.6974509 0.5822591 0.7899675 1.6913922 0.7945211 0.5321629 0.3532685 0.5269644 0.1582445 0.3471655 0.0033813 0.0000000 0.0000010 0.0249037 0.0000010 0.0000010 0.0000010 0.9158734 
Aedes_binegev_like_virus_2_subsp1_F1015C34F1074       0.0469393 0.0469393 0.0407450 0.0444844 0.0000010 0.0000010 0.0000010 0.6000537 0.5421275 1.5373991 0.5793145 0.6110792 0.6233037 0.4956671 0.9267703 0.6454828 1.1638924 0.6259136 1.5424970 0.4865602 2.8729641 0.6959688 0.5943463 0.7211339 0.5985261 0.8369704 1.7961258 0.8066671 0.4898946 0.2413883 0.5931305 0.1679132 0.3346949 0.0035629 0.0000010 0.0000000 0.0263143 0.0000010 0.0000010 0.0000010 0.9082880 
Aedes_binegev_like_virus_2_subsp2_F1194C83F1194       0.0702050 0.0702050 0.0523707 0.0559022 0.0628143 0.0245889 0.0245889 0.6249212 0.5699401 1.5496645 0.6072082 0.6232211 0.5956516 0.5091792 0.8931831 0.6751275 1.2140801 0.6646926 1.5329720 0.5349080 2.9761598 0.7122096 0.6397815 0.7464585 0.6230238 0.8391650 1.8291951 0.8497398 0.5321629 0.3878001 0.5839864 0.1646373 0.3614947 0.0168083 0.0249037 0.0263143 0.0000000 0.0252208 0.0257620 0.0275958 0.9255484 
Aedes_binegev_like_virus_2_subsp1_F1015C34F1006       0.0482575 0.0482575 0.0427960 0.0463975 0.0628143 0.0000010 0.0000010 0.5613868 0.5304147 1.3557667 0.5541347 0.5674356 0.5393585 0.4857836 0.7607660 0.6107422 1.0911742 0.6260983 1.4678289 0.5299834 2.7609421 0.6593640 0.5840306 0.6721179 0.5606502 0.7604093 1.6280283 0.7647676 0.5321629 0.3532685 0.4963209 0.1582445 0.3471655 0.0034281 0.0000010 0.0000010 0.0252208 0.0000000 0.0000010 0.0000010 0.9158734 
Aedes_binegev_like_virus_2_subsp1_F1015C34F1343       0.0493196 0.0493196 0.0438413 0.0475326 0.0628143 0.0000010 0.0000010 0.5165863 0.4624055 1.4902987 0.4907453 0.4637137 0.5116501 0.3485603 0.7750097 0.5651249 1.0077274 0.5417113 1.2610730 0.4039540 2.4459149 0.5881795 0.5205336 0.6199766 0.5166771 0.6990325 1.4719007 0.7029972 0.5112350 0.3532685 0.4837523 0.1582445 0.3471655 0.0035075 0.0000010 0.0000010 0.0257620 0.0000010 0.0000000 0.0000010 0.9158734 
Aedes_binegev_like_virus_2_subsp1_F1015C34F1516       0.0513032 0.0513032 0.0379266 0.0433932 0.0628143 0.0000010 0.0000010 0.4922184 0.4432487 2.2316750 0.4545281 0.4298730 0.5028874 0.1350692 0.5481231 0.5237687 0.9797743 0.4710366 1.0605671 0.1927782 2.3329656 0.5798838 0.5147405 0.5440188 0.4752635 0.5376702 1.6812678 0.5903141 0.3607309 0.4052344 0.4602417 0.0984660 0.2561605 0.0000010 0.0000010 0.0000010 0.0275958 0.0000010 0.0000010 0.0000000 0.6987371 
MH614308_Bombus-associated_virus_Vir1                 0.9224345 0.9224345 0.9224345 0.9224345 0.5881037 0.9158734 0.9158734 1.1180539 1.1301562 1.0606360 1.0086383 0.9431042 1.0583561 1.3455207 1.0277680 1.1056307 1.2215424 1.1085682 0.9497390 1.1424750 1.6957228 1.2014100 1.0647153 1.0112597 1.1180539 0.8035522 1.0927926 1.0817663 0.9607269 1.4471162 0.8351768 0.9100262 1.0271808 0.9179761 0.9158734 0.9082880 0.9255484 0.9158734 0.9158734 0.6987371 0.0000000 
