23
MW434966_Culex_pipiens-associated_Tunisia_virus     0.0000000 0.0003957 0.0003957 0.0003957 0.0003957 0.0003957 0.0003957 0.0019831 0.0007915 0.0276167 0.0301275 0.0285901 0.0447938 0.0437914 0.0430351 0.0398253 0.4321952 0.4233953 0.4276497 0.4552496 1.7578801 1.7909127 2.8950012 
MW434970_Culex_pipiens-associated_Tunisia_virus     0.0003957 0.0000000 0.0007915 0.0007915 0.0007915 0.0007915 0.0007915 0.0023800 0.0011875 0.0280263 0.0305385 0.0290021 0.0447938 0.0437914 0.0430351 0.0398253 0.4321636 0.4233645 0.4276188 0.4552176 1.7578415 1.7908755 2.8949893 
MW434971_Culex_pipiens-associated_Tunisia_virus     0.0003957 0.0007915 0.0000000 0.0007915 0.0007915 0.0007915 0.0007915 0.0023827 0.0011892 0.0280592 0.0305743 0.0290363 0.0447938 0.0437914 0.0430351 0.0398253 0.4324196 0.4236111 0.4278673 0.4554848 1.7559606 1.7889956 2.8977546 
MW434972_Culex_pipiens-associated_Tunisia_virus     0.0003957 0.0007915 0.0007915 0.0000000 0.0007915 0.0007915 0.0007915 0.0023805 0.0011875 0.0280319 0.0305446 0.0290080 0.0447938 0.0437914 0.0430351 0.0398253 0.4321952 0.4241358 0.4283894 0.4560041 1.7578801 1.7909127 2.8950012 
MW434973_Culex_pipiens-associated_Tunisia_virus     0.0003957 0.0007915 0.0007915 0.0007915 0.0000000 0.0007915 0.0007915 0.0015858 0.0011875 0.0280295 0.0305419 0.0290054 0.0447938 0.0437914 0.0430351 0.0398253 0.4323734 0.4235689 0.4278236 0.4552019 1.7591574 1.7921802 2.8950012 
MW434974_Culex_pipiens-associated_Tunisia_virus     0.0003957 0.0007915 0.0007915 0.0007915 0.0007915 0.0000000 0.0007915 0.0023803 0.0011875 0.0280294 0.0305419 0.0290054 0.0457923 0.0447887 0.0430351 0.0408188 0.4319675 0.4231738 0.4274276 0.4553208 1.7599169 1.7929377 2.8947671 
MW434977_Culex_pipiens-associated_Tunisia_virus     0.0003957 0.0007915 0.0007915 0.0007915 0.0007915 0.0007915 0.0000000 0.0023807 0.0011875 0.0280345 0.0305474 0.0290107 0.0458117 0.0448077 0.0430351 0.0408363 0.4329712 0.4241560 0.4284095 0.4560242 1.7597565 1.7927719 2.8982162 
MW434976_Culex_pipiens-associated_Tunisia_virus     0.0019831 0.0023800 0.0023827 0.0023805 0.0015858 0.0023803 0.0023807 0.0000000 0.0027787 0.0297281 0.0322508 0.0307160 0.0459577 0.0449506 0.0470999 0.0409667 0.4348963 0.4260313 0.4302884 0.4565520 1.7660045 1.7989916 2.9045416 
MW434969_Culex_pipiens-associated_Tunisia_virus     0.0007915 0.0011875 0.0011892 0.0011875 0.0011875 0.0011875 0.0011875 0.0027787 0.0000000 0.0284536 0.0309686 0.0294326 0.0457823 0.0447789 0.0430351 0.0408101 0.4319376 0.4231454 0.4273988 0.4549859 1.7586115 1.7916296 2.8936247 
Culex_pipiens_associated_Tunisia_virus_F1041C1F1041 0.0276167 0.0280263 0.0280592 0.0280319 0.0280295 0.0280294 0.0280345 0.0297281 0.0284536 0.0000000 0.0047667 0.0059949 0.0428425 0.0418414 0.0432516 0.0378789 0.4219053 0.4133466 0.4175925 0.4521660 1.7475215 1.7803332 2.9228227 
Culex_pipiens_associated_Tunisia_virus_F1041C1F1570 0.0301275 0.0305385 0.0305743 0.0305446 0.0305419 0.0305419 0.0305474 0.0322508 0.0309686 0.0047667 0.0000000 0.0068030 0.0455000 0.0445015 0.0430778 0.0405520 0.4211467 0.4123418 0.4168533 0.4513102 1.7408382 1.7737158 2.9088462 
NC_040723_Culex_pipiens-associated_Tunisia_virus    0.0285901 0.0290021 0.0290363 0.0290080 0.0290054 0.0290054 0.0290107 0.0307160 0.0294326 0.0059949 0.0068030 0.0000000 0.0408131 0.0398152 0.0351040 0.0358640 0.4230418 0.4144164 0.4186833 0.4492152 1.7317400 1.7647605 2.9145555 
MG457154_Culex_pipiens-associated_Tunisia_virus     0.0447938 0.0447938 0.0447938 0.0447938 0.0447938 0.0457923 0.0458117 0.0459577 0.0457823 0.0428425 0.0455000 0.0408131 0.0000000 0.0009340 0.0000010 0.0084598 0.2389646 0.2366715 0.2378042 0.2484885 1.0536537 1.0516303 1.8508366 
MG457155_Culex_pipiens-associated_Tunisia_virus     0.0437914 0.0437914 0.0437914 0.0437914 0.0437914 0.0447887 0.0448077 0.0449506 0.0447789 0.0418414 0.0445015 0.0398152 0.0009340 0.0000000 0.0000010 0.0094052 0.2376075 0.2353294 0.2364619 0.2471233 1.0527099 1.0506872 1.8508366 
MG557616_Culex_pipiens-associated_Tunisia_virus     0.0430351 0.0430351 0.0430351 0.0430351 0.0430351 0.0430351 0.0430351 0.0470999 0.0430351 0.0432516 0.0430778 0.0351040 0.0000010 0.0000010 0.0000000 0.0152748 0.1228023 0.1228023 0.1270945 0.1416784 1.2941543 1.2941543 2.5559665 
MH745160_Culex_pipiens-associated_Tunisia_virus     0.0398253 0.0398253 0.0398253 0.0398253 0.0398253 0.0408188 0.0408363 0.0409667 0.0408101 0.0378789 0.0405520 0.0358640 0.0084598 0.0094052 0.0152748 0.0000000 0.2420425 0.2397109 0.2408463 0.2530785 1.0654617 1.0634234 1.8649568 
Simimissemian_virus_F1038C1F1271                    0.4321952 0.4321636 0.4324196 0.4321952 0.4323734 0.4319675 0.4329712 0.4348963 0.4319376 0.4219053 0.4211467 0.4230418 0.2389646 0.2376075 0.1228023 0.2420425 0.0000000 0.0020366 0.0065131 0.1704281 1.6452257 1.6776289 2.9476848 
Simimissemian_virus_F1038C1F1306                    0.4233953 0.4233645 0.4236111 0.4241358 0.4235689 0.4231738 0.4241560 0.4260313 0.4231454 0.4133466 0.4123418 0.4144164 0.2366715 0.2353294 0.1228023 0.2397109 0.0020366 0.0000000 0.0068414 0.1685684 1.6350542 1.6656284 2.9098154 
Simimissemian_virus_F1038C1F1038                    0.4276497 0.4276188 0.4278673 0.4283894 0.4278236 0.4274276 0.4284095 0.4302884 0.4273988 0.4175925 0.4168533 0.4186833 0.2378042 0.2364619 0.1270945 0.2408463 0.0065131 0.0068414 0.0000000 0.1680038 1.6397113 1.6766062 2.9129221 
Snubberrored_virus_F1147C1F1147                     0.4552496 0.4552176 0.4554848 0.4560041 0.4552019 0.4553208 0.4560242 0.4565520 0.4549859 0.4521660 0.4513102 0.4492152 0.2484885 0.2471233 0.1416784 0.2530785 0.1704281 0.1685684 0.1680038 0.0000000 1.6913339 1.7292384 2.8722822 
MN661116_Atrato_Virga-like_virus_5                  1.7578801 1.7578415 1.7559606 1.7578801 1.7591574 1.7599169 1.7597565 1.7660045 1.7586115 1.7475215 1.7408382 1.7317400 1.0536537 1.0527099 1.2941543 1.0654617 1.6452257 1.6350542 1.6397113 1.6913339 0.0000000 0.0021254 2.8849284 
MN661117_Atrato_Virga-like_virus_5                  1.7909127 1.7908755 1.7889956 1.7909127 1.7921802 1.7929377 1.7927719 1.7989916 1.7916296 1.7803332 1.7737158 1.7647605 1.0516303 1.0506872 1.2941543 1.0634234 1.6776289 1.6656284 1.6766062 1.7292384 0.0021254 0.0000000 2.9219676 
KU754539_Boutonnet_virus                            2.8950012 2.8949893 2.8977546 2.8950012 2.8950012 2.8947671 2.8982162 2.9045416 2.8936247 2.9228227 2.9088462 2.9145555 1.8508366 1.8508366 2.5559665 1.8649568 2.9476848 2.9098154 2.9129221 2.8722822 2.8849284 2.9219676 0.0000000 
