77
OM817543_Hubei_virga-like_virus_2            0.0000000 0.0067735 0.0080820 0.0080249 0.0082546 0.0066298 0.0069524 0.0082266 0.0066337 0.0076095 0.0066234 0.0069434 0.0069436 0.0069777 0.0072613 0.0063056 0.0072604 0.0085513 0.0085461 0.0082280 0.0104593 0.0094954 0.0072684 0.0066223 0.0082066 0.0082214 0.0136977 0.0079002 0.0107798 0.0107823 0.0114314 0.0117485 0.0108665 0.0075778 0.0098168 0.0174727 0.0085416 0.0122898 0.0104606 0.0101426 0.0079075 0.0088628 0.0085447 0.0075961 0.0075888 0.0345345 0.0345345 0.0295751 0.0079107 0.0095648 0.1612967 0.0195100 0.1205084 0.0915652 0.4949856 0.6683031 1.7936628 1.7955275 1.7960976 1.7747169 1.7860327 1.8006480 1.8026255 1.7818527 1.6222822 0.9793718 0.6154579 0.9780394 1.1695973 1.4204304 0.7591901 2.0758974 2.0705965 2.0977022 2.6171309 2.5849971 2.5039812 
MW435010_Hubei_virga-like_virus_2            0.0067735 0.0000000 0.0031440 0.0063049 0.0056100 0.0040293 0.0046561 0.0068454 0.0015446 0.0024808 0.0043372 0.0046501 0.0046503 0.0065596 0.0046493 0.0040259 0.0049611 0.0062217 0.0062180 0.0062185 0.0084118 0.0074669 0.0049665 0.0040271 0.0074606 0.0052763 0.0122398 0.0055871 0.0084107 0.0084119 0.0087311 0.0087262 0.0086678 0.0043386 0.0080944 0.0152233 0.0062147 0.0085895 0.0077824 0.0074709 0.0055923 0.0090472 0.0068408 0.0052849 0.0052799 0.0334044 0.0334044 0.0301893 0.0062154 0.0090949 0.1603224 0.0180909 0.1220481 0.0919458 0.4936387 0.6566409 1.7818997 1.7843004 1.7847298 1.7694072 1.7867326 1.8101787 1.8033138 1.7934601 1.6428368 0.9759101 0.6154579 0.9751455 1.1640877 1.4151540 0.7591901 2.0797056 2.0748501 2.1119951 2.6130432 2.5651966 2.5296392 
MW435011_Hubei_virga-like_virus_2            0.0080820 0.0031440 0.0000000 0.0077739 0.0062299 0.0046466 0.0055872 0.0084028 0.0034020 0.0040348 0.0046433 0.0046433 0.0049563 0.0078072 0.0052676 0.0049549 0.0052670 0.0071505 0.0068311 0.0074590 0.0106030 0.0096542 0.0058976 0.0055771 0.0093283 0.0065155 0.0138530 0.0065182 0.0102874 0.0109204 0.0112423 0.0115543 0.0110378 0.0062027 0.0102838 0.0175059 0.0074546 0.0114748 0.0106042 0.0096655 0.0068322 0.0102906 0.0083971 0.0065257 0.0058973 0.0353019 0.0353019 0.0319436 0.0077733 0.0104916 0.1616760 0.0194981 0.1189407 0.0912384 0.4864680 0.6346275 1.7808386 1.7832381 1.7836670 1.7660772 1.7862388 1.8097075 1.8028312 1.7939988 1.6457276 0.9756348 0.6147331 0.9751455 1.1640877 1.4149648 0.7586734 2.0742251 2.0693899 2.1063909 2.6070746 2.5604149 2.5307558 
MW435009_Hubei_virga-like_virus_2            0.0080249 0.0063049 0.0077739 0.0000000 0.0071198 0.0055415 0.0049206 0.0077175 0.0061661 0.0068061 0.0052254 0.0052254 0.0055366 0.0077527 0.0058458 0.0055371 0.0058451 0.0071009 0.0067838 0.0074074 0.0105291 0.0095871 0.0058514 0.0058446 0.0092636 0.0074041 0.0134321 0.0070912 0.0102158 0.0108442 0.0111638 0.0114735 0.0109415 0.0061541 0.0102122 0.0173793 0.0074030 0.0119971 0.0105303 0.0099073 0.0067849 0.0102189 0.0077124 0.0064805 0.0064744 0.0349262 0.0349262 0.0313932 0.0077194 0.0104113 0.1626555 0.0180909 0.1223737 0.0909761 0.4880888 0.6440079 1.7859247 1.7883306 1.7887617 1.7669218 1.7882912 1.8116988 1.8048606 1.7940180 1.6457913 0.9759101 0.6154579 0.9751455 1.1640877 1.4146481 0.7591901 2.0751734 2.0703344 2.1064453 2.6101159 2.5589651 2.5379261 
MW435008_Hubei_virga-like_virus_2            0.0082546 0.0056100 0.0062299 0.0071198 0.0000000 0.0015150 0.0048770 0.0076400 0.0054875 0.0064254 0.0039534 0.0042602 0.0039682 0.0073622 0.0045660 0.0030360 0.0051763 0.0067207 0.0064111 0.0070237 0.0097989 0.0088683 0.0051818 0.0057859 0.0085494 0.0042524 0.0136024 0.0045643 0.0097977 0.0101101 0.0104255 0.0107319 0.0104040 0.0060924 0.0094860 0.0165422 0.0070195 0.0112352 0.0098000 0.0094929 0.0064080 0.0098045 0.0076349 0.0061066 0.0054897 0.0346942 0.0346942 0.0313522 0.0073323 0.0099372 0.1629053 0.0180909 0.1236708 0.0912649 0.4930598 0.6617857 1.7807456 1.7831446 1.7835735 1.7630174 1.7886653 1.8120884 1.8052496 1.7928790 1.6429161 0.9759101 0.6154579 0.9751455 1.1640877 1.4151540 0.7591901 2.0727742 2.0679452 2.1064448 2.6029063 2.5565329 2.5308801 
MW434980_Hubei_virga-like_virus_2            0.0066298 0.0040293 0.0046466 0.0055415 0.0015150 0.0000000 0.0033348 0.0060789 0.0039418 0.0048692 0.0030259 0.0033306 0.0030373 0.0057970 0.0036345 0.0015090 0.0036341 0.0054698 0.0048582 0.0054670 0.0082230 0.0072995 0.0036380 0.0042403 0.0069847 0.0027180 0.0119526 0.0030264 0.0082220 0.0085318 0.0088441 0.0091488 0.0084193 0.0045446 0.0079129 0.0148688 0.0054638 0.0096213 0.0082239 0.0079186 0.0048559 0.0082276 0.0060749 0.0045552 0.0039433 0.0332163 0.0332163 0.0296110 0.0057733 0.0081739 0.1612315 0.0180909 0.1216712 0.0906419 0.4924225 0.6628793 1.7822547 1.7846566 1.7850863 1.7636374 1.7853437 1.8088331 1.8019419 1.7909060 1.6416353 0.9759101 0.6154579 0.9751455 1.1640877 1.4151540 0.7591901 2.0736579 2.0688254 2.1048907 2.6043524 2.5578290 2.5308801 
MW434982_Hubei_virga-like_virus_2            0.0069524 0.0046561 0.0055872 0.0049206 0.0048770 0.0033348 0.0000000 0.0057739 0.0042491 0.0051785 0.0027228 0.0030273 0.0030274 0.0061079 0.0033311 0.0030277 0.0033307 0.0057793 0.0057759 0.0057763 0.0085357 0.0076109 0.0033343 0.0039368 0.0072954 0.0054666 0.0122800 0.0045517 0.0085346 0.0088449 0.0091578 0.0094628 0.0084229 0.0042409 0.0082251 0.0151997 0.0057729 0.0099413 0.0085366 0.0082310 0.0051644 0.0085405 0.0057702 0.0048636 0.0042508 0.0325258 0.0325258 0.0283925 0.0060830 0.0088716 0.1611745 0.0180909 0.1220474 0.0919004 0.4937397 0.6650569 1.7857011 1.7881073 1.7885383 1.7692062 1.7896438 1.8130563 1.8062305 1.7932735 1.6474459 0.9759101 0.6154579 0.9751455 1.1640877 1.4144449 0.7591901 2.0825324 2.0772424 2.1135576 2.6155301 2.5618356 2.5361666 
MW434984_Hubei_virga-like_virus_2            0.0082266 0.0068454 0.0084028 0.0077175 0.0076400 0.0060789 0.0057739 0.0000000 0.0063886 0.0073275 0.0054596 0.0057666 0.0057669 0.0079573 0.0060721 0.0057674 0.0060714 0.0079271 0.0079224 0.0079230 0.0103874 0.0094583 0.0060778 0.0060708 0.0091393 0.0076104 0.0135563 0.0073015 0.0103862 0.0106983 0.0110134 0.0113190 0.0103678 0.0063763 0.0100749 0.0171369 0.0079184 0.0118326 0.0103886 0.0100822 0.0073080 0.0103934 0.0073018 0.0070078 0.0070013 0.0355910 0.0355910 0.0319669 0.0076175 0.0102502 0.1619284 0.0209090 0.1234489 0.0925853 0.4951337 0.6645045 1.7858294 1.7882377 1.7886692 1.7683631 1.7912124 1.8145964 1.8077946 1.7988470 1.6497674 0.9780441 0.6154579 0.9769323 1.1667627 1.4178603 0.7591901 2.0733684 2.0685367 2.1045964 2.6050568 2.5632961 2.5304126 
MW434986_Hubei_virga-like_virus_2            0.0066337 0.0015446 0.0034020 0.0061661 0.0054875 0.0039418 0.0042491 0.0063886 0.0000000 0.0021225 0.0039381 0.0042437 0.0042439 0.0061076 0.0045483 0.0036338 0.0045477 0.0057790 0.0057756 0.0057760 0.0085352 0.0076106 0.0045526 0.0039385 0.0072950 0.0054663 0.0119594 0.0051594 0.0085342 0.0088445 0.0091573 0.0094623 0.0088161 0.0042446 0.0082247 0.0151990 0.0057726 0.0096598 0.0085362 0.0082306 0.0051641 0.0085401 0.0063844 0.0048633 0.0048588 0.0339086 0.0339086 0.0313870 0.0060827 0.0085266 0.1614652 0.0180909 0.1234928 0.0912510 0.4939751 0.6621936 1.7793559 1.7817543 1.7821827 1.7639612 1.7880536 1.8114900 1.8046412 1.7947601 1.6451437 0.9759101 0.6154579 0.9751455 1.1640877 1.4192195 0.7591901 2.0778171 2.0729673 2.1100730 2.6101408 2.5611429 2.5321441 
MW434987_Hubei_virga-like_virus_2            0.0076095 0.0024808 0.0040348 0.0068061 0.0064254 0.0048692 0.0051785 0.0073275 0.0021225 0.0000000 0.0048646 0.0051719 0.0051721 0.0070499 0.0054779 0.0045590 0.0054772 0.0067156 0.0067116 0.0067122 0.0094832 0.0085542 0.0054830 0.0048651 0.0082363 0.0064005 0.0129513 0.0060920 0.0094820 0.0097939 0.0101097 0.0104157 0.0100108 0.0051731 0.0091710 0.0162056 0.0067082 0.0106329 0.0094843 0.0091776 0.0060974 0.0094886 0.0073227 0.0057962 0.0057908 0.0346579 0.0346579 0.0315423 0.0070203 0.0095878 0.1617358 0.0180909 0.1238380 0.0912369 0.4941975 0.6614490 1.7776595 1.7800552 1.7804828 1.7623556 1.7850571 1.8085576 1.8016604 1.7923705 1.6428930 0.9759101 0.6154579 0.9751455 1.1640877 1.4146888 0.7591901 2.0773153 2.0724709 2.1095358 2.6111994 2.5635666 2.5322704 
MW434988_Hubei_virga-like_virus_2            0.0066234 0.0043372 0.0046433 0.0052254 0.0039534 0.0030259 0.0027228 0.0054596 0.0039381 0.0048646 0.0000000 0.0003016 0.0003016 0.0057916 0.0006033 0.0027197 0.0012070 0.0054647 0.0054615 0.0054619 0.0082152 0.0072926 0.0030254 0.0036270 0.0069781 0.0051531 0.0113049 0.0042402 0.0082142 0.0085238 0.0088358 0.0091403 0.0084149 0.0039304 0.0079054 0.0148542 0.0054587 0.0096122 0.0082162 0.0079111 0.0048513 0.0082199 0.0054561 0.0045509 0.0039396 0.0331885 0.0331885 0.0295884 0.0057679 0.0081686 0.1616868 0.0180909 0.1211736 0.0912074 0.4937282 0.6611734 1.7840545 1.7864578 1.7868881 1.7691797 1.7849010 1.8083867 1.8014921 1.7935047 1.6436174 0.9759101 0.6154579 0.9751455 1.1640877 1.4151540 0.7591901 2.0766921 2.0718458 2.1080088 2.6114887 2.5616010 2.5234685 
MW434989_Hubei_virga-like_virus_2            0.0069434 0.0046501 0.0046433 0.0052254 0.0042602 0.0033306 0.0030273 0.0057666 0.0042437 0.0051719 0.0003016 0.0000000 0.0006033 0.0061003 0.0009051 0.0030238 0.0015090 0.0057720 0.0057686 0.0057690 0.0085250 0.0076014 0.0033300 0.0039317 0.0072862 0.0054597 0.0116266 0.0045460 0.0085239 0.0088339 0.0091464 0.0094510 0.0088042 0.0042355 0.0082148 0.0151802 0.0057656 0.0099287 0.0085259 0.0082207 0.0051578 0.0085298 0.0057629 0.0048574 0.0042454 0.0335332 0.0335332 0.0295884 0.0060753 0.0085151 0.1616868 0.0180909 0.1211736 0.0912074 0.4946751 0.6618149 1.7840545 1.7864578 1.7868881 1.7691797 1.7849010 1.8083867 1.8014921 1.7935047 1.6436174 0.9759101 0.6154579 0.9751455 1.1640877 1.4151540 0.7591901 2.0766921 2.0718458 2.1080088 2.6114887 2.5616010 2.5234685 
MW434991_Hubei_virga-like_virus_2            0.0069436 0.0046503 0.0049563 0.0055366 0.0039682 0.0030373 0.0030274 0.0057669 0.0042439 0.0051721 0.0003016 0.0006033 0.0000000 0.0061005 0.0009051 0.0027300 0.0015090 0.0057722 0.0054816 0.0057693 0.0085253 0.0076017 0.0033302 0.0039319 0.0072865 0.0051722 0.0116269 0.0042560 0.0085242 0.0088342 0.0091467 0.0094513 0.0088045 0.0042357 0.0082150 0.0151806 0.0057658 0.0099290 0.0085262 0.0082210 0.0051580 0.0085301 0.0057631 0.0048576 0.0042456 0.0335334 0.0335334 0.0295884 0.0060756 0.0085154 0.1616503 0.0180909 0.1211290 0.0912074 0.4944135 0.6621484 1.7840545 1.7864578 1.7868881 1.7691797 1.7849010 1.8083867 1.8014921 1.7935047 1.6436174 0.9759101 0.6154579 0.9751455 1.1640877 1.4151540 0.7591901 2.0766921 2.0718458 2.1080088 2.6114887 2.5616010 2.5234685 
MW434992_Hubei_virga-like_virus_2            0.0069777 0.0065596 0.0078072 0.0077527 0.0073622 0.0057970 0.0061079 0.0079573 0.0061076 0.0070499 0.0057916 0.0061003 0.0061005 0.0000000 0.0064073 0.0054848 0.0064065 0.0076510 0.0076465 0.0076471 0.0098054 0.0088735 0.0064133 0.0064059 0.0054783 0.0073336 0.0136099 0.0070238 0.0098042 0.0101169 0.0104325 0.0107390 0.0108066 0.0067130 0.0094924 0.0165501 0.0076426 0.0112427 0.0098066 0.0094993 0.0067205 0.0060977 0.0079521 0.0067286 0.0067223 0.0343678 0.0343678 0.0297059 0.0076492 0.0068335 0.1609043 0.0180909 0.1225168 0.0899035 0.4934691 0.6644604 1.7700208 1.7728691 1.7732925 1.7609649 1.7846492 1.8081431 1.8012435 1.7924358 1.6420009 0.9759101 0.6154579 0.9751455 1.1640877 1.4177300 0.7591901 2.0784194 2.0735689 2.1097591 2.6010372 2.5632798 2.5293922 
MW434994_Hubei_virga-like_virus_2            0.0072613 0.0046493 0.0052676 0.0058458 0.0045660 0.0036345 0.0033311 0.0060721 0.0045483 0.0054779 0.0006033 0.0009051 0.0009051 0.0064073 0.0000000 0.0033273 0.0018111 0.0060777 0.0060741 0.0060746 0.0088322 0.0079080 0.0036339 0.0042355 0.0075922 0.0057648 0.0119447 0.0048506 0.0088312 0.0091414 0.0094542 0.0097590 0.0091907 0.0045395 0.0085217 0.0155012 0.0060710 0.0102423 0.0088332 0.0085278 0.0054630 0.0088373 0.0060681 0.0051626 0.0045501 0.0335277 0.0335277 0.0295884 0.0063811 0.0088589 0.1617986 0.0180909 0.1211736 0.0912074 0.4945693 0.6601086 1.7840545 1.7864578 1.7868881 1.7691797 1.7849010 1.8083867 1.8014921 1.7935047 1.6436174 0.9759101 0.6154579 0.9751455 1.1640877 1.4151540 0.7591901 2.0766921 2.0718458 2.1080088 2.6114887 2.5616010 2.5234685 
MW434995_Hubei_virga-like_virus_2            0.0063056 0.0040259 0.0049549 0.0055371 0.0030360 0.0015090 0.0030277 0.0057674 0.0036338 0.0045590 0.0027197 0.0030238 0.0027300 0.0054848 0.0033273 0.0000000 0.0033269 0.0051592 0.0045487 0.0051566 0.0079081 0.0069862 0.0033305 0.0039323 0.0066723 0.0036300 0.0116225 0.0027202 0.0079071 0.0082164 0.0085280 0.0088324 0.0076407 0.0042361 0.0075986 0.0145329 0.0051535 0.0092987 0.0079090 0.0076041 0.0045465 0.0079126 0.0057636 0.0042460 0.0036353 0.0331882 0.0331882 0.0295928 0.0054623 0.0078219 0.1610755 0.0180909 0.1216067 0.0905541 0.4912424 0.6624483 1.7811973 1.7835977 1.7840268 1.7665014 1.7820744 1.8056228 1.7986818 1.7876071 1.6381161 0.9759101 0.6154579 0.9751455 1.1640877 1.4187456 0.7591901 2.0733190 2.0684871 2.1045485 2.6072391 2.5562917 2.5303001 
MW435000_Hubei_virga-like_virus_2            0.0072604 0.0049611 0.0052670 0.0058451 0.0051763 0.0036341 0.0033307 0.0060714 0.0045477 0.0054772 0.0012070 0.0015090 0.0015090 0.0064065 0.0018111 0.0033269 0.0000000 0.0060770 0.0060734 0.0060739 0.0088312 0.0079070 0.0036335 0.0042350 0.0075913 0.0057642 0.0119432 0.0048500 0.0088301 0.0091403 0.0094531 0.0097578 0.0088030 0.0045389 0.0085207 0.0154992 0.0060703 0.0102410 0.0088322 0.0085268 0.0054623 0.0082235 0.0060674 0.0051620 0.0045495 0.0338615 0.0338615 0.0290089 0.0063804 0.0088577 0.1612514 0.0180909 0.1205129 0.0918266 0.4943366 0.6603561 1.7832472 1.7856484 1.7860782 1.7700461 1.7857119 1.8091787 1.8022976 1.7941353 1.6414389 0.9759101 0.6154579 0.9751455 1.1640877 1.4151540 0.7591901 2.0778379 2.0729883 2.1091731 2.6130388 2.5611847 2.5203515 
MW435003_Hubei_virga-like_virus_2            0.0085513 0.0062217 0.0071505 0.0071009 0.0067207 0.0054698 0.0057793 0.0079271 0.0057790 0.0067156 0.0054647 0.0057720 0.0057722 0.0076510 0.0060777 0.0051592 0.0060770 0.0000000 0.0048566 0.0048570 0.0100814 0.0091527 0.0060835 0.0060764 0.0088342 0.0070001 0.0138853 0.0066916 0.0100802 0.0103921 0.0107070 0.0110126 0.0103745 0.0057684 0.0097691 0.0168192 0.0048541 0.0115207 0.0097755 0.0097762 0.0042466 0.0100872 0.0079219 0.0039457 0.0039420 0.0351795 0.0351795 0.0306642 0.0057738 0.0106032 0.1625064 0.0195252 0.1217022 0.0912145 0.4958852 0.6646015 1.7819390 1.7843419 1.7847717 1.7655129 1.7898168 1.8132170 1.8063964 1.7924878 1.6374279 0.9759101 0.6154579 0.9761515 1.1660011 1.4160998 0.7591901 2.0738263 2.0689957 2.1050465 2.6111245 2.5654134 2.5284707 
MW435004_Hubei_virga-like_virus_2            0.0085461 0.0062180 0.0068311 0.0067838 0.0064111 0.0048582 0.0057759 0.0079224 0.0057756 0.0067116 0.0054615 0.0057686 0.0054816 0.0076465 0.0060741 0.0045487 0.0060734 0.0048566 0.0000000 0.0030259 0.0100755 0.0091473 0.0060799 0.0060728 0.0088289 0.0063863 0.0138766 0.0060785 0.0100742 0.0103860 0.0107006 0.0110061 0.0111435 0.0063784 0.0097633 0.0168086 0.0030241 0.0115127 0.0100766 0.0097704 0.0024188 0.0100812 0.0079172 0.0021178 0.0021158 0.0349164 0.0349164 0.0302128 0.0057704 0.0099101 0.1618896 0.0180909 0.1239139 0.0905541 0.4925103 0.6635134 1.7811154 1.7835157 1.7839448 1.7708561 1.7863046 1.8097632 1.8028904 1.7918320 1.6435699 0.9759101 0.6154579 0.9751455 1.1640877 1.4144014 0.7591901 2.0776693 2.0728219 2.1089900 2.6062874 2.5615424 2.5290937 
MW435005_Hubei_virga-like_virus_2            0.0082280 0.0062185 0.0074590 0.0074074 0.0070237 0.0054670 0.0057763 0.0079230 0.0057760 0.0067122 0.0054619 0.0057690 0.0057693 0.0076471 0.0060746 0.0051566 0.0060739 0.0048570 0.0030259 0.0000000 0.0100762 0.0091480 0.0060804 0.0060733 0.0088296 0.0069965 0.0135586 0.0066882 0.0100750 0.0103867 0.0107014 0.0110069 0.0107567 0.0063790 0.0097641 0.0168098 0.0030243 0.0115136 0.0100774 0.0097711 0.0024191 0.0098065 0.0079178 0.0021180 0.0021160 0.0349181 0.0349181 0.0307649 0.0057709 0.0092194 0.1617323 0.0180909 0.1231307 0.0917271 0.4941844 0.6627598 1.7801441 1.7825419 1.7829703 1.7702554 1.7865612 1.8100076 1.8031408 1.7918646 1.6441283 0.9759101 0.6154579 0.9751455 1.1640877 1.4170838 0.7591901 2.0754719 2.0715161 2.1076421 2.5994175 2.5626131 2.5316427 
Hubei_virga_like_virus_2_subsp1_F1113C1F1118 0.0104593 0.0084118 0.0106030 0.0105291 0.0097989 0.0082230 0.0085357 0.0103874 0.0085352 0.0094832 0.0082152 0.0085250 0.0085253 0.0098054 0.0088322 0.0079081 0.0088312 0.0100814 0.0100755 0.0100762 0.0000000 0.0015090 0.0088405 0.0088303 0.0097479 0.0097608 0.0145206 0.0094500 0.0048490 0.0051553 0.0054633 0.0057667 0.0018958 0.0091377 0.0027180 0.0087884 0.0100704 0.0061750 0.0030229 0.0027204 0.0094584 0.0119299 0.0100710 0.0091589 0.0091504 0.0305117 0.0305117 0.0272531 0.0100790 0.0116311 0.1575877 0.0180654 0.1174868 0.0899262 0.4925173 0.6611007 1.7737057 1.7760932 1.7765185 1.7635073 1.7877937 1.8112082 1.8043630 1.7894407 1.6419349 0.9794623 0.6154579 0.9781176 1.1691068 1.4140237 0.7591901 2.0731289 2.0682974 2.1043568 2.6110319 2.5572773 2.5248177 
Hubei_virga_like_virus_2_subsp1_F1113C1F1581 0.0094954 0.0074669 0.0096542 0.0095871 0.0088683 0.0072995 0.0076109 0.0094583 0.0076106 0.0085542 0.0072926 0.0076014 0.0076017 0.0088735 0.0079080 0.0069862 0.0079070 0.0091527 0.0091473 0.0091480 0.0015090 0.0000000 0.0079154 0.0079063 0.0088222 0.0088339 0.0135550 0.0085241 0.0039345 0.0042398 0.0045466 0.0048496 0.0011363 0.0082129 0.0018098 0.0078363 0.0091427 0.0052416 0.0021133 0.0018117 0.0085317 0.0109976 0.0088365 0.0082320 0.0082244 0.0308401 0.0308401 0.0278292 0.0091505 0.0105889 0.1581910 0.0195024 0.1186290 0.0899580 0.4907625 0.6601444 1.7723723 1.7747584 1.7751832 1.7634903 1.7867327 1.8101720 1.8033090 1.7884028 1.6409413 0.9802064 0.6154579 0.9787396 1.1702830 1.4145907 0.7591901 2.0690714 2.0642532 2.1002211 2.6076964 2.5574657 2.5253548 
MW434983_Hubei_virga-like_virus_2            0.0072684 0.0049665 0.0058976 0.0058514 0.0051818 0.0036380 0.0033343 0.0060778 0.0045526 0.0054830 0.0030254 0.0033300 0.0033302 0.0064133 0.0036339 0.0033305 0.0036335 0.0060835 0.0060799 0.0060804 0.0088405 0.0079154 0.0000000 0.0042396 0.0075994 0.0057703 0.0125949 0.0048552 0.0088394 0.0091499 0.0094631 0.0097681 0.0095876 0.0045438 0.0085297 0.0155161 0.0060768 0.0102520 0.0088415 0.0085359 0.0054682 0.0088456 0.0060739 0.0051676 0.0045544 0.0338972 0.0338972 0.0307946 0.0063872 0.0088664 0.1627373 0.0194953 0.1212026 0.0918418 0.4941337 0.6649624 1.7833576 1.7857588 1.7861885 1.7678730 1.7819640 1.8055257 1.7985798 1.7898023 1.6397836 0.9797012 0.6154579 0.9783181 1.1693165 1.4134074 0.7591901 2.0750869 2.0702483 2.1063565 2.6174069 2.5677260 2.5364053 
MW434996_Hubei_virga-like_virus_2            0.0066223 0.0040271 0.0055771 0.0058446 0.0057859 0.0042403 0.0039368 0.0060708 0.0039385 0.0048651 0.0036270 0.0039317 0.0039319 0.0064059 0.0042355 0.0039323 0.0042350 0.0060764 0.0060728 0.0060733 0.0088303 0.0079063 0.0042396 0.0000000 0.0075906 0.0057636 0.0119392 0.0054569 0.0088293 0.0091394 0.0094522 0.0097569 0.0084131 0.0045385 0.0085199 0.0154976 0.0060697 0.0102400 0.0088314 0.0085260 0.0054618 0.0088354 0.0060668 0.0051616 0.0051568 0.0335290 0.0335290 0.0301669 0.0063798 0.0081687 0.1614016 0.0194981 0.1211590 0.0924556 0.4949083 0.6623238 1.7820303 1.7844311 1.7848605 1.7695434 1.7847308 1.8082277 1.8013282 1.7915312 1.6445543 0.9799386 0.6154579 0.9785158 1.1640877 1.4176537 0.7675797 2.0736586 2.0688254 2.1058125 2.6085671 2.5662631 2.5255023 
MW434998_Hubei_virga-like_virus_2            0.0082066 0.0074606 0.0093283 0.0092636 0.0085494 0.0069847 0.0072954 0.0091393 0.0072950 0.0082363 0.0069781 0.0072862 0.0072865 0.0054783 0.0075922 0.0066723 0.0075913 0.0088342 0.0088289 0.0088296 0.0097479 0.0088222 0.0075994 0.0075906 0.0000000 0.0079026 0.0148058 0.0082071 0.0097467 0.0100575 0.0103712 0.0103593 0.0099567 0.0078967 0.0094367 0.0164527 0.0088245 0.0108654 0.0097490 0.0094435 0.0082145 0.0079032 0.0091332 0.0079151 0.0079077 0.0319114 0.0319114 0.0290432 0.0082191 0.0067855 0.1592512 0.0195044 0.1220519 0.0896775 0.4915090 0.6634639 1.7717539 1.7746069 1.7750315 1.7653749 1.7907563 1.8141244 1.8073223 1.7952157 1.6433231 0.9761500 0.6154579 0.9753461 1.1640877 1.4159584 0.7596138 2.0744251 2.0695880 2.1056856 2.6057448 2.5574562 2.5251957 
MW434981_Hubei_virga-like_virus_2            0.0082214 0.0052763 0.0065155 0.0074041 0.0042524 0.0027180 0.0054666 0.0076104 0.0054663 0.0064005 0.0051531 0.0054597 0.0051722 0.0073336 0.0057648 0.0036300 0.0057642 0.0070001 0.0063863 0.0069965 0.0097608 0.0088339 0.0057703 0.0057636 0.0079026 0.0000000 0.0129024 0.0051540 0.0097596 0.0100708 0.0103849 0.0106901 0.0099673 0.0060688 0.0094492 0.0164753 0.0069924 0.0111906 0.0097619 0.0094560 0.0063832 0.0091523 0.0076054 0.0060830 0.0060774 0.0345510 0.0345510 0.0325591 0.0073039 0.0098940 0.1618889 0.0209410 0.1240567 0.0918965 0.4950153 0.6624282 1.7834858 1.7858893 1.7863195 1.7651738 1.7893466 1.8127515 1.8059248 1.7956874 1.6464409 0.9770378 0.6154579 0.9760887 1.1637887 1.4183279 0.7616032 2.0725343 2.0674274 2.1037435 2.6047435 2.5594906 2.5344261 
MN661131_Hubei_virga-like_virus_2            0.0136977 0.0122398 0.0138530 0.0134321 0.0136024 0.0119526 0.0122800 0.0135563 0.0119594 0.0129513 0.0113049 0.0116266 0.0116269 0.0136099 0.0119447 0.0116225 0.0119432 0.0138853 0.0138766 0.0135586 0.0145206 0.0135550 0.0125949 0.0119392 0.0148058 0.0129024 0.0000000 0.0132243 0.0145187 0.0145221 0.0151733 0.0154889 0.0142731 0.0128977 0.0138771 0.0216604 0.0138693 0.0157640 0.0145225 0.0138942 0.0132365 0.0161232 0.0138742 0.0129296 0.0129171 0.0407384 0.0407384 0.0354799 0.0138817 0.0165280 0.1671297 0.0209432 0.1234850 0.0969481 0.4963755 0.6665743 1.7934603 1.7953020 1.7958652 1.7699380 1.7887815 1.8081912 1.8056104 1.7927662 1.6325151 0.9698911 0.6154579 0.9709248 1.1651708 1.4137269 0.7591901 2.0657621 2.0605494 2.0872037 2.6145233 2.5752517 2.5237035 
MW434993_Hubei_virga-like_virus_2            0.0079002 0.0055871 0.0065182 0.0070912 0.0045643 0.0030264 0.0045517 0.0073015 0.0051594 0.0060920 0.0042402 0.0045460 0.0042560 0.0070238 0.0048506 0.0027202 0.0048500 0.0066916 0.0060785 0.0066882 0.0094500 0.0085241 0.0048552 0.0054569 0.0082071 0.0051540 0.0132243 0.0000000 0.0094488 0.0097597 0.0094565 0.0103784 0.0087966 0.0057619 0.0091388 0.0158264 0.0066842 0.0108731 0.0094511 0.0091453 0.0060755 0.0094554 0.0072967 0.0057753 0.0051615 0.0345698 0.0345698 0.0313755 0.0069953 0.0095463 0.1633720 0.0224087 0.1230109 0.0912582 0.4939995 0.6631336 1.7836780 1.7860818 1.7865120 1.7636268 1.7863236 1.8097910 1.8029160 1.7905354 1.6399662 0.9848827 0.6319675 0.9779676 1.1691213 1.4212347 0.7702645 2.0748895 2.0700496 2.1061682 2.6147257 2.5623786 2.5390646 
Hubei_virga_like_virus_2_subsp1_F1113C1F1422 0.0107798 0.0084107 0.0102874 0.0102158 0.0097977 0.0082220 0.0085346 0.0103862 0.0085342 0.0094820 0.0082142 0.0085239 0.0085242 0.0098042 0.0088312 0.0079071 0.0088301 0.0100802 0.0100742 0.0100750 0.0048490 0.0039345 0.0088394 0.0088293 0.0097467 0.0097596 0.0145187 0.0094488 0.0000000 0.0015090 0.0018124 0.0021144 0.0045664 0.0091366 0.0051505 0.0113333 0.0100691 0.0055503 0.0054580 0.0051543 0.0094572 0.0119348 0.0103793 0.0091578 0.0091493 0.0318441 0.0318441 0.0290157 0.0100778 0.0116295 0.1585357 0.0223621 0.1186959 0.0912263 0.4917600 0.6583035 1.7734258 1.7758135 1.7762388 1.7639834 1.7895746 1.8129659 1.8061453 1.7898495 1.6401078 0.9765313 0.6154579 0.9756662 1.1668124 1.4132311 0.7569677 2.0733221 2.0684884 2.1045637 2.6072763 2.5623575 2.5297356 
Hubei_virga_like_virus_2_subsp1_F1113C1F1432 0.0107823 0.0084119 0.0109204 0.0108442 0.0101101 0.0085318 0.0088449 0.0106983 0.0088445 0.0097939 0.0085238 0.0088339 0.0088342 0.0101169 0.0091414 0.0082164 0.0091403 0.0103921 0.0103860 0.0103867 0.0051553 0.0042398 0.0091499 0.0091394 0.0100575 0.0100708 0.0145221 0.0097597 0.0015090 0.0000000 0.0015090 0.0018111 0.0045677 0.0094470 0.0054569 0.0116555 0.0103807 0.0058623 0.0051526 0.0054608 0.0097684 0.0125535 0.0106912 0.0094689 0.0094601 0.0325157 0.0325157 0.0284190 0.0103896 0.0116324 0.1594532 0.0223621 0.1186959 0.0918719 0.4920235 0.6592149 1.7728266 1.7752131 1.7756381 1.7639834 1.7877494 1.8111764 1.8043272 1.7892290 1.6429960 0.9765313 0.6154579 0.9756662 1.1668124 1.4132311 0.7569677 2.0707763 2.0659545 2.1019460 2.6021546 2.5583391 2.5214685 
Hubei_virga_like_virus_2_subsp1_F1113C1F1428 0.0114314 0.0087311 0.0112423 0.0111638 0.0104255 0.0088441 0.0091578 0.0110134 0.0091573 0.0101097 0.0088358 0.0091464 0.0091467 0.0104325 0.0094542 0.0085280 0.0094531 0.0107070 0.0107006 0.0107014 0.0054633 0.0045466 0.0094631 0.0094522 0.0103712 0.0103849 0.0151733 0.0094565 0.0018124 0.0015090 0.0000000 0.0021153 0.0049541 0.0097602 0.0057651 0.0116617 0.0106952 0.0061763 0.0054604 0.0057692 0.0100823 0.0128719 0.0110061 0.0097828 0.0097737 0.0328661 0.0328661 0.0296026 0.0107044 0.0123340 0.1599626 0.0237966 0.1201036 0.0918548 0.4926510 0.6592003 1.7722446 1.7746305 1.7750552 1.7632876 1.7866252 1.8100776 1.8032098 1.7852607 1.6390381 0.9821098 0.6319675 0.9756662 1.1668124 1.4170294 0.7679980 2.0691771 2.0643577 2.1003348 2.6086880 2.5674532 2.5358377 
Hubei_virga_like_virus_2_subsp1_F1113C1F1433 0.0117485 0.0087262 0.0115543 0.0114735 0.0107319 0.0091488 0.0094628 0.0113190 0.0094623 0.0104157 0.0091403 0.0094510 0.0094513 0.0107390 0.0097590 0.0088324 0.0097578 0.0110126 0.0110061 0.0110069 0.0057667 0.0048496 0.0097681 0.0097569 0.0103593 0.0106901 0.0154889 0.0103784 0.0021144 0.0018111 0.0021153 0.0000000 0.0053356 0.0100649 0.0060683 0.0119877 0.0110005 0.0064850 0.0057636 0.0060727 0.0103876 0.0131779 0.0113115 0.0100882 0.0100789 0.0324672 0.0324672 0.0295836 0.0110099 0.0123181 0.1592908 0.0252184 0.1200238 0.0924573 0.4921885 0.6598077 1.7737273 1.7761156 1.7765411 1.7631617 1.7874603 1.8108865 1.8040346 1.7923019 1.6388638 0.9785151 0.6211694 0.9755066 1.1666123 1.4148325 0.7609988 2.0730762 2.0682422 2.1043203 2.6107279 2.5651687 2.5297171 
Hubei_virga_like_virus_2_subsp1_F1113C1F1122 0.0108665 0.0086678 0.0110378 0.0109415 0.0104040 0.0084193 0.0084229 0.0103678 0.0088161 0.0100108 0.0084149 0.0088042 0.0088045 0.0108066 0.0091907 0.0076407 0.0088030 0.0103745 0.0111435 0.0107567 0.0018958 0.0011363 0.0095876 0.0084131 0.0099567 0.0099673 0.0142731 0.0087966 0.0045664 0.0045677 0.0049541 0.0053356 0.0000000 0.0095715 0.0022752 0.0085775 0.0107494 0.0065546 0.0026575 0.0026557 0.0099755 0.0127055 0.0107500 0.0095977 0.0095864 0.0356085 0.0356085 0.0338414 0.0103750 0.0116946 0.1845508 0.0260648 0.1386843 0.1085462 0.5616608 0.7862607 2.1056204 2.1085295 2.1085295 2.0055096 2.0309913 2.0546929 2.0472360 2.0313422 1.8057622 1.0791621 0.5248004 0.9593452 1.0931362 1.5774904 0.7176675 2.3488707 2.3384277 2.3705974 2.9650400 2.9314323 3.0186380 
MW435006_Hubei_virga-like_virus_2            0.0075778 0.0043386 0.0062027 0.0061541 0.0060924 0.0045446 0.0042409 0.0063763 0.0042446 0.0051731 0.0039304 0.0042355 0.0042357 0.0067130 0.0045395 0.0042361 0.0045389 0.0057684 0.0063784 0.0063790 0.0091377 0.0082129 0.0045438 0.0045385 0.0078967 0.0060688 0.0128977 0.0057619 0.0091366 0.0094470 0.0097602 0.0100649 0.0095715 0.0000000 0.0082124 0.0154961 0.0063752 0.0102745 0.0091387 0.0088333 0.0057671 0.0091429 0.0063721 0.0054669 0.0054618 0.0338619 0.0338619 0.0325094 0.0066857 0.0095451 0.1607512 0.0209277 0.1238525 0.0911989 0.4930414 0.6617775 1.7872135 1.7896221 1.7900539 1.7694915 1.7865563 1.8100136 1.8031438 1.7952756 1.6453676 0.9784438 0.6145547 0.9782732 1.1703070 1.4160855 0.7584626 2.0777432 2.0728944 2.1090738 2.6081492 2.5635757 2.5313285 
Hubei_virga_like_virus_2_subsp2_F1120C1F1120 0.0098168 0.0080944 0.0102838 0.0102122 0.0094860 0.0079129 0.0082251 0.0100749 0.0082247 0.0091710 0.0079054 0.0082148 0.0082150 0.0094924 0.0085217 0.0075986 0.0085207 0.0097691 0.0097633 0.0097641 0.0027180 0.0018098 0.0085297 0.0085199 0.0094367 0.0094492 0.0138771 0.0091388 0.0051505 0.0054569 0.0057651 0.0060683 0.0022752 0.0082124 0.0000000 0.0087819 0.0097584 0.0058621 0.0027180 0.0024163 0.0091469 0.0116159 0.0100682 0.0088474 0.0088392 0.0308359 0.0308359 0.0284214 0.0097668 0.0102447 0.1590428 0.0209336 0.1213414 0.0918087 0.4906825 0.6609594 1.7736805 1.7760688 1.7764943 1.7646828 1.7849871 1.8084625 1.8015716 1.7894490 1.6418068 0.9797392 0.6145547 0.9783495 1.1702830 1.4141263 0.7584626 2.0743459 2.0695095 2.1056024 2.6067601 2.5572183 2.5244391 
Hubei_virga_like_virus_2_subsp1_F1113C1F1113 0.0174727 0.0152233 0.0175059 0.0173793 0.0165422 0.0148688 0.0151997 0.0171369 0.0151990 0.0162056 0.0148542 0.0151802 0.0151806 0.0165501 0.0155012 0.0145329 0.0154992 0.0168192 0.0168086 0.0168098 0.0087884 0.0078363 0.0155161 0.0154976 0.0164527 0.0164753 0.0216604 0.0158264 0.0113333 0.0116555 0.0116617 0.0119877 0.0085775 0.0154961 0.0087819 0.0000000 0.0164686 0.0104531 0.0094208 0.0091060 0.0161634 0.0187464 0.0171247 0.0158569 0.0158416 0.0397785 0.0397785 0.0432303 0.0164954 0.0189078 0.1730657 0.0582185 0.1406092 0.1088841 0.5131767 0.6923627 1.8406233 1.8431863 1.8436575 1.8313134 1.8533973 1.8761382 1.8710429 1.8667876 1.7102797 1.1515473 1.1870924 1.0595481 1.1702830 1.5590323 1.0932771 2.1760223 2.1706333 2.2107017 2.7167229 2.6913129 2.6693613 
MW435001_Hubei_virga-like_virus_2            0.0085416 0.0062147 0.0074546 0.0074030 0.0070195 0.0054638 0.0057729 0.0079184 0.0057726 0.0067082 0.0054587 0.0057656 0.0057658 0.0076426 0.0060710 0.0051535 0.0060703 0.0048541 0.0030241 0.0030243 0.0100704 0.0091427 0.0060768 0.0060697 0.0088245 0.0069924 0.0138693 0.0066842 0.0100691 0.0103807 0.0106952 0.0110005 0.0107494 0.0063752 0.0097584 0.0164686 0.0000000 0.0111919 0.0100715 0.0097654 0.0024176 0.0100761 0.0079132 0.0021167 0.0021147 0.0348981 0.0348981 0.0313593 0.0057675 0.0095606 0.1625261 0.0195122 0.1246176 0.0911819 0.4956768 0.6653730 1.7820119 1.7844144 1.7848441 1.7691879 1.7864017 1.8098690 1.8029948 1.7925036 1.6387211 0.9740732 0.6101288 0.9736086 1.1640877 1.4132098 0.7555825 2.0769766 2.0721288 2.1083020 2.6113603 2.5594397 2.5236510 
Hubei_virga_like_virus_2_subsp1_F1113C1F1119 0.0122898 0.0085895 0.0114748 0.0119971 0.0112352 0.0096213 0.0099413 0.0118326 0.0096598 0.0106329 0.0096122 0.0099287 0.0099290 0.0112427 0.0102423 0.0092987 0.0102410 0.0115207 0.0115127 0.0115136 0.0061750 0.0052416 0.0102520 0.0102400 0.0108654 0.0111906 0.0157640 0.0108731 0.0055503 0.0058623 0.0061763 0.0064850 0.0065546 0.0102745 0.0058621 0.0104531 0.0111919 0.0000000 0.0061757 0.0058635 0.0108829 0.0137247 0.0118235 0.0105785 0.0105686 0.0330872 0.0330872 0.0305287 0.0115178 0.0129211 0.1617667 0.0211095 0.1234410 0.0935589 0.5012524 0.6778171 1.8238801 1.8263909 1.8268489 1.8111300 1.8332763 1.8562011 1.8499717 1.8367823 1.6833719 1.0520287 0.7254862 1.0419308 1.1837752 1.4862228 0.8467631 2.1194834 2.1143661 2.1524860 2.6721118 2.6322957 2.6151742 
Hubei_virga_like_virus_2_subsp1_F1113C1F1426 0.0104606 0.0077824 0.0106042 0.0105303 0.0098000 0.0082239 0.0085366 0.0103886 0.0085362 0.0094843 0.0082162 0.0085259 0.0085262 0.0098066 0.0088332 0.0079090 0.0088322 0.0097755 0.0100766 0.0100774 0.0030229 0.0021133 0.0088415 0.0088314 0.0097490 0.0097619 0.0145225 0.0094511 0.0054580 0.0051526 0.0054604 0.0057636 0.0026575 0.0091387 0.0027180 0.0094208 0.0100715 0.0061757 0.0000000 0.0027207 0.0094595 0.0119313 0.0103818 0.0091600 0.0091514 0.0315632 0.0315632 0.0278969 0.0100802 0.0116326 0.1581858 0.0208989 0.1201247 0.0911543 0.4917566 0.6629781 1.7756217 1.7780126 1.7784389 1.7666655 1.7899046 1.8132865 1.8064719 1.7897741 1.6418643 0.9790554 0.6154579 0.9777774 1.1684777 1.4137423 0.7591901 2.0705491 2.0657259 2.1017278 2.6135103 2.5598991 2.5243476 
Hubei_virga_like_virus_2_subsp1_F1113C1F1125 0.0101426 0.0074709 0.0096655 0.0099073 0.0094929 0.0079186 0.0082310 0.0100822 0.0082306 0.0091776 0.0079111 0.0082207 0.0082210 0.0094993 0.0085278 0.0076041 0.0085268 0.0097762 0.0097704 0.0097711 0.0027204 0.0018117 0.0085359 0.0085260 0.0094435 0.0094560 0.0138942 0.0091453 0.0051543 0.0054608 0.0057692 0.0060727 0.0026557 0.0088333 0.0024163 0.0091060 0.0097654 0.0058635 0.0027207 0.0000000 0.0091535 0.0116243 0.0100755 0.0088538 0.0088456 0.0305272 0.0305272 0.0278534 0.0097738 0.0112893 0.1587246 0.0195454 0.1200857 0.0906543 0.4901399 0.6622401 1.7766716 1.7790647 1.7794916 1.7641932 1.7865165 1.8099579 1.8030921 1.7909392 1.6411161 0.9834337 0.6154579 0.9814364 1.1702830 1.4169915 0.7591901 2.0729983 2.0681650 2.1042377 2.6091067 2.5558053 2.5358281 
MW434997_Hubei_virga-like_virus_2            0.0079075 0.0055923 0.0068322 0.0067849 0.0064080 0.0048559 0.0051644 0.0073080 0.0051641 0.0060974 0.0048513 0.0051578 0.0051580 0.0067205 0.0054630 0.0045465 0.0054623 0.0042466 0.0024188 0.0024191 0.0094584 0.0085317 0.0054682 0.0054618 0.0082145 0.0063832 0.0132365 0.0060755 0.0094572 0.0097684 0.0100823 0.0103876 0.0099755 0.0057671 0.0091469 0.0161634 0.0024176 0.0108829 0.0094595 0.0091535 0.0000000 0.0094638 0.0073032 0.0015117 0.0015103 0.0342458 0.0342458 0.0313756 0.0051595 0.0092196 0.1615727 0.0195268 0.1239605 0.0917902 0.4935556 0.6634267 1.7800406 1.7824381 1.7828665 1.7680603 1.7841965 1.8076901 1.8007860 1.7892867 1.6398932 0.9768748 0.6154579 0.9759523 1.1655589 1.4150675 0.7591901 2.0728356 2.0680065 2.1040479 2.6035424 2.5608904 2.5270559 
MW434985_Hubei_virga-like_virus_2            0.0088628 0.0090472 0.0102906 0.0102189 0.0098045 0.0082276 0.0085405 0.0103934 0.0085401 0.0094886 0.0082199 0.0085298 0.0085301 0.0060977 0.0088373 0.0079126 0.0082235 0.0100872 0.0100812 0.0098065 0.0119299 0.0109976 0.0088456 0.0088354 0.0079032 0.0091523 0.0161232 0.0094554 0.0119348 0.0125535 0.0128719 0.0131779 0.0127055 0.0091429 0.0116159 0.0187464 0.0100761 0.0137247 0.0119313 0.0116243 0.0094638 0.0000000 0.0103865 0.0091641 0.0091556 0.0362412 0.0362412 0.0337590 0.0097760 0.0095539 0.1603123 0.0194953 0.1241325 0.0896544 0.4958687 0.6625616 1.7746992 1.7775563 1.7779823 1.7688158 1.7866338 1.8101004 1.8032288 1.7930347 1.6399530 0.9727379 0.6041173 0.9724908 1.1640877 1.4127562 0.7521242 2.0864073 2.0812476 2.1179176 2.6027965 2.5712895 2.5364899 
MW434990_Hubei_virga-like_virus_2            0.0085447 0.0068408 0.0083971 0.0077124 0.0076349 0.0060749 0.0057702 0.0073018 0.0063844 0.0073227 0.0054561 0.0057629 0.0057631 0.0079521 0.0060681 0.0057636 0.0060674 0.0079219 0.0079172 0.0079178 0.0100710 0.0088365 0.0060739 0.0060668 0.0091332 0.0076054 0.0138742 0.0072967 0.0103793 0.0106912 0.0110061 0.0113115 0.0107500 0.0063721 0.0100682 0.0171247 0.0079132 0.0118235 0.0103818 0.0100755 0.0073032 0.0103865 0.0000000 0.0070032 0.0069967 0.0342612 0.0342612 0.0319754 0.0076125 0.0099044 0.1630443 0.0180909 0.1222807 0.0918086 0.4944959 0.6643105 1.7766681 1.7790611 1.7794880 1.7641598 1.7855065 1.8079469 1.8021119 1.7859194 1.6395903 0.9752614 0.6154579 0.9794318 1.1715243 1.4184100 0.7591901 2.0735777 2.0687407 2.1048404 2.6098446 2.5658053 2.5360315 
MW435002_Hubei_virga-like_virus_2            0.0075961 0.0052849 0.0065257 0.0064805 0.0061066 0.0045552 0.0048636 0.0070078 0.0048633 0.0057962 0.0045509 0.0048574 0.0048576 0.0067286 0.0051626 0.0042460 0.0051620 0.0039457 0.0021178 0.0021180 0.0091589 0.0082320 0.0051676 0.0051616 0.0079151 0.0060830 0.0129296 0.0057753 0.0091578 0.0094689 0.0097828 0.0100882 0.0095977 0.0054669 0.0088474 0.0158569 0.0021167 0.0105785 0.0091600 0.0088538 0.0015117 0.0091641 0.0070032 0.0000000 0.0006035 0.0339453 0.0339453 0.0308245 0.0048590 0.0088842 0.1617638 0.0195384 0.1241255 0.0919167 0.4934338 0.6634870 1.7792333 1.7816309 1.7820591 1.7694681 1.7842442 1.8077451 1.8008395 1.7900834 1.6406528 0.9715593 0.6154579 0.9715049 1.1534447 1.4094017 0.7591901 2.0705443 2.0657246 2.1017008 2.6014965 2.5592691 2.5349962 
MW434999_Hubei_virga-like_virus_2            0.0075888 0.0052799 0.0058973 0.0064744 0.0054897 0.0039433 0.0042508 0.0070013 0.0048588 0.0057908 0.0039396 0.0042454 0.0042456 0.0067223 0.0045501 0.0036353 0.0045495 0.0039420 0.0021158 0.0021160 0.0091504 0.0082244 0.0045544 0.0051568 0.0079077 0.0060774 0.0129171 0.0051615 0.0091493 0.0094601 0.0097737 0.0100789 0.0095864 0.0054618 0.0088392 0.0158416 0.0021147 0.0105686 0.0091514 0.0088456 0.0015103 0.0091556 0.0069967 0.0006035 0.0000000 0.0339122 0.0339122 0.0302111 0.0048545 0.0088750 0.1615933 0.0195384 0.1233416 0.0912205 0.4921314 0.6635345 1.7786996 1.7810957 1.7815236 1.7678920 1.7827772 1.8063077 1.7993789 1.7886447 1.6393064 0.9715593 0.6154579 0.9715049 1.1574801 1.4113687 0.7591901 2.0720893 2.0672630 2.1032852 2.6019432 2.5596870 2.5356873 
KX883772_Hubei_virga-like_virus_2            0.0345345 0.0334044 0.0353019 0.0349262 0.0346942 0.0332163 0.0325258 0.0355910 0.0339086 0.0346579 0.0331885 0.0335332 0.0335334 0.0343678 0.0335277 0.0331882 0.0338615 0.0351795 0.0349164 0.0349181 0.0305117 0.0308401 0.0338972 0.0335290 0.0319114 0.0345510 0.0407384 0.0345698 0.0318441 0.0325157 0.0328661 0.0324672 0.0356085 0.0338619 0.0308359 0.0397785 0.0348981 0.0330872 0.0315632 0.0305272 0.0342458 0.0362412 0.0342612 0.0339453 0.0339122 0.0000000 0.0000010 0.0038249 0.0342346 0.0371602 0.1578124 0.0180487 0.1186092 0.0860572 0.4862069 0.6464050 1.7556573 1.7561728 1.7565885 1.7723250 1.7809434 1.8055206 1.7964959 1.7760204 1.6389310 0.9759330 0.6154579 0.9751669 1.1640877 1.4154432 0.7526499 2.0710131 2.0665619 2.1018730 2.6036600 2.5560984 2.5280152 
NC_033158_Hubei_virga-like_virus_2           0.0345345 0.0334044 0.0353019 0.0349262 0.0346942 0.0332163 0.0325258 0.0355910 0.0339086 0.0346579 0.0331885 0.0335332 0.0335334 0.0343678 0.0335277 0.0331882 0.0338615 0.0351795 0.0349164 0.0349181 0.0305117 0.0308401 0.0338972 0.0335290 0.0319114 0.0345510 0.0407384 0.0345698 0.0318441 0.0325157 0.0328661 0.0324672 0.0356085 0.0338619 0.0308359 0.0397785 0.0348981 0.0330872 0.0315632 0.0305272 0.0342458 0.0362412 0.0342612 0.0339453 0.0339122 0.0000010 0.0000000 0.0038249 0.0342346 0.0371602 0.1578124 0.0180487 0.1186092 0.0860572 0.4862069 0.6464050 1.7556573 1.7561728 1.7565885 1.7723250 1.7809434 1.8055206 1.7964959 1.7760204 1.6389310 0.9759330 0.6154579 0.9751669 1.1640877 1.4154432 0.7526499 2.0710131 2.0665619 2.1018730 2.6036600 2.5560984 2.5280152 
KX883780_Hubei_virga-like_virus_2            0.0295751 0.0301893 0.0319436 0.0313932 0.0313522 0.0296110 0.0283925 0.0319669 0.0313870 0.0315423 0.0295884 0.0295884 0.0295884 0.0297059 0.0295884 0.0295928 0.0290089 0.0306642 0.0302128 0.0307649 0.0272531 0.0278292 0.0307946 0.0301669 0.0290432 0.0325591 0.0354799 0.0313755 0.0290157 0.0284190 0.0296026 0.0295836 0.0338414 0.0325094 0.0284214 0.0432303 0.0313593 0.0305287 0.0278969 0.0278534 0.0313756 0.0337590 0.0319754 0.0308245 0.0302111 0.0038249 0.0038249 0.0000000 0.0319434 0.0319269 0.1210079 0.0180487 0.1048257 0.0971096 0.4144253 0.5970248 1.6026747 1.6025387 1.6032895 1.6223141 1.6555399 1.6504594 1.6571628 1.5466891 1.4014730 0.9759330 0.6154579 0.9751669 1.1537648 1.2972487 0.7526499 1.9290991 1.9282052 1.9290762 2.5214950 2.4168942 2.1553376 
MW434979_Hubei_virga-like_virus_2            0.0079107 0.0062154 0.0077733 0.0077194 0.0073323 0.0057733 0.0060830 0.0076175 0.0060827 0.0070203 0.0057679 0.0060753 0.0060756 0.0076492 0.0063811 0.0054623 0.0063804 0.0057738 0.0057704 0.0057709 0.0100790 0.0091505 0.0063872 0.0063798 0.0082191 0.0073039 0.0138817 0.0069953 0.0100778 0.0103896 0.0107044 0.0110099 0.0103750 0.0066857 0.0097668 0.0164954 0.0057675 0.0115178 0.0100802 0.0097738 0.0051595 0.0097760 0.0076125 0.0048590 0.0048545 0.0342346 0.0342346 0.0319434 0.0000000 0.0106003 0.1611293 0.0180472 0.1231955 0.0905094 0.4938649 0.6622406 1.7790942 1.7814905 1.7819185 1.7682601 1.7876634 1.8110931 1.8042423 1.7949803 1.6399809 0.9768935 0.6154579 0.9759698 1.1649264 1.4156780 0.7526499 2.0755301 2.0706903 2.1068066 2.6072825 2.5611225 2.5311647 
