15
MH703054_Yongsan_negev-like_virus_1           0.0000000 0.0151124 0.0269391 0.1474576 0.1634120 0.1628570 0.1796202 0.6486328 0.6483821 0.6487568 0.6481188 0.6487711 0.6514690 1.8581994 3.9652786 
MW699049_Yongsan_negev-like_virus_1           0.0151124 0.0000000 0.0155951 0.1301983 0.1531221 0.1522434 0.1591315 0.6073311 0.6090340 0.6093964 0.6102289 0.6073620 0.6083442 1.9117664 4.0709813 
MW699048_Yongsan_negev-like_virus_1           0.0269391 0.0155951 0.0000000 0.1354426 0.1564502 0.1557790 0.1654642 0.6386976 0.6384506 0.6388212 0.6405176 0.6366793 0.6360403 1.8401997 3.9622202 
MT498834_Parry_s_Creek_negev-like_virus_1     0.1474576 0.1301983 0.1354426 0.0000000 0.1479755 0.1475921 0.1437337 0.6362670 0.6330613 0.6334822 0.6359437 0.6321442 0.6379884 1.8556413 3.9268349 
Parry_s_Creek_negev_like_virus_1_F1103C1F1103 0.1634120 0.1531221 0.1564502 0.1479755 0.0000000 0.0066632 0.1198481 0.6576710 0.6565113 0.6551304 0.6560247 0.6558798 0.6593732 1.8611870 3.9531861 
Parry_s_Creek_negev_like_virus_1_F1103C1F1107 0.1628570 0.1522434 0.1557790 0.1475921 0.0066632 0.0000000 0.1199213 0.6595886 0.6584276 0.6570469 0.6578947 0.6570909 0.6608568 1.8569818 3.9608924 
LC512731_Culex_pseudovishnui_negev-like_virus 0.1796202 0.1591315 0.1654642 0.1437337 0.1198481 0.1199213 0.0000000 0.6451597 0.6461642 0.6432550 0.6454850 0.6413694 0.6420489 1.8214483 3.9069338 
NC_035124_Culex_negev-like_virus_1            0.6486328 0.6073311 0.6386976 0.6362670 0.6576710 0.6595886 0.6451597 0.0000000 0.0044270 0.0062718 0.0085335 0.0355607 0.0334610 1.8878426 4.1054334 
MF176305_Culex_negev-like_virus_1             0.6483821 0.6090340 0.6384506 0.6330613 0.6565113 0.6584276 0.6461642 0.0044270 0.0000000 0.0051660 0.0081626 0.0344668 0.0334500 1.8839474 4.0998592 
MF176256_Culex_negev-like_virus_1             0.6487568 0.6093964 0.6388212 0.6334822 0.6551304 0.6570469 0.6432550 0.0062718 0.0051660 0.0000000 0.0081544 0.0351178 0.0338229 1.8828547 4.0981944 
MH188019_Culex_Virga-like_virus               0.6481188 0.6102289 0.6405176 0.6359437 0.6560247 0.6578947 0.6454850 0.0085335 0.0081626 0.0081544 0.0000000 0.0324289 0.0315697 1.8804489 4.1113847 
OL700052_Culex_negev-like_virus_1             0.6487711 0.6073620 0.6366793 0.6321442 0.6558798 0.6570909 0.6413694 0.0355607 0.0344668 0.0351178 0.0324289 0.0000000 0.0134736 1.8980418 4.0742447 
MH703053_Culex_negev-like_virus_1             0.6514690 0.6083442 0.6360403 0.6379884 0.6593732 0.6608568 0.6420489 0.0334610 0.0334500 0.0338229 0.0315697 0.0134736 0.0000000 1.8998572 4.0868881 
MK879802_Aedes_albopictus_negev-like_virus    1.8581994 1.9117664 1.8401997 1.8556413 1.8611870 1.8569818 1.8214483 1.8878426 1.8839474 1.8828547 1.8804489 1.8980418 1.8998572 0.0000000 4.1571878 
NC_032824_Hubei_virga-like_virus_16           3.9652786 4.0709813 3.9622202 3.9268349 3.9531861 3.9608924 3.9069338 4.1054334 4.0998592 4.0981944 4.1113847 4.0742447 4.0868881 4.1571878 0.0000000 
