15
Undsholming_virus_F1359C1F1359            0.0000000 0.0108155 0.1653762 0.2214993 0.2215391 0.9230888 0.7265950 0.7265950 0.9552752 0.7285861 0.8190389 0.9635891 0.9136711 0.9722970 3.4839486 
Undsholming_virus_F1359C1F1018            0.0108155 0.0000000 0.1572000 0.2205704 0.2223211 0.9123532 0.7187609 0.7187609 0.9482461 0.7213895 0.7861375 0.9696392 0.9020932 0.9835511 3.3833466 
Saljeroized_virus_F1018C1F1018            0.1653762 0.1572000 0.0000000 0.2175409 0.2176655 0.9255510 0.7207812 0.7207812 0.9689372 0.7225415 0.8114624 0.9433487 0.9281536 0.9509005 3.4753188 
Verstrife_virus_F1359C2F1018              0.2214993 0.2205704 0.2175409 0.0000000 0.0147648 0.8910776 0.7284006 0.7284006 0.9188861 0.7285079 0.8001967 0.9182731 0.8813063 0.9229655 3.4089862 
Verstrife_virus_F1359C2F1359              0.2215391 0.2223211 0.2176655 0.0147648 0.0000000 0.8965540 0.7275808 0.7275808 0.9242277 0.7267739 0.7946618 0.9193578 0.8867867 0.9240456 3.3985164 
MW452294_Riboviria_sp_                    0.9230888 0.9123532 0.9255510 0.8910776 0.8965540 0.0000000 0.8981344 0.8981344 0.0186276 0.9018877 0.7413086 0.1209048 0.0186303 0.1189837 2.4586279 
KX883774_Hubei_virga-like_virus_23        0.7265950 0.7187609 0.7207812 0.7284006 0.7275808 0.8981344 0.0000000 0.0000010 0.8876311 0.0011131 0.1001685 0.8966316 0.8960287 0.8978891 3.4039543 
NC_033174_Hubei_virga-like_virus_23       0.7265950 0.7187609 0.7207812 0.7284006 0.7275808 0.8981344 0.0000010 0.0000000 0.8876311 0.0011131 0.1001685 0.8966316 0.8960287 0.8978891 3.4039543 
MK440650_Rinkaby_virus                    0.9552752 0.9482461 0.9689372 0.9188861 0.9242277 0.0186276 0.8876311 0.8876311 0.0000000 0.8912291 0.7246532 0.1246847 0.0135598 0.1228186 2.5330232 
MW452293_Riboviria_sp_                    0.7285861 0.7213895 0.7225415 0.7285079 0.7267739 0.9018877 0.0011131 0.0011131 0.8912291 0.0000000 0.1001685 0.9000869 0.8997772 0.9013489 3.4074229 
OL700071_Hubei_virga-like_virus_23        0.8190389 0.7861375 0.8114624 0.8001967 0.7946618 0.7413086 0.1001685 0.1001685 0.7246532 0.1001685 0.0000000 0.7783068 0.7298030 0.7821083 3.6058350 
Gracties_virus_F1049C1F1608               0.9635891 0.9696392 0.9433487 0.9182731 0.9193578 0.1209048 0.8966316 0.8966316 0.1246847 0.9000869 0.7783068 0.0000000 0.1102856 0.0046083 2.5973115 
OP264894_Rinkaby_virus                    0.9136711 0.9020932 0.9281536 0.8813063 0.8867867 0.0186303 0.8960287 0.8960287 0.0135598 0.8997772 0.7298030 0.1102856 0.0000000 0.1083866 2.4351490 
Gracties_virus_F1049C1F1049               0.9722970 0.9835511 0.9509005 0.9229655 0.9240456 0.1189837 0.8978891 0.8978891 0.1228186 0.9013489 0.7821083 0.0046083 0.1083866 0.0000000 2.6053336 
OL700120_XiangYun_hepe-virga-like_virus_7 3.4839486 3.3833466 3.4753188 3.4089862 3.3985164 2.4586279 3.4039543 3.4039543 2.5330232 3.4074229 3.6058350 2.5973115 2.4351490 2.6053336 0.0000000 
