53
OP020071_Hattula_totivirus_1                   0.0000000 0.0041432 0.0252972 0.0296645 0.0274916 0.0232301 0.0828673 0.0749975 0.4198226 0.4370092 0.3661687 0.4251111 0.4210720 0.4751250 0.4842764 0.4974904 0.4706479 0.7705440 0.7705440 0.7725788 0.7716190 0.7858767 0.7894037 0.7827887 0.7695406 0.8012497 0.8630098 0.4728294 0.8764214 0.7714206 0.7564787 1.2656376 1.6882180 1.7097106 2.5420811 2.5547542 2.5547542 2.5505531 2.5470858 2.5412381 2.5429829 2.5473770 2.5473770 2.5441230 2.5715075 2.5643922 2.5628152 2.0597677 2.3167641 2.5691309 2.7752012 2.5819264 2.7635006 
OP019901_Hattula_totivirus_1                   0.0041432 0.0000000 0.0332417 0.0345296 0.0308325 0.0296726 0.0960602 0.1016173 0.4160563 0.4487523 0.3824024 0.4526687 0.4458082 0.5124713 0.5381722 0.5340873 0.5313206 0.9017282 0.9072087 0.9085451 0.9087972 0.8968198 0.9012444 0.7479098 0.6644348 0.8281439 0.9498625 0.4728294 0.6785329 0.8831696 0.8034819 1.5866007 2.4282141 2.3240617 4.1313592 4.1148290 4.0916079 4.0597028 4.0707017 4.0231582 4.1289165 4.1611789 4.1684521 4.1373301 4.1330447 4.1554906 4.1387849 3.7117375 2.6339012 3.3547814 3.9839525 3.8794973 3.5300840 
OP019870_Hattula_totivirus_1                   0.0252972 0.0332417 0.0000000 0.0175391 0.0199628 0.0223583 0.0916359 0.0978720 0.4039394 0.4494816 0.3666133 0.4445028 0.4391963 0.5083771 0.5318317 0.5297691 0.5255154 0.8895280 0.8949830 0.8951611 0.8990804 0.9005858 0.9050425 0.7490880 0.6614187 0.8382588 0.9598444 0.4576666 0.6819309 0.8767548 0.7990348 1.5845277 2.4322718 2.2864370 4.1255688 4.1091128 4.0859301 4.0540679 4.0650547 4.0174843 4.1331338 4.1637288 4.1710039 4.1398663 4.1356159 4.1580319 4.1413142 3.7189298 2.6436008 3.3654913 3.9865408 3.9092223 3.5403964 
OP019868_Hattula_totivirus_1                   0.0296645 0.0345296 0.0175391 0.0000000 0.0260283 0.0260274 0.0980898 0.0965102 0.4079689 0.4491284 0.3725267 0.4448404 0.4415540 0.5129788 0.5307348 0.5286328 0.5300512 0.9001309 0.9056260 0.9058075 0.9087362 0.9034463 0.9079038 0.7540384 0.6717806 0.8363189 0.9628466 0.4597330 0.6745079 0.8840949 0.8072069 1.5721865 2.4153426 2.2596643 4.1517798 4.1352682 4.1119464 4.0799354 4.0909614 4.0359751 4.1593675 4.1902467 4.1975413 4.1662434 4.1545666 4.1844598 4.1676180 3.7413812 2.6929031 3.3582163 3.9234979 3.9031462 3.5513873 
OP019869_Hattula_totivirus_1                   0.0274916 0.0308325 0.0199628 0.0260283 0.0000000 0.0152035 0.0899856 0.0964702 0.4083125 0.4520448 0.3652558 0.4465576 0.4438539 0.5128372 0.5365649 0.5358259 0.5292983 0.8939922 0.8994422 0.8996210 0.9009691 0.9064485 0.9109042 0.7556416 0.6659570 0.8296200 0.9539618 0.4514433 0.6851609 0.8771654 0.7987604 1.5857565 2.4248126 2.2947629 4.0785729 4.0627046 4.0398216 4.0082969 4.0191877 3.9713944 4.0865308 4.1165541 4.1237764 4.0929965 4.0881119 4.1110281 4.0945681 3.6704397 2.6648559 3.3334729 3.9547162 3.8875475 3.5770975 
OP019871_Hattula_totivirus_1                   0.0232301 0.0296726 0.0223583 0.0260274 0.0152035 0.0000000 0.0883821 0.0927603 0.4047318 0.4455504 0.3715530 0.4404247 0.4362405 0.5076958 0.5340928 0.5329884 0.5281385 0.8952931 0.9007635 0.9009432 0.9022992 0.9076272 0.9121032 0.7533351 0.6714498 0.8359409 0.9560298 0.4755965 0.6868451 0.8796891 0.8000350 1.5781152 2.4239772 2.2588766 4.1032286 4.0870338 4.0639667 4.0322286 4.0431824 3.9954497 4.1035591 4.1338243 4.1410743 4.1101290 4.1054701 4.1106304 4.1116574 3.6926824 2.6802890 3.3559941 3.9353525 3.8482200 3.5581830 
OP020070_Hattula_totivirus_1                   0.0828673 0.0960602 0.0916359 0.0980898 0.0899856 0.0883821 0.0000000 0.1085277 0.3928019 0.4575112 0.3654855 0.4430644 0.4388061 0.5004646 0.5278736 0.5142480 0.5226773 0.8931165 0.8985739 0.8999019 0.9039911 0.9010898 0.9055385 0.7392834 0.6627149 0.8194402 0.9778545 0.4161179 0.6872841 0.8751457 0.8005140 1.5459806 2.3811543 2.2898115 3.9700586 3.9556476 3.9336552 3.9031878 3.9137556 3.8795479 3.9764982 4.0034971 4.0105280 3.9808501 3.9886249 4.0179803 3.9656488 3.6240050 2.6607926 3.3029363 3.9474498 3.7956432 3.5168679 
OP020072_Hattula_totivirus_1                   0.0749975 0.1016173 0.0978720 0.0965102 0.0964702 0.0927603 0.1085277 0.0000000 0.3965416 0.4522667 0.3496382 0.4493309 0.4487088 0.5144854 0.5272680 0.5273749 0.5278298 0.8972062 0.9024080 0.9000849 0.9022828 0.9080030 0.9107722 0.8341494 0.7572182 0.8907153 0.9479563 0.4308252 0.8596843 0.8591036 0.8470654 1.5416982 2.0868597 2.0287486 3.1432600 3.1763464 3.1546379 3.1377035 3.1343961 3.1291623 3.1360012 3.1524901 3.1520386 3.1549336 3.1666977 3.1612919 3.1349271 2.8521717 2.3041765 3.0133463 3.1996453 3.0242198 3.1301588 
MN661080_Pisingos_virus                        0.4198226 0.4160563 0.4039394 0.4079689 0.4083125 0.4047318 0.3928019 0.3965416 0.0000000 0.0569561 0.0805435 0.1020595 0.0975974 0.4812734 0.4890100 0.4895558 0.4908178 0.8428461 0.8487069 0.8524856 0.8668465 0.8611387 0.8622983 0.8643603 0.7969585 0.8339821 0.8949810 0.4394411 0.8976346 0.8298765 0.8325354 1.3114518 1.8019271 1.6804354 2.6227028 2.6432308 2.6230422 2.6068769 2.5982752 2.5978544 2.6089848 2.5983940 2.5978703 2.5913370 2.5896768 2.5966544 2.6109383 2.1380583 2.1265774 2.5947443 2.7380414 2.6312838 2.9608499 
MN661078_Pisingos_virus                        0.4370092 0.4487523 0.4494816 0.4491284 0.4520448 0.4455504 0.4575112 0.4522667 0.0569561 0.0000000 0.1033417 0.1263271 0.1253511 0.5283696 0.5506898 0.5402930 0.5528206 1.0227257 1.0286963 1.0275141 1.0415348 1.0134925 1.0168457 0.8292147 0.7051754 0.9082652 1.0554325 0.4527521 0.7356364 0.9867513 0.8918474 1.6019289 2.4800558 2.3256411 4.2105656 4.1894298 4.1654973 4.1327411 4.1382422 4.1084503 4.1280580 4.1473184 4.1546440 4.1198803 4.1173747 4.1256541 4.1467534 3.5827624 2.5775000 3.5396925 4.0739206 4.0606686 3.4576591 
MF344587_Murici_virus                          0.3661687 0.3824024 0.3666133 0.3725267 0.3652558 0.3715530 0.3654855 0.3496382 0.0805435 0.1033417 0.0000000 0.1164573 0.1201684 0.4585308 0.5183657 0.4705456 0.5159940 0.6128588 0.6128588 0.6153661 0.6351574 0.6609239 0.6609239 0.6454873 0.6421148 0.6083014 0.6172225 0.5020429 0.6317761 0.5940661 0.6046533 1.0265931 1.4561385 1.3718384 1.8456913 1.8456913 1.8456913 1.8456913 1.8338631 1.8336940 1.8315003 1.8325647 1.8325647 1.8337911 1.8309240 1.8325647 1.8090070 1.4698230 1.7483235 1.9621294 1.9645176 1.9578560 2.3082292 
MN661079_Pisingos_virus                        0.4251111 0.4526687 0.4445028 0.4448404 0.4465576 0.4404247 0.4430644 0.4493309 0.1020595 0.1263271 0.1164573 0.0000000 0.0560782 0.5056934 0.5383246 0.5204657 0.5400695 0.9910698 0.9952069 0.9955842 1.0125406 1.0119490 1.0153019 0.8333179 0.7164085 0.8970121 1.0744487 0.4517913 0.7246220 0.9689298 0.8915730 1.5996441 2.4948333 2.2642218 4.1264579 4.1068841 4.0834708 4.0508273 4.0562391 4.0233290 4.0599851 4.0500306 4.0572477 4.0235928 4.0141560 4.0277207 4.0404217 3.5378202 2.6176003 3.4446990 3.9251708 4.0161611 3.4038435 
MN661081_Pisingos_virus                        0.4210720 0.4458082 0.4391963 0.4415540 0.4438539 0.4362405 0.4388061 0.4487088 0.0975974 0.1253511 0.1201684 0.0560782 0.0000000 0.5122766 0.5463210 0.5227981 0.5479713 0.9797009 0.9837799 0.9841679 1.0025263 0.9896369 0.9929399 0.8178795 0.7070464 0.8768726 1.0633708 0.4637626 0.7221557 0.9837022 0.9076405 1.6003876 2.4669492 2.2960983 4.1643752 4.1438182 4.1201460 4.0876728 4.0931307 4.0605230 4.1316093 4.1407864 4.1481200 4.1133373 4.0950046 4.1184199 4.1403037 3.6521286 2.5934482 3.4736238 4.0053406 4.0117964 3.4763415 
MN784057_Australian_Anopheles_totivirus        0.4751250 0.5124713 0.5083771 0.5129788 0.5128372 0.5076958 0.5004646 0.5144854 0.4812734 0.5283696 0.4585308 0.5056934 0.5122766 0.0000000 0.0183656 0.0079882 0.0320356 0.8633125 0.8676139 0.8687484 0.8712390 0.8696098 0.8699228 0.7576733 0.6777257 0.8831053 0.9634490 0.4149912 0.7733065 0.9028186 0.8717328 1.5845732 2.1548096 2.1302056 3.4851259 3.4715265 3.4510286 3.4350406 3.4268752 3.3906925 3.4774867 3.3981127 3.4048034 3.3915330 3.3645041 3.3940574 3.4303088 2.8086787 2.5973679 3.1013509 3.3695129 3.3784292 3.3635726 
NC_035674_Australian_Anopheles_totivirus       0.4842764 0.5381722 0.5318317 0.5307348 0.5365649 0.5340928 0.5278736 0.5272680 0.4890100 0.5506898 0.5183657 0.5383246 0.5463210 0.0183656 0.0000000 0.0188963 0.0293181 0.9120660 0.9163812 0.9175338 0.9202466 0.9155450 0.9158716 0.8005084 0.7257436 0.9387090 1.0201447 0.4762455 0.8108987 0.9590136 0.9201179 1.6426953 2.2289995 2.2141202 3.5182439 3.5049739 3.4847612 3.4690203 3.4609800 3.4188989 3.5035427 3.4255806 3.4321446 3.4199056 3.3860260 3.4215690 3.4572295 2.8558055 2.6496810 3.2451253 3.5020348 3.4940607 3.3745260 
MN784056_Australian_Anopheles_totivirus        0.4974904 0.5340873 0.5297691 0.5286328 0.5358259 0.5329884 0.5142480 0.5273749 0.4895558 0.5402930 0.4705456 0.5204657 0.5227981 0.0079882 0.0188963 0.0000000 0.0356147 0.8899781 0.8944282 0.8956107 0.9019434 0.9117054 0.9120444 0.7853370 0.7096414 0.9129067 0.9880222 0.4675485 0.7844903 0.9352517 0.9013861 1.6649764 2.2332401 2.1941044 3.4602425 3.4471812 3.4266348 3.4105908 3.4023971 3.3584548 3.4611178 3.3813204 3.3880517 3.3768754 3.3400674 3.3772612 3.4136723 2.8561999 2.6126442 3.2363542 3.5113204 3.4428037 3.4431032 
MF073201_Australian_Anopheles_totivirus        0.4706479 0.5313206 0.5255154 0.5300512 0.5292983 0.5281385 0.5226773 0.5278298 0.4908178 0.5528206 0.5159940 0.5400695 0.5479713 0.0320356 0.0293181 0.0356147 0.0000000 0.9171068 0.9182348 0.9193943 0.9221235 0.9205724 0.9209028 0.8117512 0.7299798 0.9464719 1.0154355 0.4658167 0.8094248 0.9646541 0.9314452 1.6753067 2.2716807 2.2643498 3.6292621 3.6143321 3.5933608 3.5771195 3.5688173 3.5344838 3.6129438 3.5378891 3.5446429 3.5320293 3.5060364 3.5336219 3.5707365 2.9804255 2.7245641 3.2704749 3.6075354 3.6154720 3.4642726 
MW699041_Culex_inatomii_totivirus              0.7705440 0.9017282 0.8895280 0.9001309 0.8939922 0.8952931 0.8931165 0.8972062 0.8428461 1.0227257 0.6128588 0.9910698 0.9797009 0.8633125 0.9120660 0.8899781 0.9171068 0.0000000 0.0023509 0.0082760 0.0192640 0.1153879 0.1180458 0.1104046 0.0831128 0.2032221 0.3202681 0.2414625 0.2529624 0.3765111 0.3551179 1.4897174 2.5304326 2.2519183 3.6989360 3.6669396 3.6553036 3.6282185 3.6252704 3.5903522 3.6355954 3.6558111 3.6493792 3.6484531 3.6320798 3.6349006 3.6426674 3.3332921 2.3558237 3.2634876 3.4850782 3.6471741 3.6190601 
MW699042_Culex_inatomii_totivirus              0.7705440 0.9072087 0.8949830 0.9056260 0.8994422 0.9007635 0.8985739 0.9024080 0.8487069 1.0286963 0.6128588 0.9952069 0.9837799 0.8676139 0.9163812 0.8944282 0.9182348 0.0023509 0.0000000 0.0058939 0.0168067 0.1169066 0.1195691 0.1122156 0.0831128 0.2052785 0.3244103 0.2414625 0.2529624 0.3809548 0.3577432 1.4956247 2.5396045 2.2537118 3.6897246 3.6578744 3.6462651 3.6192611 3.6163153 3.5813462 3.6308251 3.6510055 3.6445780 3.6436570 3.6272293 3.6301187 3.6378783 3.3269500 2.3558237 3.2563719 3.4783749 3.6401565 3.6190601 
MW520387_Culex_modestus_totivirus              0.7725788 0.9085451 0.8951611 0.9058075 0.8996210 0.9009432 0.8999019 0.9000849 0.8524856 1.0275141 0.6153661 0.9955842 0.9841679 0.8687484 0.9175338 0.8956107 0.9193943 0.0082760 0.0058939 0.0000000 0.0204695 0.1157628 0.1184296 0.1140624 0.0832485 0.2038546 0.3227337 0.2414625 0.2575229 0.3822394 0.3586322 1.4991400 2.5537407 2.2458689 3.7049233 3.6728333 3.6611803 3.6340437 3.6310943 3.5962109 3.6433866 3.6636691 3.6572272 3.6562923 3.6400007 3.6427108 3.6504928 3.3355312 2.3645388 3.2647976 3.4862213 3.6540758 3.6328368 
LC514398_Culex_inatomii_totivirus              0.7716190 0.9087972 0.8990804 0.9087362 0.9009691 0.9022992 0.9039911 0.9022828 0.8668465 1.0415348 0.6351574 1.0125406 1.0025263 0.8712390 0.9202466 0.9019434 0.9221235 0.0192640 0.0168067 0.0204695 0.0000000 0.1077041 0.1103586 0.1061375 0.0755623 0.2055552 0.3207948 0.2382232 0.2579769 0.3879699 0.3657103 1.4876150 2.5059065 2.2881013 3.6500798 3.6190604 3.6076410 3.5811573 3.5782406 3.5432932 3.5731494 3.5927266 3.5864103 3.5855575 3.5686313 3.5723098 3.5799149 3.2715719 2.3414302 3.2114820 3.4981802 3.6019674 3.6791786 
Culex_inatomii_totivirus_F1570C24F1570         0.7858767 0.8968198 0.9005858 0.9034463 0.9064485 0.9076272 0.9010898 0.9080030 0.8611387 1.0134925 0.6609239 1.0119490 0.9896369 0.8696098 0.9155450 0.9117054 0.9205724 0.1153879 0.1169066 0.1157628 0.1077041 0.0000000 0.0023233 0.0360564 0.0263098 0.1929120 0.3248493 0.2322160 0.2617952 0.3833008 0.3506350 1.5047131 2.4842847 2.2122260 3.7666406 3.7393123 3.7275363 3.6999724 3.6970257 3.6584111 3.7087141 3.7375761 3.7310981 3.7235867 3.7037842 3.7098809 3.7177236 3.4207483 2.3730808 3.3246339 3.5970328 3.6531951 3.6378703 
Culex_inatomii_totivirus_F1570C24F1582         0.7894037 0.9012444 0.9050425 0.9079038 0.9109042 0.9121032 0.9055385 0.9107722 0.8622983 1.0168457 0.6609239 1.0153019 0.9929399 0.8699228 0.9158716 0.9120444 0.9209028 0.1180458 0.1195691 0.1184296 0.1103586 0.0023233 0.0000000 0.0375802 0.0280807 0.1949179 0.3260362 0.2322160 0.2617016 0.3846818 0.3529920 1.5025530 2.4898494 2.2159180 3.7766764 3.7492035 3.7374017 3.7097568 3.7068087 3.6682545 3.7185036 3.7474519 3.7409645 3.7334233 3.7137248 3.7196873 3.7275460 3.4248782 2.3764930 3.3285652 3.6065508 3.6627648 3.6404349 
OL700195_XiangYun_toti-like_virus_6            0.7827887 0.7479098 0.7490880 0.7540384 0.7556416 0.7533351 0.7392834 0.8341494 0.8643603 0.8292147 0.6454873 0.8333179 0.8178795 0.7576733 0.8005084 0.7853370 0.8117512 0.1104046 0.1122156 0.1140624 0.1061375 0.0360564 0.0375802 0.0000000 0.0333070 0.1578477 0.2736397 0.2153268 0.2500459 0.3155695 0.2924148 1.2945797 2.1157817 1.8662956 3.1124105 3.0920047 3.0808150 3.0617098 3.0528711 3.0136895 3.0308498 3.0260758 3.0197508 3.0236803 2.9936497 3.0100787 3.0362713 2.4319348 2.3882994 2.7591965 3.0739409 3.0669278 3.6071288 
OP264907_Culex_modestus_totivirus              0.7695406 0.6644348 0.6614187 0.6717806 0.6659570 0.6714498 0.6627149 0.7572182 0.7969585 0.7051754 0.6421148 0.7164085 0.7070464 0.6777257 0.7257436 0.7096414 0.7299798 0.0831128 0.0831128 0.0832485 0.0755623 0.0263098 0.0280807 0.0333070 0.0000000 0.1457073 0.2388344 0.2298849 0.2617961 0.3036793 0.2900375 1.2075991 1.9063065 1.6207099 2.7167786 2.6710543 2.6710543 2.6778275 2.6679019 2.6165645 2.6635568 2.6520791 2.6453501 2.6430199 2.6155760 2.6412872 2.6681268 1.7316797 2.3106405 2.3665301 2.8649568 2.7177834 3.2005576 
MT498830_Fitzroy_Crossing_toti-like_virus_1    0.8012497 0.8281439 0.8382588 0.8363189 0.8296200 0.8359409 0.8194402 0.8907153 0.8339821 0.9082652 0.6083014 0.8970121 0.8768726 0.8831053 0.9387090 0.9129067 0.9464719 0.2032221 0.2052785 0.2038546 0.2055552 0.1929120 0.1949179 0.1578477 0.1457073 0.0000000 0.2914313 0.2307987 0.2559015 0.3684018 0.3673785 1.4686044 2.2738849 2.0046301 3.2191405 3.1995315 3.1887176 3.1700627 3.1615314 3.1295752 3.1500483 3.1504142 3.1443129 3.1480166 3.1261485 3.1342821 3.1400795 2.7096049 2.3762356 2.7829149 3.1163886 3.1158582 3.6469399 
MK440653_Lindangsbacken_virus                  0.8630098 0.9498625 0.9598444 0.9628466 0.9539618 0.9560298 0.9778545 0.9479563 0.8949810 1.0554325 0.6172225 1.0744487 1.0633708 0.9634490 1.0201447 0.9880222 1.0154355 0.3202681 0.3244103 0.3227337 0.3207948 0.3248493 0.3260362 0.2736397 0.2388344 0.2914313 0.0000000 0.2369783 0.2811020 0.4226942 0.3888846 1.5904162 2.5143354 2.2958671 3.7088248 3.7025136 3.6908744 3.6537291 3.6607752 3.6201461 3.6812143 3.7001977 3.7068093 3.6927785 3.6808601 3.6921604 3.6704486 3.2305744 2.3243719 3.0319835 3.5106692 3.5670256 3.6110875 
OM743943_Green_Valley_Lake_virus               0.4728294 0.4728294 0.4576666 0.4597330 0.4514433 0.4755965 0.4161179 0.4308252 0.4394411 0.4527521 0.5020429 0.4517913 0.4637626 0.4149912 0.4762455 0.4675485 0.4658167 0.2414625 0.2414625 0.2414625 0.2382232 0.2322160 0.2322160 0.2153268 0.2298849 0.2307987 0.2369783 0.0000000 0.1018524 0.2041240 0.2069201 0.6548513 1.2244809 1.0078780 1.2901099 1.2901099 1.2901099 1.2901099 1.2867267 1.2782314 1.2803740 1.2984899 1.2984899 1.2874524 1.2970756 1.2984899 1.2912805 1.3511661 1.2992165 1.2419056 1.3413823 1.3507844 1.7037869 
MH188048_Totivirus-like_Culex_mosquito_virus_1 0.8764214 0.6785329 0.6819309 0.6745079 0.6851609 0.6868451 0.6872841 0.8596843 0.8976346 0.7356364 0.6317761 0.7246220 0.7221557 0.7733065 0.8108987 0.7844903 0.8094248 0.2529624 0.2529624 0.2575229 0.2579769 0.2617952 0.2617016 0.2500459 0.2617961 0.2559015 0.2811020 0.1018524 0.0000000 0.0000010 0.0415127 1.5203149 2.2446723 1.8544844 4.1371285 3.9897003 3.9897003 4.0050672 3.9814638 3.9122377 3.9760449 3.9964538 3.9810875 3.9964538 3.9505844 3.9648002 3.9592035 1.9248594 3.1743113 3.1179270 4.1430112 4.1098014 3.7814233 
MW434958_Totivirus-like_Culex_mosquito_virus_1 0.7714206 0.8831696 0.8767548 0.8840949 0.8771654 0.8796891 0.8751457 0.8591036 0.8298765 0.9867513 0.5940661 0.9689298 0.9837022 0.9028186 0.9590136 0.9352517 0.9646541 0.3765111 0.3809548 0.3822394 0.3879699 0.3833008 0.3846818 0.3155695 0.3036793 0.3684018 0.4226942 0.2041240 0.0000010 0.0000000 0.0568853 1.5246617 2.5482247 2.1842553 4.0668080 4.0342189 4.0213382 3.9762824 3.9874880 3.9335981 3.9397744 3.9743280 3.9674598 3.9590086 3.9413311 3.9435486 3.9598979 3.5436148 2.3878100 3.2586768 3.8034027 3.8860868 3.3737064 
OM817549_Totivirus-like_Culex_mosquito_virus_1 0.7564787 0.8034819 0.7990348 0.8072069 0.7987604 0.8000350 0.8005140 0.8470654 0.8325354 0.8918474 0.6046533 0.8915730 0.9076405 0.8717328 0.9201179 0.9013861 0.9314452 0.3551179 0.3577432 0.3586322 0.3657103 0.3506350 0.3529920 0.2924148 0.2900375 0.3673785 0.3888846 0.2069201 0.0415127 0.0568853 0.0000000 1.5017400 2.3110356 1.9484499 3.6193497 3.5923696 3.5801853 3.5584345 3.5488770 3.5111625 3.4892305 3.4960066 3.4893565 3.4931385 3.4685983 3.4783984 3.5093558 2.9931904 2.3453026 2.9964365 3.4000230 3.4753115 3.3586776 
MW251336_Zyryana_toti-like_virus               1.2656376 1.5866007 1.5845277 1.5721865 1.5857565 1.5781152 1.5459806 1.5416982 1.3114518 1.6019289 1.0265931 1.5996441 1.6003876 1.5845732 1.6426953 1.6649764 1.6753067 1.4897174 1.4956247 1.4991400 1.4876150 1.5047131 1.5025530 1.2945797 1.2075991 1.4686044 1.5904162 0.6548513 1.5203149 1.5246617 1.5017400 0.0000000 2.2241145 2.1768717 3.5579127 3.5751835 3.5631562 3.5265929 3.5611440 3.4419807 3.5570577 3.5951244 3.5941824 3.6060897 3.5104110 3.5959282 3.5733504 2.8587716 2.5258307 3.1314870 3.5016918 3.7504534 3.3488457 
MZ209742_Hangzhou_totivirus_9                  1.6882180 2.4282141 2.4322718 2.4153426 2.4248126 2.4239772 2.3811543 2.0868597 1.8019271 2.4800558 1.4561385 2.4948333 2.4669492 2.1548096 2.2289995 2.2332401 2.2716807 2.5304326 2.5396045 2.5537407 2.5059065 2.4842847 2.4898494 2.1157817 1.9063065 2.2738849 2.5143354 1.2244809 2.2446723 2.5482247 2.3110356 2.2241145 0.0000000 1.1235788 3.2684927 3.2485458 3.2329996 3.2227230 3.2399490 3.2200050 3.2770151 3.2689644 3.2657353 3.2844078 3.2664041 3.2745521 3.2608209 2.7044063 2.1804315 2.9041215 3.2397835 3.1644082 3.6978956 
MN745083_Bactrocera_dorsalis_toti-like_virus_2 1.7097106 2.3240617 2.2864370 2.2596643 2.2947629 2.2588766 2.2898115 2.0287486 1.6804354 2.3256411 1.3718384 2.2642218 2.2960983 2.1302056 2.2141202 2.1941044 2.2643498 2.2519183 2.2537118 2.2458689 2.2881013 2.2122260 2.2159180 1.8662956 1.6207099 2.0046301 2.2958671 1.0078780 1.8544844 2.1842553 1.9484499 2.1768717 1.1235788 0.0000000 3.6829855 3.6538609 3.6335655 3.6241814 3.6357973 3.6221799 3.6908031 3.6667874 3.6734412 3.6781934 3.6373380 3.6621173 3.6244286 3.1062582 2.3820967 3.3773394 3.6504459 3.6404586 3.5578372 
MN053725_Aedes_aegypti_totivirus               2.5420811 4.1313592 4.1255688 4.1517798 4.0785729 4.1032286 3.9700586 3.1432600 2.6227028 4.2105656 1.8456913 4.1264579 4.1643752 3.4851259 3.5182439 3.4602425 3.6292621 3.6989360 3.6897246 3.7049233 3.6500798 3.7666406 3.7766764 3.1124105 2.7167786 3.2191405 3.7088248 1.2901099 4.1371285 4.0668080 3.6193497 3.5579127 3.2684927 3.6829855 0.0000000 0.0132954 0.0120570 0.0121343 0.0132615 0.0060709 0.0497905 0.0514035 0.0540559 0.0499724 0.0436352 0.0512660 0.0514266 0.0657473 0.1253586 1.0978721 1.0697913 1.1356708 3.8222331 
MN053722_Aedes_aegypti_totivirus               2.5547542 4.1148290 4.1091128 4.1352682 4.0627046 4.0870338 3.9556476 3.1763464 2.6432308 4.1894298 1.8456913 4.1068841 4.1438182 3.4715265 3.5049739 3.4471812 3.6143321 3.6669396 3.6578744 3.6728333 3.6190604 3.7393123 3.7492035 3.0920047 2.6710543 3.1995315 3.7025136 1.2901099 3.9897003 4.0342189 3.5923696 3.5751835 3.2485458 3.6538609 0.0132954 0.0000000 0.0011824 0.0059696 0.0047413 0.0073112 0.0394863 0.0430727 0.0431611 0.0416960 0.0436973 0.0404783 0.0419260 0.0632543 0.1280322 1.0917683 1.0276028 1.0974693 3.7667467 
MN053726_Aedes_aegypti_totivirus               2.5547542 4.0916079 4.0859301 4.1119464 4.0398216 4.0639667 3.9336552 3.1546379 2.6230422 4.1654973 1.8456913 4.0834708 4.1201460 3.4510286 3.4847612 3.4266348 3.5933608 3.6553036 3.6462651 3.6611803 3.6076410 3.7275363 3.7374017 3.0808150 2.6710543 3.1887176 3.6908744 1.2901099 3.9897003 4.0213382 3.5801853 3.5631562 3.2329996 3.6335655 0.0120570 0.0011824 0.0000000 0.0047639 0.0035472 0.0060774 0.0390688 0.0430609 0.0431493 0.0416846 0.0436851 0.0404672 0.0405931 0.0632287 0.1280322 1.0977050 1.0325661 1.0945254 3.7534598 
MN053734_Aedes_aegypti_totivirus               2.5505531 4.0597028 4.0540679 4.0799354 4.0082969 4.0322286 3.9031878 3.1377035 2.6068769 4.1327411 1.8456913 4.0508273 4.0876728 3.4350406 3.4690203 3.4105908 3.5771195 3.6282185 3.6192611 3.6340437 3.5811573 3.6999724 3.7097568 3.0617098 2.6778275 3.1700627 3.6537291 1.2901099 4.0050672 3.9762824 3.5584345 3.5265929 3.2227230 3.6241814 0.0121343 0.0059696 0.0047639 0.0000000 0.0035667 0.0024083 0.0392714 0.0393861 0.0419609 0.0380220 0.0412273 0.0392825 0.0394050 0.0617742 0.1253586 1.0969997 1.0258619 1.1035230 3.7294699 
MN053732_Aedes_aegypti_totivirus               2.5470858 4.0707017 4.0650547 4.0909614 4.0191877 4.0431824 3.9137556 3.1343961 2.5982752 4.1382422 1.8338631 4.0562391 4.0931307 3.4268752 3.4609800 3.4023971 3.5688173 3.6252704 3.6163153 3.6310943 3.5782406 3.6970257 3.7068087 3.0528711 2.6679019 3.1615314 3.6607752 1.2867267 3.9814638 3.9874880 3.5488770 3.5611440 3.2399490 3.6357973 0.0132615 0.0047413 0.0035472 0.0035667 0.0000000 0.0048533 0.0377801 0.0417544 0.0418400 0.0403851 0.0423585 0.0391696 0.0392914 0.0633830 0.1278197 1.0936002 1.0301177 1.0902232 3.7360418 
MN053728_Aedes_aegypti_totivirus               2.5412381 4.0231582 4.0174843 4.0359751 3.9713944 3.9954497 3.8795479 3.1291623 2.5978544 4.1084503 1.8336940 4.0233290 4.0605230 3.3906925 3.4188989 3.3584548 3.5344838 3.5903522 3.5813462 3.5962109 3.5432932 3.6584111 3.6682545 3.0136895 2.6165645 3.1295752 3.6201461 1.2782314 3.9122377 3.9335981 3.5111625 3.4419807 3.2200050 3.6221799 0.0060709 0.0073112 0.0060774 0.0024083 0.0048533 0.0000000 0.0387423 0.0427582 0.0441138 0.0413527 0.0425558 0.0413676 0.0414990 0.0566640 0.1259473 1.1006962 1.0430122 1.1215817 3.7589636 
LC496074_Aedes_aegypti_totivirus               2.5429829 4.1289165 4.1331338 4.1593675 4.0865308 4.1035591 3.9764982 3.1360012 2.6089848 4.1280580 1.8315003 4.0599851 4.1316093 3.4774867 3.5035427 3.4611178 3.6129438 3.6355954 3.6308251 3.6433866 3.5731494 3.7087141 3.7185036 3.0308498 2.6635568 3.1500483 3.6812143 1.2803740 3.9760449 3.9397744 3.4892305 3.5570577 3.2770151 3.6908031 0.0497905 0.0394863 0.0390688 0.0392714 0.0377801 0.0387423 0.0000000 0.0315481 0.0290565 0.0327050 0.0306944 0.0277509 0.0302879 0.0533715 0.1197920 1.1036899 1.0393247 1.1029246 3.7849632 
MN053723_Aedes_aegypti_totivirus               2.5473770 4.1611789 4.1637288 4.1902467 4.1165541 4.1338243 4.0034971 3.1524901 2.5983940 4.1473184 1.8325647 4.0500306 4.1407864 3.3981127 3.4255806 3.3813204 3.5378891 3.6558111 3.6510055 3.6636691 3.5927266 3.7375761 3.7474519 3.0260758 2.6520791 3.1504142 3.7001977 1.2984899 3.9964538 3.9743280 3.4960066 3.5951244 3.2689644 3.6667874 0.0514035 0.0430727 0.0430609 0.0393861 0.0417544 0.0427582 0.0315481 0.0000000 0.0023627 0.0083359 0.0084573 0.0071267 0.0216524 0.0384835 0.1148288 1.1046513 1.0156714 1.0860626 3.7600044 
MN053733_Aedes_aegypti_totivirus               2.5473770 4.1684521 4.1710039 4.1975413 4.1237764 4.1410743 4.0105280 3.1520386 2.5978703 4.1546440 1.8325647 4.0572477 4.1481200 3.4048034 3.4321446 3.3880517 3.5446429 3.6493792 3.6445780 3.6572272 3.5864103 3.7310981 3.7409645 3.0197508 2.6453501 3.1443129 3.7068093 1.2984899 3.9810875 3.9674598 3.4893565 3.5941824 3.2657353 3.6734412 0.0540559 0.0431611 0.0431493 0.0419609 0.0418400 0.0441138 0.0290565 0.0023627 0.0000000 0.0083230 0.0084558 0.0059368 0.0192030 0.0365388 0.1148288 1.1045223 1.0132131 1.0835390 3.7634980 
MN053730_Aedes_aegypti_totivirus               2.5441230 4.1373301 4.1398663 4.1662434 4.0929965 4.1101290 3.9808501 3.1549336 2.5913370 4.1198803 1.8337911 4.0235928 4.1133373 3.3915330 3.4199056 3.3768754 3.5320293 3.6484531 3.6436570 3.6562923 3.5855575 3.7235867 3.7334233 3.0236803 2.6430199 3.1480166 3.6927785 1.2874524 3.9964538 3.9590086 3.4931385 3.6060897 3.2844078 3.6781934 0.0499724 0.0416960 0.0416846 0.0380220 0.0403851 0.0413527 0.0327050 0.0083359 0.0083230 0.0000000 0.0108761 0.0095044 0.0215977 0.0363253 0.1227433 1.1033320 1.0092666 1.0797982 3.7613307 
MN053727_Aedes_aegypti_totivirus               2.5715075 4.1330447 4.1356159 4.1545666 4.0881119 4.1054701 3.9886249 3.1666977 2.5896768 4.1173747 1.8309240 4.0141560 4.0950046 3.3645041 3.3860260 3.3400674 3.5060364 3.6320798 3.6272293 3.6400007 3.5686313 3.7037842 3.7137248 2.9936497 2.6155760 3.1261485 3.6808601 1.2970756 3.9505844 3.9413311 3.4685983 3.5104110 3.2664041 3.6373380 0.0436352 0.0436973 0.0436851 0.0412273 0.0423585 0.0425558 0.0306944 0.0084573 0.0084558 0.0108761 0.0000000 0.0048081 0.0206883 0.0273480 0.1171776 1.1080145 1.0375041 1.1046871 3.7668778 
MN053729_Aedes_aegypti_totivirus               2.5643922 4.1554906 4.1580319 4.1844598 4.1110281 4.1106304 4.0179803 3.1612919 2.5966544 4.1256541 1.8325647 4.0277207 4.1184199 3.3940574 3.4215690 3.3772612 3.5336219 3.6349006 3.6301187 3.6427108 3.5723098 3.7098809 3.7196873 3.0100787 2.6412872 3.1342821 3.6921604 1.2984899 3.9648002 3.9435486 3.4783984 3.5959282 3.2745521 3.6621173 0.0512660 0.0404783 0.0404672 0.0392825 0.0391696 0.0413676 0.0277509 0.0071267 0.0059368 0.0095044 0.0048081 0.0000000 0.0179411 0.0326879 0.1122812 1.1012776 1.0204905 1.0786759 3.7374159 
MW434940_Aedes_aegypti_totivirus               2.5628152 4.1387849 4.1413142 4.1676180 4.0945681 4.1116574 3.9656488 3.1349271 2.6109383 4.1467534 1.8090070 4.0404217 4.1403037 3.4303088 3.4572295 3.4136723 3.5707365 3.6426674 3.6378783 3.6504928 3.5799149 3.7177236 3.7275460 3.0362713 2.6681268 3.1400795 3.6704486 1.2912805 3.9592035 3.9598979 3.5093558 3.5733504 3.2608209 3.6244286 0.0514266 0.0419260 0.0405931 0.0394050 0.0392914 0.0414990 0.0302879 0.0216524 0.0192030 0.0215977 0.0206883 0.0179411 0.0000000 0.0439389 0.1174482 1.1153258 1.0297958 1.1036497 3.7457468 
MT435499_Aedes_aegypti_totivirus_2             2.0597677 3.7117375 3.7189298 3.7413812 3.6704397 3.6926824 3.6240050 2.8521717 2.1380583 3.5827624 1.4698230 3.5378202 3.6521286 2.8086787 2.8558055 2.8561999 2.9804255 3.3332921 3.3269500 3.3355312 3.2715719 3.4207483 3.4248782 2.4319348 1.7316797 2.7096049 3.2305744 1.3511661 1.9248594 3.5436148 2.9931904 2.8587716 2.7044063 3.1062582 0.0657473 0.0632543 0.0632287 0.0617742 0.0633830 0.0566640 0.0533715 0.0384835 0.0365388 0.0363253 0.0273480 0.0326879 0.0439389 0.0000000 0.0225345 1.0553237 1.0390786 1.1517676 3.1533236 
MZ556103_Lactea_totivirus                      2.3167641 2.6339012 2.6436008 2.6929031 2.6648559 2.6802890 2.6607926 2.3041765 2.1265774 2.5775000 1.7483235 2.6176003 2.5934482 2.5973679 2.6496810 2.6126442 2.7245641 2.3558237 2.3558237 2.3645388 2.3414302 2.3730808 2.3764930 2.3882994 2.3106405 2.3762356 2.3243719 1.2992165 3.1743113 2.3878100 2.3453026 2.5258307 2.1804315 2.3820967 0.1253586 0.1280322 0.1280322 0.1253586 0.1278197 0.1259473 0.1197920 0.1148288 0.1148288 0.1227433 0.1171776 0.1122812 0.1174482 0.0225345 0.0000000 0.7540751 0.8590630 0.9467050 2.8902262 
ON860472_Koversta_virus                        2.5691309 3.3547814 3.3654913 3.3582163 3.3334729 3.3559941 3.3029363 3.0133463 2.5947443 3.5396925 1.9621294 3.4446990 3.4736238 3.1013509 3.2451253 3.2363542 3.2704749 3.2634876 3.2563719 3.2647976 3.2114820 3.3246339 3.3285652 2.7591965 2.3665301 2.7829149 3.0319835 1.2419056 3.1179270 3.2586768 2.9964365 3.1314870 2.9041215 3.3773394 1.0978721 1.0917683 1.0977050 1.0969997 1.0936002 1.1006962 1.1036899 1.1046513 1.1045223 1.1033320 1.1080145 1.1012776 1.1153258 1.0553237 0.7540751 0.0000000 0.5933398 0.9010511 3.5832458 
MW520394_Drama_totivirus                       2.7752012 3.9839525 3.9865408 3.9234979 3.9547162 3.9353525 3.9474498 3.1996453 2.7380414 4.0739206 1.9645176 3.9251708 4.0053406 3.3695129 3.5020348 3.5113204 3.6075354 3.4850782 3.4783749 3.4862213 3.4981802 3.5970328 3.6065508 3.0739409 2.8649568 3.1163886 3.5106692 1.3413823 4.1430112 3.8034027 3.4000230 3.5016918 3.2397835 3.6504459 1.0697913 1.0276028 1.0325661 1.0258619 1.0301177 1.0430122 1.0393247 1.0156714 1.0132131 1.0092666 1.0375041 1.0204905 1.0297958 1.0390786 0.8590630 0.5933398 0.0000000 0.8033420 3.6609154 
MN661076_Embera_virus                          2.5819264 3.8794973 3.9092223 3.9031462 3.8875475 3.8482200 3.7956432 3.0242198 2.6312838 4.0606686 1.9578560 4.0161611 4.0117964 3.3784292 3.4940607 3.4428037 3.6154720 3.6471741 3.6401565 3.6540758 3.6019674 3.6531951 3.6627648 3.0669278 2.7177834 3.1158582 3.5670256 1.3507844 4.1098014 3.8860868 3.4753115 3.7504534 3.1644082 3.6404586 1.1356708 1.0974693 1.0945254 1.1035230 1.0902232 1.1215817 1.1029246 1.0860626 1.0835390 1.0797982 1.1046871 1.0786759 1.1036497 1.1517676 0.9467050 0.9010511 0.8033420 0.0000000 3.6817178 
MZ209749_Fushun_totivirus_5                    2.7635006 3.5300840 3.5403964 3.5513873 3.5770975 3.5581830 3.5168679 3.1301588 2.9608499 3.4576591 2.3082292 3.4038435 3.4763415 3.3635726 3.3745260 3.4431032 3.4642726 3.6190601 3.6190601 3.6328368 3.6791786 3.6378703 3.6404349 3.6071288 3.2005576 3.6469399 3.6110875 1.7037869 3.7814233 3.3737064 3.3586776 3.3488457 3.6978956 3.5578372 3.8222331 3.7667467 3.7534598 3.7294699 3.7360418 3.7589636 3.7849632 3.7600044 3.7634980 3.7613307 3.7668778 3.7374159 3.7457468 3.1533236 2.8902262 3.5832458 3.6609154 3.6817178 0.0000000 
