19
MN053826_Guadeloupe_Culex_tymo-like_virus        0.0000000 0.0094375 0.0108170 0.0436865 0.0453590 0.0422892 0.0217934 0.0634966 0.0325519 0.1003514 0.1017544 0.1031480 0.1350146 0.1869916 0.4194118 1.5055598 1.8336163 1.9007630 3.2154337 
MN053827_Guadeloupe_Culex_tymo-like_virus        0.0094375 0.0000000 0.0107043 0.0407638 0.0439356 0.0404614 0.0218327 0.0636573 0.0324951 0.1034049 0.1048384 0.1062375 0.1362720 0.1895511 0.4273637 1.5014763 1.8492081 1.9058163 3.2046823 
MN053825_Guadeloupe_Culex_tymo-like_virus        0.0108170 0.0107043 0.0000000 0.0422991 0.0449780 0.0408994 0.0218101 0.0635508 0.0313597 0.1010532 0.1018898 0.1032819 0.1362516 0.1889458 0.4309162 1.5065912 1.8457030 1.9247851 3.2180354 
Guadeloupe_Culex_tymo_like_virus_F1120C2F1120    0.0436865 0.0407638 0.0422991 0.0000000 0.0070464 0.0093989 0.0188809 0.0552218 0.0334647 0.1031440 0.1019732 0.1068644 0.1437471 0.1834875 0.4288292 1.4958285 1.8149908 1.8937338 3.2128590 
Guadeloupe_Culex_tymo_like_virus_F1120C2F1117    0.0453590 0.0439356 0.0449780 0.0070464 0.0000000 0.0120005 0.0191175 0.0538435 0.0380741 0.1088902 0.1077172 0.1127415 0.1487436 0.1920952 0.4352352 1.5378321 1.8622473 1.9192798 3.2965434 
Guadeloupe_Culex_tymo_like_virus_F1120C2F1116    0.0422892 0.0404614 0.0408994 0.0093989 0.0120005 0.0000000 0.0188809 0.0552218 0.0335322 0.1022414 0.1022212 0.1053540 0.1410965 0.1865079 0.4342235 1.5111286 1.8377812 1.8992618 3.2341650 
MH188018_Culex_originated_Tymoviridae-like_virus 0.0217934 0.0218327 0.0218101 0.0188809 0.0191175 0.0188809 0.0000000 0.0488664 0.0106671 0.0655729 0.0632316 0.0594125 0.0696445 0.0978671 0.3397592 2.0920621 2.0635864 1.9724179 3.7616471 
MN510431_Culex_originated_Tymoviridae-like_virus 0.0634966 0.0636573 0.0635508 0.0552218 0.0538435 0.0552218 0.0488664 0.0000000 0.0571037 0.1139665 0.1127244 0.1079749 0.1199516 0.1386383 0.3359105 1.8323360 1.7860394 1.7304319 3.1880647 
MW434965_Guadeloupe_Culex_tymo-like_virus        0.0325519 0.0324951 0.0313597 0.0334647 0.0380741 0.0335322 0.0106671 0.0571037 0.0000000 0.0919312 0.0937465 0.0949122 0.1300781 0.1783063 0.4221104 1.4970419 1.8049706 1.9029380 3.2041908 
MZ556262_Sichuan_mosquito_tymo-like_virus        0.1003514 0.1034049 0.1010532 0.1031440 0.1088902 0.1022414 0.0655729 0.1139665 0.0919312 0.0000000 0.0155699 0.0207625 0.1074877 0.1706346 0.4145787 1.4661140 1.7805687 1.8944874 3.2118775 
OL700056_Guadeloupe_Culex_tymo-like_virus        0.1017544 0.1048384 0.1018898 0.1019732 0.1077172 0.1022212 0.0632316 0.1127244 0.0937465 0.0155699 0.0000000 0.0210563 0.1101001 0.1755835 0.4146695 1.4689389 1.7959541 1.8951699 3.2298750 
MW452308_Tymoviridae_sp_                         0.1031480 0.1062375 0.1032819 0.1068644 0.1127415 0.1053540 0.0594125 0.1079749 0.0949122 0.0207625 0.0210563 0.0000000 0.1089424 0.1819492 0.4189068 1.4708039 1.8197807 1.8914229 3.2422407 
MK440641_Tarnsjo_virus                           0.1350146 0.1362720 0.1362516 0.1437471 0.1487436 0.1410965 0.0696445 0.1199516 0.1300781 0.1074877 0.1101001 0.1089424 0.0000000 0.1627660 0.4273683 1.5072118 1.8484757 1.8860795 3.2205878 
MK440631_Tarnsjo_virus                           0.1869916 0.1895511 0.1889458 0.1834875 0.1920952 0.1865079 0.0978671 0.1386383 0.1783063 0.1706346 0.1755835 0.1819492 0.1627660 0.0000000 0.4238890 1.4584354 1.7873401 1.9218252 3.1881592 
LC512732_Culex_pseudovishnui_tymo-like_virus     0.4194118 0.4273637 0.4309162 0.4288292 0.4352352 0.4342235 0.3397592 0.3359105 0.4221104 0.4145787 0.4146695 0.4189068 0.4273683 0.4238890 0.0000000 1.4470919 1.8304290 1.8391380 3.1173280 
MT435496_Gonipterus_platensis_Macula-Like_virus  1.5055598 1.5014763 1.5065912 1.4958285 1.5378321 1.5111286 2.0920621 1.8323360 1.4970419 1.4661140 1.4689389 1.4708039 1.5072118 1.4584354 1.4470919 0.0000000 0.1510345 1.0637557 2.4398422 
MW864076_Tymoviridae_sp__XZN137671               1.8336163 1.8492081 1.8457030 1.8149908 1.8622473 1.8377812 2.0635864 1.7860394 1.8049706 1.7805687 1.7959541 1.8197807 1.8484757 1.7873401 1.8304290 0.1510345 0.0000000 1.2491093 2.7722155 
MW520376_Xanthi_tymo-likevirus                   1.9007630 1.9058163 1.9247851 1.8937338 1.9192798 1.8992618 1.9724179 1.7304319 1.9029380 1.8944874 1.8951699 1.8914229 1.8860795 1.9218252 1.8391380 1.0637557 1.2491093 0.0000000 2.7619303 
MZ556269_Sichuan_mosquito_tymo-like_virus        3.2154337 3.2046823 3.2180354 3.2128590 3.2965434 3.2341650 3.7616471 3.1880647 3.2041908 3.2118775 3.2298750 3.2422407 3.2205878 3.1881592 3.1173280 2.4398422 2.7722155 2.7619303 0.0000000 
