24
MK133927_Hubei_reo-like_virus_7            0.0000000 0.0116910 0.0142479 0.0159746 0.0160091 0.0133745 0.0252943 0.0235527 0.0305091 0.1491076 0.7067073 0.7049429 0.7051330 0.7119561 1.6572846 1.6572846 1.9195600 1.6557694 1.6672938 1.5882936 1.5775918 1.4476767 1.7959097 3.8434589 
MK133926_Hubei_reo-like_virus_7            0.0116910 0.0000000 0.0024513 0.0040991 0.0041085 0.0016297 0.0131665 0.0114929 0.0182054 0.1351156 0.6814544 0.6797250 0.6799049 0.6865492 1.6260964 1.6260964 1.8874601 1.6204703 1.6318239 1.5603224 1.5498073 1.4285458 1.7646423 3.7718801 
MK133928_Hubei_reo-like_virus_7            0.0142479 0.0024513 0.0000000 0.0065842 0.0065991 0.0040903 0.0156959 0.0140098 0.0207677 0.1374581 0.6894617 0.6877187 0.6879021 0.6946127 1.6359695 1.6359695 1.8963307 1.6303523 1.6417601 1.5702637 1.5596801 1.4375046 1.7732182 3.8062384 
MK133925_Hubei_reo-like_virus_7            0.0159746 0.0040991 0.0065842 0.0000000 0.0066109 0.0040977 0.0157226 0.0140335 0.0208042 0.1421142 0.6862102 0.6844725 0.6846545 0.6913390 1.6322640 1.6322640 1.8949081 1.6266465 1.6380278 1.5687900 1.5582239 1.4326431 1.7798355 3.8295142 
MK133924_Hubei_reo-like_virus_7            0.0160091 0.0041085 0.0065991 0.0066109 0.0000000 0.0041072 0.0157565 0.0140640 0.0208476 0.1424451 0.6862685 0.6845306 0.6847126 0.6913979 1.6392667 1.6392667 1.9320092 1.6336555 1.6450752 1.5779462 1.5673130 1.4296953 1.7650456 3.8039114 
MK133923_Hubei_reo-like_virus_7            0.0133745 0.0016297 0.0040903 0.0040977 0.0041072 0.0000000 0.0131622 0.0114892 0.0181994 0.1331982 0.6815237 0.6797948 0.6799747 0.6866172 1.6197194 1.6197194 1.8817934 1.6140840 1.6254094 1.5596875 1.5491767 1.4296953 1.7659159 3.7678894 
KX884635_Hubei_reo-like_virus_7            0.0252943 0.0131665 0.0156959 0.0157226 0.0157565 0.0131622 0.0000000 0.0016297 0.0207442 0.1349306 0.6827165 0.6809866 0.6811669 0.6878152 1.6202449 1.6202449 1.9010125 1.6130655 1.6216984 1.5520492 1.5415880 1.4128589 1.7679871 3.7519371 
OL700066_Hubei_reo-like_virus_7            0.0235527 0.0114929 0.0140098 0.0140335 0.0140640 0.0114892 0.0016297 0.0000000 0.0190388 0.1349306 0.6824774 0.6807474 0.6809276 0.6875760 1.6280870 1.6280870 1.9010125 1.6203211 1.6289795 1.5534020 1.5429420 1.4197215 1.7729752 3.7488050 
Hubei_reo_like_virus_7_F1429C41F1429       0.0305091 0.0182054 0.0207677 0.0208042 0.0208476 0.0181994 0.0207442 0.0190388 0.0000000 0.1335920 0.6717593 0.6700494 0.6702248 0.6767774 1.6094900 1.6094900 1.8818985 1.6084591 1.6175074 1.5503371 1.5398245 1.4198277 1.7772263 3.7325904 
OP264886_Hubei_reo-like_virus_7            0.1491076 0.1351156 0.1374581 0.1421142 0.1424451 0.1331982 0.1349306 0.1349306 0.1335920 0.0000000 0.6998532 0.6964514 0.6968136 0.6985829 1.8744232 1.8744232 1.8680409 1.8967290 1.8803048 1.8293521 1.8175246 1.6452460 1.9600132 3.9003293 
MW434750_Elemess_virus                     0.7067073 0.6814544 0.6894617 0.6862102 0.6862685 0.6815237 0.6827165 0.6824774 0.6717593 0.6998532 0.0000000 0.0016133 0.0024228 0.0064813 1.5007486 1.5007486 1.6662031 1.5093679 1.5269006 1.4931752 1.4806898 1.3266879 1.6586322 3.3740906 
MW434753_Elemess_virus                     0.7049429 0.6797250 0.6877187 0.6844725 0.6845306 0.6797948 0.6809866 0.6807474 0.6700494 0.6964514 0.0016133 0.0000000 0.0008066 0.0048577 1.5027024 1.5027024 1.6732031 1.5100245 1.5275612 1.4938343 1.4813465 1.3266879 1.6564040 3.3781615 
MW434751_Elemess_virus                     0.7051330 0.6799049 0.6879021 0.6846545 0.6847126 0.6799747 0.6811669 0.6809276 0.6702248 0.6968136 0.0024228 0.0008066 0.0000000 0.0040444 1.5019615 1.5019615 1.6732031 1.5092800 1.5268108 1.4914784 1.4790039 1.3231310 1.6539089 3.3768009 
MW434752_Elemess_virus                     0.7119561 0.6865492 0.6946127 0.6913390 0.6913979 0.6866172 0.6878152 0.6875760 0.6767774 0.6985829 0.0064813 0.0048577 0.0040444 0.0000000 1.5121109 1.5121109 1.6735178 1.5195032 1.5371783 1.5035027 1.4909267 1.3332158 1.6677646 3.3541245 
KM978416_Fako_virus                        1.6572846 1.6260964 1.6359695 1.6322640 1.6392667 1.6197194 1.6202449 1.6280870 1.6094900 1.8744232 1.5007486 1.5027024 1.5019615 1.5121109 0.0000000 0.0000010 0.0715604 0.1081601 0.1063741 0.5166703 0.5151185 0.4756759 1.3701710 3.5455005 
NC_025486_Fako_virus                       1.6572846 1.6260964 1.6359695 1.6322640 1.6392667 1.6197194 1.6202449 1.6280870 1.6094900 1.8744232 1.5007486 1.5027024 1.5019615 1.5121109 0.0000010 0.0000000 0.0715604 0.1081601 0.1063741 0.5166703 0.5151185 0.4756759 1.3701710 3.5455005 
OP264919_Fako_virus                        1.9195600 1.8874601 1.8963307 1.8949081 1.9320092 1.8817934 1.9010125 1.9010125 1.8818985 1.8680409 1.6662031 1.6732031 1.6732031 1.6735178 0.0715604 0.0715604 0.0000000 0.1148576 0.1084513 0.5774464 0.5738422 0.4917893 1.4650565 3.6716163 
LC496849_Aedes_pseudoscutellaris_reovirus  1.6557694 1.6204703 1.6303523 1.6266465 1.6336555 1.6140840 1.6130655 1.6203211 1.6084591 1.8967290 1.5093679 1.5100245 1.5092800 1.5195032 0.1081601 0.1081601 0.1148576 0.0000000 0.0321287 0.5307232 0.5308363 0.5044543 1.3960416 3.6341413 
NC_007667_Aedes_pseudoscutellaris_reovirus 1.6672938 1.6318239 1.6417601 1.6380278 1.6450752 1.6254094 1.6216984 1.6289795 1.6175074 1.8803048 1.5269006 1.5275612 1.5268108 1.5371783 0.1063741 0.1063741 0.1084513 0.0321287 0.0000000 0.5247713 0.5248794 0.4986589 1.3966525 3.5791226 
Forfical_virus_F1194C164F1194              1.5882936 1.5603224 1.5702637 1.5687900 1.5779462 1.5596875 1.5520492 1.5534020 1.5503371 1.8293521 1.4931752 1.4938343 1.4914784 1.5035027 0.5166703 0.5166703 0.5774464 0.5307232 0.5247713 0.0000000 0.0041036 0.0093696 1.3781640 3.2165519 
Forfical_virus_F1194C164F1197              1.5775918 1.5498073 1.5596801 1.5582239 1.5673130 1.5491767 1.5415880 1.5429420 1.5398245 1.8175246 1.4806898 1.4813465 1.4790039 1.4909267 0.5151185 0.5151185 0.5738422 0.5308363 0.5248794 0.0041036 0.0000000 0.0066642 1.3707316 3.2282619 
Forfical_virus_F1194C164F1183              1.4476767 1.4285458 1.4375046 1.4326431 1.4296953 1.4296953 1.4128589 1.4197215 1.4198277 1.6452460 1.3266879 1.3266879 1.3231310 1.3332158 0.4756759 0.4756759 0.4917893 0.5044543 0.4986589 0.0093696 0.0066642 0.0000000 1.2504618 3.4139296 
KX884633_Hubei_mosquito_virus_5            1.7959097 1.7646423 1.7732182 1.7798355 1.7650456 1.7659159 1.7679871 1.7729752 1.7772263 1.9600132 1.6586322 1.6564040 1.6539089 1.6677646 1.3701710 1.3701710 1.4650565 1.3960416 1.3966525 1.3781640 1.3707316 1.2504618 0.0000000 3.3514399 
NC_027567_Lutzomyia_reovirus_1             3.8434589 3.7718801 3.8062384 3.8295142 3.8039114 3.7678894 3.7519371 3.7488050 3.7325904 3.9003293 3.3740906 3.3781615 3.3768009 3.3541245 3.5455005 3.5455005 3.6716163 3.6341413 3.5791226 3.2165519 3.2282619 3.4139296 3.3514399 0.0000000 
