16
OL700172_XiangYun_picorna-like_virus_2 0.0000000 0.0193606 0.0214139 0.2138678 0.5679925 0.5735481 1.2533983 1.2483645 1.4112910 2.0805161 2.0833043 2.1366500 2.3394552 2.3931730 2.3765191 2.2904580 
OL700171_XiangYun_picorna-like_virus_2 0.0193606 0.0000000 0.0187402 0.2147524 0.5740227 0.5766273 1.2689795 1.2628730 1.4177771 2.0867468 2.0895378 2.1491602 2.3522227 2.4041157 2.3830377 2.3082162 
OL700170_XiangYun_picorna-like_virus_2 0.0214139 0.0187402 0.0000000 0.2110500 0.5691314 0.5754726 1.2637364 1.2579723 1.4180509 2.0848751 2.0876605 2.1380567 2.3495669 2.4046224 2.3814206 2.3177768 
MK440627_Ista_virus                    0.2138678 0.2147524 0.2110500 0.0000000 0.5656783 0.5706525 1.2614111 1.2536175 1.3789074 2.0929791 2.0957760 2.1154600 2.2949551 2.3646143 2.3235940 2.3050691 
LC513835_Isahaya_Culex_iflavirus       0.5679925 0.5740227 0.5691314 0.5656783 0.0000000 0.1848140 1.2758370 1.2728325 1.3830691 2.0861280 2.0853890 2.1722462 2.3771171 2.4444120 2.4122965 2.3078196 
Doriptiled_virus_F1453C1F1453          0.5735481 0.5766273 0.5754726 0.5706525 0.1848140 0.0000000 1.2827039 1.2878633 1.4526307 2.1197517 2.1189932 2.2122905 2.3271640 2.3868740 2.3755770 2.2667944 
MW434116_Culex_Iflavi-like_virus_3     1.2533983 1.2689795 1.2637364 1.2614111 1.2758370 1.2827039 0.0000000 0.0180018 0.0243073 2.2069497 2.2102703 2.2256983 2.3809827 2.4146532 2.4791717 2.4748724 
MW434117_Culex_Iflavi-like_virus_3     1.2483645 1.2628730 1.2579723 1.2536175 1.2728325 1.2878633 0.0180018 0.0000000 0.0262784 2.2158375 2.2187472 2.2220363 2.3652558 2.4198215 2.4727827 2.4751755 
MH188010_Culex_Iflavi-like_virus_3     1.4112910 1.4177771 1.4180509 1.3789074 1.3830691 1.4526307 0.0243073 0.0262784 0.0000000 2.3268850 2.3268850 2.2521942 2.4954035 2.6062476 2.7571417 2.8843243 
MN314969_Aedes_vexans_iflavirus        2.0805161 2.0867468 2.0848751 2.0929791 2.0861280 2.1197517 2.2069497 2.2158375 2.3268850 0.0000000 0.0011245 0.2945623 1.5134346 1.5614922 1.4798158 2.1110152 
OP264887_Aedes_vexans_iflavirus        2.0833043 2.0895378 2.0876605 2.0957760 2.0853890 2.1189932 2.2102703 2.2187472 2.3268850 0.0011245 0.0000000 0.2933811 1.5150793 1.5631714 1.4816035 2.1092521 
LC496784_Tesano_Aedes_virus            2.1366500 2.1491602 2.1380567 2.1154600 2.1722462 2.2122905 2.2256983 2.2220363 2.2521942 0.2945623 0.2933811 0.0000000 1.5143051 1.5559488 1.4975857 2.2363502 
MN661038_Chajerado_virus               2.3394552 2.3522227 2.3495669 2.2949551 2.3771171 2.3271640 2.3809827 2.3652558 2.4954035 1.5134346 1.5150793 1.5143051 0.0000000 0.3290156 0.4288439 2.6160017 
MN661039_Isla_virus                    2.3931730 2.4041157 2.4046224 2.3646143 2.4444120 2.3868740 2.4146532 2.4198215 2.6062476 1.5614922 1.5631714 1.5559488 0.3290156 0.0000000 0.4292802 2.6284118 
MN661040_Sabaleta_virus                2.3765191 2.3830377 2.3814206 2.3235940 2.4122965 2.3755770 2.4791717 2.4727827 2.7571417 1.4798158 1.4816035 1.4975857 0.4288439 0.4292802 0.0000000 2.5662525 
NC_033455_Wuhan_insect_virus_13        2.2904580 2.3082162 2.3177768 2.3050691 2.3078196 2.2667944 2.4748724 2.4751755 2.8843243 2.1110152 2.1092521 2.2363502 2.6160017 2.6284118 2.5662525 0.0000000 
