22
AY341824_Ectropis_obliqua_virus          0.0000000 0.0000010 0.1341192 0.1212065 0.1513728 0.1361356 0.1344179 0.2319859 0.1994771 0.2020405 1.2005830 1.6943281 1.7196740 1.2042376 1.3652686 1.7218681 1.7214772 1.7409942 2.6481405 2.6481405 2.6474975 3.8599267 
NC_005092_Ectropis_obliqua_virus         0.0000010 0.0000000 0.1463251 0.1358251 0.1513728 0.1361356 0.1391194 0.2319859 0.2952271 0.2959128 1.2066509 1.8482680 1.8738036 1.2042376 1.3652686 1.9042059 1.9038189 1.9632751 2.8315820 2.8315820 2.8255684 4.0384021 
OP884037_Army_ant_associated_iflavirus_8 0.1341192 0.1463251 0.0000000 0.1363314 0.1601600 0.1674476 0.1745905 0.3790475 0.2985010 0.2990101 1.1895066 1.8575553 1.8813463 1.2106916 1.3925710 1.8994875 1.8991010 2.0025305 2.8345327 2.8345327 2.8251705 3.9948563 
NC_003113_Perina_nuda_virus              0.1212065 0.1358251 0.1363314 0.0000000 0.1309297 0.1391606 0.1581112 0.2431648 0.3039168 0.2994641 1.1629402 1.8459732 1.8713369 1.2130375 1.4323115 1.9210065 1.9206179 2.0334904 2.8271289 2.8271289 2.8175613 4.0358520 
OP884035_Army_ant_associated_iflavirus_7 0.1513728 0.1513728 0.1601600 0.1309297 0.0000000 0.0032926 0.1820179 9.0000000 0.2281454 0.2237818 1.5075393 2.3120344 2.3286712 9.0000000 1.2813192 2.5468061 2.5468061 2.1746138 3.4853872 3.4853872 3.5060955 4.3882121 
OP884036_Army_ant_associated_iflavirus_7 0.1361356 0.1361356 0.1674476 0.1391606 0.0032926 0.0000000 0.1678231 0.1647836 0.2414198 0.2408006 1.5252521 2.3305435 2.3350963 9.0000000 1.6759515 2.4627260 2.4627260 2.2624064 3.1915107 3.1915107 3.2022373 4.3670815 
MT137960_Iflaviridae_sp_                 0.1344179 0.1391194 0.1745905 0.1581112 0.1820179 0.1678231 0.0000000 0.2175135 0.2846980 0.2829210 1.1843956 1.8613653 1.8898843 1.2166004 1.3880804 1.8978793 1.8974937 1.9891895 2.8245158 2.8245158 2.8183583 3.9953813 
OM469323_alvulp_iflavirus_1              0.2319859 0.2319859 0.3790475 0.2431648 9.0000000 0.1647836 0.2175135 0.0000000 0.3012188 0.2938489 4.1077776 2.1242657 2.2292016 9.0000000 1.8682986 1.7344868 1.7344868 2.0150872 2.5434057 2.5434057 2.5434057 4.5473566 
MN328434_Diamondback_moth_iflavirus      0.1994771 0.2952271 0.2985010 0.3039168 0.2281454 0.2414198 0.2846980 0.3012188 0.0000000 0.0234290 1.1348641 1.7340722 1.7527567 1.1937526 1.3876701 1.8107369 1.8103642 1.8492748 2.7700524 2.7700524 2.7646476 3.9691963 
NC_034384_Diamondback_moth_iflavirus     0.2020405 0.2959128 0.2990101 0.2994641 0.2237818 0.2408006 0.2829210 0.2938489 0.0234290 0.0000000 1.1401898 1.7212519 1.7395638 1.1750735 1.3941836 1.7954444 1.7950739 1.8429583 2.7560837 2.7560837 2.7506206 3.9433168 
OP884034_Army_ant_associated_iflavirus_6 1.2005830 1.2066509 1.1895066 1.1629402 1.5075393 1.5252521 1.1843956 4.1077776 1.1348641 1.1401898 0.0000000 1.8656800 1.8887290 1.0912192 1.6572713 1.8789712 1.8766987 2.3725437 2.9757291 2.9757291 2.9593293 3.7064381 
NC_023676_Spodoptera_exigua_iflavirus_2  1.6943281 1.8482680 1.8575553 1.8459732 2.3120344 2.3305435 1.8613653 2.1242657 1.7340722 1.7212519 1.8656800 0.0000000 0.0172237 0.3317225 0.2827430 0.7841770 0.7833660 1.6380873 2.7352528 2.7352528 2.7185856 4.1889307 
KJ186788_Spodoptera_exigua_iflavirus_2   1.7196740 1.8738036 1.8813463 1.8713369 2.3286712 2.3350963 1.8898843 2.2292016 1.7527567 1.7395638 1.8887290 0.0172237 0.0000000 0.3267091 0.3031401 0.8036150 0.8027952 1.6785485 2.7733869 2.7733869 2.7566825 4.2134073 
MG963178_Iflavirus_sp_                   1.2042376 1.2042376 1.2106916 1.2130375 9.0000000 9.0000000 1.2166004 9.0000000 1.1937526 1.1750735 1.0912192 0.3317225 0.3267091 0.0000000 9.0000000 0.5290571 0.5260675 9.0000000 2.5917290 2.5917290 2.5917290 3.1964261 
MG963177_Iflavirus_sp_                   1.3652686 1.3652686 1.3925710 1.4323115 1.2813192 1.6759515 1.3880804 1.8682986 1.3876701 1.3941836 1.6572713 0.2827430 0.3031401 9.0000000 0.0000000 0.4362800 0.4362800 1.1348097 2.1745575 2.1745575 2.1745575 3.8689419 
MZ209860_Sanya_iflavirus_2               1.7218681 1.9042059 1.8994875 1.9210065 2.5468061 2.4627260 1.8978793 1.7344868 1.8107369 1.7954444 1.8789712 0.7841770 0.8036150 0.5290571 0.4362800 0.0000000 0.0003621 1.6590596 2.7078432 2.7078432 2.6886474 4.1847783 
MZ209954_Sanya_iflavirus_2               1.7214772 1.9038189 1.8991010 1.9206179 2.5468061 2.4627260 1.8974937 1.7344868 1.8103642 1.7950739 1.8766987 0.7833660 0.8027952 0.5260675 0.4362800 0.0003621 0.0000000 1.6590596 2.7076391 2.7076391 2.6884439 4.1843620 
OP884033_Army_ant_associated_iflavirus_5 1.7409942 1.9632751 2.0025305 2.0334904 2.1746138 2.2624064 1.9891895 2.0150872 1.8492748 1.8429583 2.3725437 1.6380873 1.6785485 9.0000000 1.1348097 1.6590596 1.6590596 0.0000000 2.7218175 2.7218175 2.7062822 4.2428314 
Dunhowed_virus_F1611C1F1611              2.6481405 2.8315820 2.8345327 2.8271289 3.4853872 3.1915107 2.8245158 2.5434057 2.7700524 2.7560837 2.9757291 2.7352528 2.7733869 2.5917290 2.1745575 2.7078432 2.7076391 2.7218175 0.0000000 0.0000010 0.0000010 4.1830780 
Dunhowed_virus_F1611C1F1612              2.6481405 2.8315820 2.8345327 2.8271289 3.4853872 3.1915107 2.8245158 2.5434057 2.7700524 2.7560837 2.9757291 2.7352528 2.7733869 2.5917290 2.1745575 2.7078432 2.7076391 2.7218175 0.0000010 0.0000000 0.0000010 4.1830780 
Dunhowed_virus_F1611C1F1586              2.6474975 2.8255684 2.8251705 2.8175613 3.5060955 3.2022373 2.8183583 2.5434057 2.7646476 2.7506206 2.9593293 2.7185856 2.7566825 2.5917290 2.1745575 2.6886474 2.6884439 2.7062822 0.0000010 0.0000010 0.0000000 4.1905320 
KX779452_Rolda_virus                     3.8599267 4.0384021 3.9948563 4.0358520 4.3882121 4.3670815 3.9953813 4.5473566 3.9691963 3.9433168 3.7064381 4.1889307 4.2134073 3.1964261 3.8689419 4.1847783 4.1843620 4.2428314 4.1830780 4.1830780 4.1905320 0.0000000 
