18
Guadeloupe_mosquito_quaranja_like_virus_1_F1058C389F1059 0.0000000 0.0014998 0.0000010 0.0000010 0.0000010 0.0014996 0.0075507 0.0060311 0.0053570 0.2091336 0.2083565 0.2050455 0.2052478 0.2054160 0.2025256 0.2660900 0.2326291 0.2817844 
Guadeloupe_mosquito_quaranja_like_virus_1_F1058C389F1062 0.0014998 0.0000000 0.0027875 0.0025415 0.0000010 0.0038176 0.0102831 0.0076921 0.0089747 0.1956369 0.2041608 0.2013889 0.2015541 0.2016796 0.1974189 0.2538527 0.2338147 0.2883458 
Guadeloupe_mosquito_quaranja_like_virus_1_F1058C389F1068 0.0000010 0.0027875 0.0000000 0.0000010 0.0000010 0.0013854 0.0084063 0.0055876 0.0065195 0.2112945 0.2146447 0.2114972 0.2116983 0.2118881 0.2101296 0.2637485 0.2275352 0.2959603 
Guadeloupe_mosquito_quaranja_like_virus_1_F1058C389F1058 0.0000010 0.0025415 0.0000010 0.0000000 0.0000010 0.0012640 0.0076608 0.0050938 0.0059361 0.1941452 0.2029622 0.2002139 0.2003762 0.2004959 0.1962610 0.2479878 0.2283047 0.2841847 
Guadeloupe_mosquito_quaranja_like_virus_1_F1058C389F1065 0.0000010 0.0000010 0.0000010 0.0000010 0.0000000 0.0000010 0.0078877 0.0052443 0.0026953 0.1415561 0.1366062 0.1366062 0.1332357 0.1332357 0.1332357 0.1428673 0.1412965 0.2197041 
Guadeloupe_mosquito_quaranja_like_virus_1_F1058C389F1067 0.0014996 0.0038176 0.0013854 0.0012640 0.0000010 0.0000000 0.0089493 0.0063756 0.0074316 0.1944711 0.2032195 0.2004677 0.2006305 0.2007514 0.1965132 0.2459206 0.2302797 0.2839847 
OL343761_Palmetto_orthomyxo-like_virus                   0.0075507 0.0102831 0.0084063 0.0076608 0.0078877 0.0089493 0.0000000 0.0025377 0.0089577 0.1996662 0.2026674 0.1999301 0.2000915 0.2002095 0.1959888 0.2550346 0.2271001 0.2866603 
MW434249_Guadeloupe_mosquito_quaranja-like_virus_1       0.0060311 0.0076921 0.0055876 0.0050938 0.0052443 0.0063756 0.0025377 0.0000000 0.0059533 0.1973246 0.2026842 0.1999467 0.2001082 0.2002262 0.1960055 0.2509413 0.2310997 0.2861543 
MN053838_Guadeloupe_mosquito_quaranja-like_virus_1       0.0053570 0.0089747 0.0065195 0.0059361 0.0026953 0.0074316 0.0089577 0.0059533 0.0000000 0.1998007 0.2024146 0.2024146 0.2003068 0.2004463 0.1954972 0.2405836 0.2190991 0.3150316 
Panessemat_virus_F1398C269F1230                          0.2091336 0.1956369 0.2112945 0.1941452 0.1415561 0.1944711 0.1996662 0.1973246 0.1998007 0.0000000 0.0000010 0.0000010 0.0016665 0.0033463 0.0033388 0.1893759 0.1634225 0.2688644 
Panessemat_virus_F1398C269F1540                          0.2083565 0.2041608 0.2146447 0.2029622 0.1366062 0.2032195 0.2026674 0.2026842 0.2024146 0.0000010 0.0000000 0.0012699 0.0038192 0.0051074 0.0051347 0.2316147 0.1887218 0.3108076 
Panessemat_virus_F1398C269F1398                          0.2050455 0.2013889 0.2114972 0.2002139 0.1366062 0.2004677 0.1999301 0.1999467 0.2024146 0.0000010 0.0012699 0.0000000 0.0025336 0.0038118 0.0038320 0.2316147 0.1887218 0.3143406 
Panessemat_virus_F1398C269F1387                          0.2052478 0.2015541 0.2116983 0.2003762 0.1332357 0.2006305 0.2000915 0.2001082 0.2003068 0.0016665 0.0038192 0.0025336 0.0000000 0.0012664 0.0012730 0.2286124 0.1860212 0.3147639 
Panessemat_virus_F1398C269F1396                          0.2054160 0.2016796 0.2118881 0.2004959 0.1332357 0.2007514 0.2002095 0.2002262 0.2004463 0.0033463 0.0051074 0.0038118 0.0012664 0.0000000 0.0025538 0.2293806 0.1866070 0.3159258 
Panessemat_virus_F1398C269F1551                          0.2025256 0.1974189 0.2101296 0.1962610 0.1332357 0.1965132 0.1959888 0.1960055 0.1954972 0.0033388 0.0051347 0.0038320 0.0012730 0.0025538 0.0000000 0.2242162 0.1818246 0.3157202 
MW520417_Aedes_detritus_orthomyxo-like_virus             0.2660900 0.2538527 0.2637485 0.2479878 0.1428673 0.2459206 0.2550346 0.2509413 0.2405836 0.1893759 0.2316147 0.2316147 0.2286124 0.2293806 0.2242162 0.0000000 0.1143827 0.3830694 
KX898491_Whidbey_virus                                   0.2326291 0.2338147 0.2275352 0.2283047 0.1412965 0.2302797 0.2271001 0.2310997 0.2190991 0.1634225 0.1887218 0.1887218 0.1860212 0.1866070 0.1818246 0.1143827 0.0000000 0.3554363 
BK059432_Aedes_orthomyxo-like_virus_2                    0.2817844 0.2883458 0.2959603 0.2841847 0.2197041 0.2839847 0.2866603 0.2861543 0.3150316 0.2688644 0.3108076 0.3143406 0.3147639 0.3159258 0.3157202 0.3830694 0.3554363 0.0000000 
