10
OL700087_Wuhan_Mosquito_Virus_4                    0.0000000 0.0000010 0.0012842 0.0583672 0.0486442 0.0173350 0.1149799 0.1320368 0.1323768 1.0776018 
KM817623_Wuhan_Mosquito_Virus_4                    0.0000010 0.0000000 0.0012842 0.0583672 0.0486442 0.0173000 0.1149799 0.1317502 0.1320863 1.0733441 
OL700088_Wuhan_Mosquito_Virus_4                    0.0012842 0.0012842 0.0000000 0.0568530 0.0501353 0.0187033 0.1191982 0.1339310 0.1342938 1.0798470 
MW520421_Culex_modestus_orthomyxo-like_virus       0.0583672 0.0583672 0.0568530 0.0000000 0.0410718 0.0486493 0.1150403 0.1364083 0.1407442 1.0961329 
MN513372_Culex_orthomyxo-like_virus                0.0486442 0.0486442 0.0501353 0.0410718 0.0000000 0.0381128 0.1259442 0.1372240 0.1378439 1.1149526 
MK440637_Wuhan_Mosquito_Virus_4                    0.0173350 0.0173000 0.0187033 0.0486493 0.0381128 0.0000000 0.1121039 0.1333300 0.1374026 1.1025936 
Pageromars_virus_F1413C102F1245                    0.1149799 0.1149799 0.1191982 0.1150403 0.1259442 0.1121039 0.0000000 0.0031984 0.0130314 1.1951668 
Pageromars_virus_F1413C102F1413                    0.1320368 0.1317502 0.1339310 0.1364083 0.1372240 0.1333300 0.0031984 0.0000000 0.0229340 1.0591074 
MW317143_Orthomyxoviridae_sp.                      0.1323768 0.1320863 0.1342938 0.1407442 0.1378439 0.1374026 0.0130314 0.0229340 0.0000000 1.0717446 
MN053836_Guadeloupe_mosquito_quaranja-like_virus_3 1.0776018 1.0733441 1.0798470 1.0961329 1.1149526 1.1025936 1.1951668 1.0591074 1.0717446 0.0000000 
