92
ON860461_Tierp_virus                                     0.0000000 1.3250343 2.0410965 1.1596843 1.1494136 2.2094961 1.1355569 2.3796848 1.1544934 2.3789722 2.3782336 1.9001874 1.1045923 1.0891742 2.4488006 2.3761131 2.4033246 2.4483280 2.2788125 2.5015354 1.2506646 2.2589286 2.1874028 2.0923693 2.2033316 1.1402201 2.0670397 2.0768297 2.2645423 1.0155476 1.0194138 1.1453630 1.1430017 1.1418962 1.1390726 1.1419232 1.1448380 1.1380466 1.1363847 1.1377838 1.1423709 1.1417729 2.2295308 1.1868108 1.1364392 2.0124349 1.9322953 1.9687236 1.9614589 1.1810229 1.1658864 1.1541407 1.2141218 1.8332376 2.2115714 1.1404539 1.1430795 1.1430795 2.1448447 1.1417994 2.1935318 1.9250583 2.1468511 1.9714956 2.0280098 2.0888699 2.0239769 1.1620574 2.2027389 1.1362807 0.9796143 2.2653345 2.3582478 2.2874136 1.7756681 2.2627186 2.2796209 1.0176510 1.0153604 1.1380865 0.9958178 1.1470297 1.1380865 1.9224296 2.2249328 2.2249328 2.2302010 2.2326175 2.2048448 1.2609717 1.2525669 3.2959555 
ON860462_Husby_virus                                     1.3250343 0.0000000 1.8636918 1.0532924 1.0433657 2.1811963 1.3483169 2.2836034 1.4413443 2.3590701 2.3201231 1.8298882 1.0241806 1.2839008 2.3190298 2.1441905 2.5052751 2.2578321 2.2632285 2.2997596 1.1083449 2.0393945 2.1045571 1.8424051 2.1798696 1.3443630 1.9798631 1.9844477 2.0465377 1.4197484 1.4249777 1.3558927 1.3532252 1.3482712 1.3357339 1.3475451 1.3597150 1.3474851 1.3354062 1.3455291 1.3419890 1.3509627 2.1264622 1.0918959 1.3418146 1.9142736 1.7205183 1.8161027 1.8039582 1.0920320 1.0702561 1.3602932 1.1321366 1.5846800 2.0970301 1.3556063 1.3414425 1.3414425 1.9865272 1.3493381 2.0729601 1.8048364 1.9374231 1.8004182 1.8116455 1.8241353 1.8581605 1.0581896 2.1822215 1.3442594 1.3330766 2.0413281 2.0673910 2.0369068 1.6396353 2.0429971 1.9808778 1.4242303 1.4201550 1.3415447 1.1928626 1.3526552 1.3415447 1.8700264 2.0720298 2.0720298 2.0673627 2.0691999 2.0650069 1.1463723 1.0931624 2.9128325 
OL700086_Wuhan_Mosquito_Virus_3                          2.0410965 1.8636918 0.0000000 1.8756821 1.8726210 1.1493753 2.0940738 1.7457985 2.1602953 1.9583219 1.9174403 0.9439282 1.8154771 2.0349598 1.7093916 1.5852142 1.7577877 1.8410565 1.8308857 1.8478101 1.9173260 1.2929690 1.3232010 1.3293070 1.1466775 2.1018511 0.7927578 0.7948898 1.2960149 2.0768432 2.0847500 2.1079694 2.1043005 2.1022361 2.0927377 2.1078045 2.0912249 2.0950979 2.0920526 2.1002200 2.0935486 2.1006341 1.3659512 1.8706410 2.1032811 1.3593110 1.3134968 1.3738774 1.3819338 1.8870757 1.9056119 2.1242325 1.9936013 0.8682126 1.3843398 2.0891223 2.1082728 2.1082728 1.0844153 2.0965648 1.3280101 1.3537911 1.5643348 1.2890179 1.3140840 1.3679800 0.0025800 1.8884052 1.1491457 2.1065090 2.3463353 1.2903832 1.2756648 1.2875447 1.1154006 1.2940876 1.3207578 2.0687466 2.0685789 2.0939271 1.9031424 2.0950023 2.0939271 1.1379309 1.2591223 1.2591223 1.2600606 1.2682395 1.2545914 2.0213372 1.9049548 2.3720485 
OL700087_Wuhan_Mosquito_Virus_4                          1.1596843 1.0532924 1.8756821 0.0000000 0.0012998 2.0259069 1.2214791 2.1863094 1.3210337 2.0269042 2.2937402 1.7833885 0.9399228 1.1999310 2.1727666 2.1228139 2.1464292 2.4298095 2.0659854 2.0347049 0.1118660 2.0894935 2.0851760 1.7633405 2.0275638 1.2270136 1.7932438 1.7880737 2.0989520 1.1940155 1.1984674 1.2243519 1.2204445 1.2220543 1.2213623 1.2259022 1.2193581 1.2179215 1.2190704 1.2176382 1.2207165 1.2173663 2.1663057 0.0486443 1.2230137 1.8687495 1.7154835 1.9120918 1.9097421 0.0413191 0.0144897 1.2630051 0.6706656 1.7539281 2.1876792 1.2435506 1.2394721 1.2394721 2.0055918 1.2446871 2.1586033 1.8483048 1.9712138 1.8384362 1.6768687 1.7934598 1.8716188 0.0000010 2.0260577 1.2317314 1.1860048 2.1142045 2.1530826 2.1133312 1.6380153 2.1118317 2.0591025 1.1965787 1.1940797 1.2220449 1.0443776 1.2320062 1.2220449 1.8524128 1.9526270 1.9526270 1.9624627 1.9672539 1.9271005 0.1000137 0.1138678 2.8541560 
OL700088_Wuhan_Mosquito_Virus_4                          1.1494136 1.0433657 1.8726210 0.0012998 0.0000000 2.0227304 1.2095677 2.1863094 1.3084119 2.0422904 2.2937402 1.7754683 0.9312991 1.1946729 2.1733484 2.1196386 2.1478245 2.4298095 2.0688327 2.0499125 0.1135271 2.0863339 2.0819809 1.7603463 2.0243872 1.2150607 1.7902315 1.7850658 2.0957899 1.1857622 1.1901894 1.2124212 1.2085509 1.2101401 1.2094525 1.2139598 1.2074692 1.2060377 1.2071719 1.2057558 1.2088097 1.2054867 2.1561842 0.0472205 1.2110928 1.8656684 1.7125326 1.9089982 1.9066509 0.0427325 0.0158288 1.2508294 0.6685993 1.7539281 2.1876792 1.2314830 1.2274308 1.2274308 1.9858982 1.2326059 2.1487221 1.8452694 1.9680622 1.8353896 1.6739378 1.7904496 1.8685630 0.0012998 2.0228806 1.2197527 1.1843783 2.1110410 2.1493731 2.1101677 1.6380153 2.1086679 2.0556337 1.1883178 1.1858264 1.2101217 1.0443776 1.2199668 1.2101217 1.8418046 1.9495380 1.9495380 1.9593694 1.9641575 1.9240038 0.1037679 0.1155225 2.8293640 
OL700089_Wuhan_Mosquito_Virus_5                          2.2094961 2.1811963 1.1493753 2.0259069 2.0227304 0.0000000 2.2847563 1.8753341 2.3578048 1.9916838 1.9921358 0.9761010 2.0191122 2.2427934 1.7048477 1.6456533 1.9295535 1.9291348 1.9569622 1.7149244 2.0416206 1.0196298 0.9768514 1.2675653 0.0025919 2.2996865 1.2033234 1.1979842 1.0230352 2.0786146 2.0864455 2.3153699 2.3114475 2.2992199 2.2981087 2.3130727 2.3005602 2.3013109 2.2903517 2.2945866 2.2946008 2.3074676 1.0192444 2.1009694 2.2943624 1.2728597 1.3678252 1.2617735 1.2642242 2.0669488 2.0276538 2.3390243 2.1181574 0.7010170 1.0766294 2.2956691 2.3031005 2.3031005 0.7429600 2.2978340 1.0061756 1.2516740 1.6915222 1.2141463 1.1858779 1.2245260 1.1478011 2.0396071 0.0064989 2.3005882 2.2184465 1.0201864 1.0151860 1.0234572 0.7794220 1.0205491 1.0108529 2.0781889 2.0745613 2.2910631 2.2325972 2.2929432 2.2910631 0.8536212 0.9953037 0.9953037 0.9880272 0.9888380 0.9940631 2.2762038 2.0389064 2.5902227 
OL700090_Wuhan_Mosquito_Virus_6                          1.1355569 1.3483169 2.0940738 1.2214791 1.2095677 2.2847563 0.0000000 2.5387170 0.2852195 2.4222996 2.6672127 1.9388658 1.1819236 0.0081315 2.6409099 2.0882538 2.3800312 2.6792863 2.4589088 2.4825014 1.2770417 2.3112522 2.2307096 2.0561512 2.2792380 0.0039219 2.0955099 2.1054907 2.3052537 0.9334695 0.9370863 0.0092204 0.0092175 0.0092012 0.0078814 0.0105573 0.0105657 0.0078833 0.0078624 0.0105241 0.0131753 0.0092025 2.3112701 1.2904168 0.0065697 2.0788012 1.9863561 2.0430498 2.0364498 1.2835059 1.2595038 0.0186475 1.2629020 1.8109284 2.4425454 0.0105393 0.0078784 0.0078784 2.1764777 0.0092145 2.4312651 2.0476956 2.1962249 2.0521499 2.0967340 2.0307670 2.0978608 1.2294637 2.2706520 0.0052373 0.9081901 2.3104690 2.2350169 2.3129649 1.8198471 2.3107191 2.3198396 0.9338369 0.9335506 0.0052362 0.0042108 0.0052594 0.0052362 2.0927938 2.2529203 2.2529203 2.2582697 2.2445013 2.2477411 1.3831449 1.2764348 2.9267945 
OL700153_XiangYun_orthomyxo-like_virus_1                 2.3796848 2.2836034 1.7457985 2.1863094 2.1863094 1.8753341 2.5387170 0.0000000 2.5284519 1.5883792 1.9844383 1.5780518 2.1025332 2.5389992 1.5068403 1.8348158 0.5696616 0.3690989 0.0423914 1.7007687 2.2503282 1.8294597 1.9082049 1.6249863 1.8753341 2.5506213 1.9189522 1.9245746 1.8298861 2.4339433 2.4458994 2.5547011 2.5387685 2.5360785 2.5391427 2.5496832 2.5384356 2.5389992 2.5281527 2.5296025 2.5287009 2.5496325 1.9110040 2.1641592 2.5598544 1.8835798 1.7039057 1.8296849 1.8339005 2.1814769 2.2264608 2.6153197 2.1705623 1.7278265 1.8391201 2.5844190 2.5646506 2.5646506 1.7581901 2.5844190 1.9028359 1.8059768 2.1577863 1.5821648 1.5681320 1.6642861 1.7392430 2.1863094 1.8648792 2.5506213 2.7251923 1.8349055 1.8064683 1.8417077 1.5328326 1.8414152 1.8021777 2.4332372 2.4332372 2.5383570 2.5588975 2.5665175 2.5383570 1.6726455 1.8893760 1.8893760 1.8831035 1.8831035 1.8872512 2.1149851 2.2017577 2.6589145 
OL700154_XiangYun_orthomyxo-like_virus_2                 1.1544934 1.4413443 2.1602953 1.3210337 1.3084119 2.3578048 0.2852195 2.5284519 0.0000000 2.4095615 2.7792254 1.8775651 1.2679659 0.2805875 2.5526892 2.1616403 2.3345054 2.6047283 2.4259308 2.4345607 1.3695072 2.3632700 2.3267766 1.9854421 2.3521339 0.2876430 2.0454979 2.0445987 2.3617633 0.9802951 0.9840087 0.2906898 0.2903328 0.2874599 0.2904294 0.2865092 0.2929266 0.2880204 0.2870519 0.2895508 0.2877511 0.2890691 2.4129825 1.3082629 0.2893978 2.1547041 1.9985743 1.9827178 1.9783064 1.3328606 1.3326765 0.2987152 1.2858558 1.8436103 2.5308875 0.2959143 0.2927778 0.2927778 2.2577690 0.2938001 2.4399411 2.1128309 2.2227246 2.0147719 2.0546488 2.0276331 2.1642297 1.3295218 2.3534427 0.2856176 0.8687532 2.3697495 2.2991573 2.3723054 1.9155435 2.3699980 2.3527769 0.9813418 0.9803695 0.2854759 0.2332056 0.2870644 0.2854759 2.1287143 2.2902916 2.2902916 2.2898264 2.3046741 2.2729453 1.6298138 1.3497168 3.0602505 
OL700156_XiangYun_orthomyxo-like_virus_4                 2.3789722 2.3590701 1.9583219 2.0269042 2.0422904 1.9916838 2.4222996 1.5883792 2.4095615 0.0000000 1.8515859 1.6378312 2.2278025 2.3963898 0.6752985 1.9675577 1.5798691 1.6731602 1.6431375 0.3790381 2.0420223 1.9417873 2.0089331 1.7696075 1.9891549 2.4408096 1.9138682 1.9204657 1.9438074 2.3208346 2.3299301 2.4305413 2.4367868 2.4334831 2.4482008 2.4371664 2.4340399 2.4345170 2.4479857 2.4311472 2.4461911 2.4426504 2.1972975 2.0878537 2.4405363 1.6108487 1.7500959 1.8410658 1.8313116 2.0742733 2.0411965 2.4693157 2.2771224 1.6036550 1.9606917 2.4442490 2.4442490 2.4442490 1.7776133 2.4442490 2.1304631 1.5666542 1.9858780 1.4821754 1.6884537 1.7622449 1.9542667 2.0408399 1.9918224 2.4464846 2.5365931 1.9508384 2.0420806 1.9550187 1.6343810 1.9485232 1.9479231 2.3243951 2.3202910 2.4314014 2.5009203 2.4524481 2.4314014 1.7544177 2.0376212 2.0376212 2.0316727 2.0353617 2.0339403 1.6391708 2.0138630 2.5663432 
OL700157_XiangYun_orthomyxo-like_virus_5                 2.3782336 2.3201231 1.9174403 2.2937402 2.2937402 1.9921358 2.6672127 1.9844383 2.7792254 1.8515859 0.0000000 1.8389542 2.2571877 2.6846313 1.7080929 1.8317138 2.0507051 2.0038207 1.9926681 1.8205758 2.4428582 2.3996999 2.2556260 1.8465377 1.9921358 2.6761435 2.0387362 2.0478668 2.4016135 2.4947025 2.5076563 2.6920544 2.7008311 2.6858448 2.6847777 2.7121509 2.6956376 2.6846313 2.6786356 2.6825143 2.6739807 2.6846313 2.4699109 2.3462420 2.6700841 1.8803172 1.7655999 1.8407112 1.8475227 2.3092999 2.3311007 2.7520976 2.5702478 1.8596654 2.4053577 2.6763077 2.6763077 2.6763077 2.0822596 2.6763077 2.3276976 1.6276871 2.3025641 1.7313490 1.7549483 1.8060198 1.8979797 2.2937402 2.0081517 2.6761435 2.4761719 2.4094881 2.3843747 2.4038258 1.8147483 2.4098210 2.4160728 2.4805155 2.4805155 2.6693891 2.8318867 2.7014555 2.6693891 2.0732543 2.3076766 2.3076766 2.3102673 2.3102673 2.3073868 2.9296248 2.4145841 3.0409320 
ON059763_Byreldi_virus                                   1.9001874 1.8298882 0.9439282 1.7833885 1.7754683 0.9761010 1.9388658 1.5780518 1.8775651 1.6378312 1.8389542 0.0000000 1.6616568 1.9601736 1.4235829 1.5439074 1.5446424 1.7297742 1.6238828 1.5120437 1.8186531 1.0848913 1.1940621 1.1501107 0.9783491 1.9512303 0.9986393 1.0026763 1.0865991 1.9538416 1.9614292 1.9537091 1.9541893 1.9463213 1.9434434 1.9555332 1.9513544 1.9454903 1.9428749 1.9421944 1.9472025 1.9506962 1.2240614 1.8139779 1.9564453 1.0895397 1.1210309 1.1608807 1.1564991 1.7999158 1.7980390 1.9734930 1.8389516 0.8556818 1.1421384 1.9597476 1.9515924 1.9515924 0.9743629 1.9597476 1.1406628 1.0843649 1.6151258 1.1068376 1.1162556 1.1337400 0.9426071 1.7833885 0.9776405 1.9556062 2.0358101 1.0942833 1.1002290 1.0966252 0.8513048 1.0976262 1.0849754 1.9614448 1.9614448 1.9477039 1.8801424 1.9482352 1.9477039 0.9953635 1.1283113 1.1283113 1.1271465 1.1204824 1.1143372 1.9511137 1.7969035 2.3494624 
ON059769_Byreska_virus                                   1.1045923 1.0241806 1.8154771 0.9399228 0.9312991 2.0191122 1.1819236 2.1025332 1.2679659 2.2278025 2.2571877 1.6616568 0.0000000 1.1752110 2.1939638 1.8592158 2.0742252 2.1626624 2.0325741 2.1229055 0.9693969 1.9748132 1.8926419 1.5817046 2.0284986 1.1870712 1.8205160 1.8123244 1.9786166 1.1735814 1.1779384 1.2047146 1.1995374 1.1958347 1.1883127 1.2053479 1.2041516 1.1970602 1.1865111 1.1944228 1.2046572 1.1929027 1.9873965 0.9763367 1.1950495 1.6951424 1.6471967 1.6790859 1.6677407 0.9433006 0.9521542 1.2040306 0.9111316 1.7046865 2.0912369 1.1900210 1.1822635 1.1822635 1.7685796 1.1844565 1.9627283 1.5656123 1.9496630 1.8562076 1.4837759 1.5488995 1.8131411 0.9373457 2.0247187 1.1916439 1.1480208 1.9717356 1.9846750 1.9858010 1.5279024 1.9719985 1.9714655 1.1774198 1.1738835 1.1850333 1.0803511 1.1945091 1.1850333 1.7221198 1.9073797 1.9073797 1.9015057 1.9078831 1.8960021 0.9515463 0.9702307 2.6644972 
OM817558_Wuhan_Mosquito_Virus_6                          1.0891742 1.2839008 2.0349598 1.1999310 1.1946729 2.2427934 0.0081315 2.5389992 0.2805875 2.3963898 2.6846313 1.9601736 1.1752110 0.0000000 2.6263083 2.0385205 2.3424540 2.6792863 2.3706627 2.4581756 1.2364581 2.3104332 2.2523661 2.0306757 2.2371815 0.0040507 2.0485475 2.0586232 2.3045704 0.8904115 0.8940053 0.0013468 0.0013464 0.0013440 0.0027043 0.0026988 0.0027010 0.0000010 0.0026979 0.0026902 0.0053890 0.0013442 2.2852542 1.2571042 0.0054056 2.0328554 1.9816520 1.9945850 1.9879461 1.2682556 1.2302916 0.0178839 1.2355881 1.8109284 2.4537165 0.0108884 0.0081384 0.0081384 2.1433988 0.0095194 2.4055437 2.0061857 2.1486944 2.0102665 2.0611642 2.0020388 2.0387563 1.1999310 2.2284680 0.0054097 0.9011338 2.3072281 2.2199794 2.3098131 1.8298936 2.3074876 2.3166263 0.8905012 0.8905012 0.0054085 0.0042059 0.0054332 0.0054085 2.1072848 2.2459312 2.2459312 2.2537087 2.2537087 2.2405393 1.3530231 1.2229784 2.9271276 
MW784015_Xinjiang_sediment_orthomyxo-like_virus_4        2.4488006 2.3190298 1.7093916 2.1727666 2.1733484 1.7048477 2.6409099 1.5068403 2.5526892 0.6752985 1.7080929 1.4235829 2.1939638 2.6263083 0.0000000 1.8331981 1.5055951 1.7103394 1.5988096 0.6524721 2.2381716 1.8017282 1.8673032 1.7245880 1.7099526 2.6609764 1.7467323 1.7526950 1.8069934 2.3825826 2.3917114 2.6658520 2.6552736 2.6504108 2.6607855 2.6675101 2.6524095 2.6528289 2.6696045 2.6479185 2.6628689 2.6477873 1.8973593 2.2079485 2.6742696 1.4943744 1.5747100 1.6247127 1.6227971 2.1294935 2.2021008 2.7124924 2.3743182 1.4191316 1.8377625 2.6935125 2.6821204 2.6821204 1.6552402 2.6935125 1.8322363 1.5093223 2.1982310 1.4638960 1.6446247 1.6987955 1.6964513 2.1825144 1.7092588 2.6703709 2.5632042 1.8153161 1.8169023 1.8184036 1.5312358 1.8155918 1.8551185 2.3822699 2.3820403 2.6507648 2.7008411 2.6747256 2.6507648 1.6163943 1.8028678 1.8028678 1.8080137 1.8124334 1.7993262 1.9926855 2.2234850 2.5161952 
MW784019_Xinjiang_sediment_orthomyxo-like_virus_5        2.3761131 2.1441905 1.5852142 2.1228139 2.1196386 1.6456533 2.0882538 1.8348158 2.1616403 1.9675577 1.8317138 1.5439074 1.8592158 2.0385205 1.8331981 0.0000000 2.0420010 1.9152469 1.8816325 1.9995918 2.0446253 1.8331643 1.9270715 1.4328184 1.6430815 2.1016711 1.7362605 1.7421675 1.8434046 2.4082460 2.4174611 2.1091133 2.1080003 2.0980531 2.1093802 2.1142309 2.0983759 2.0988977 2.0967610 2.0938072 2.0931206 2.1055716 1.9515921 2.1623514 2.0958061 1.5260465 1.4515296 1.4182420 1.4237533 2.1337008 2.1564468 2.1175997 2.3158351 1.4777315 1.8613254 2.1033278 2.1066040 2.1066040 1.6140011 2.1057431 1.8546697 1.4646277 1.7332713 1.3975273 1.4816259 1.5004797 1.5817263 2.1368428 1.6415395 2.1089269 2.4444593 1.8383936 1.8334337 1.8438023 1.3701087 1.8386663 1.8613913 2.4100957 2.4075066 2.1026895 1.9816794 2.1187623 2.1026895 1.4685310 1.7614846 1.7614846 1.7665046 1.7724622 1.7566588 2.4368858 2.0174513 2.7747763 
MW784025_Henan_sediment_orthomyxo-like_virus             2.4033246 2.5052751 1.7577877 2.1464292 2.1478245 1.9295535 2.3800312 0.5696616 2.3345054 1.5798691 2.0507051 1.5446424 2.0742252 2.3424540 1.5055951 2.0420010 0.0000000 0.6541805 0.6298563 1.7602933 2.1492570 1.9601127 1.9030223 1.5741216 1.9206832 2.3922839 1.9140937 1.9132023 1.9553241 2.3406743 2.3497168 2.3806573 2.3716932 2.3655140 2.3851239 2.3703163 2.3790449 2.3718928 2.3807227 2.3632721 2.3747620 2.3796564 1.8706321 2.1134227 2.3955830 1.7025840 1.6152732 1.7094841 1.7057908 2.1063054 2.1548018 2.4131800 2.0857021 1.7606671 1.9757191 2.4020639 2.3978838 2.3978838 1.8126123 2.4020639 1.9127374 1.7055167 2.1084989 1.5441182 1.5096079 1.5984474 1.7555377 2.1487080 1.9225324 2.3849046 2.4588995 1.9562618 1.9277574 1.9601908 1.4540102 1.9508470 1.9458794 2.3459006 2.3452041 2.3832193 2.4305697 2.4032612 2.3832193 1.6933775 1.8982767 1.8982767 1.8996505 1.9070108 1.8864465 1.9846005 2.1536647 2.8719435 
MW784026_Xinjiang_sediment_orthomyxo-like_virus_2        2.4483280 2.2578321 1.8410565 2.4298095 2.4298095 1.9291348 2.6792863 0.3690989 2.6047283 1.6731602 2.0038207 1.7297742 2.1626624 2.6792863 1.7103394 1.9152469 0.6541805 0.0000000 0.3662645 1.7508345 2.5705442 1.9802703 2.0323081 1.6167974 1.9291348 2.6792863 2.0174750 2.0174750 1.9779191 2.6785371 2.6952935 2.6739404 2.6790201 2.6762318 2.6792863 2.6832737 2.6716496 2.6792863 2.6707556 2.6677499 2.6656354 2.6792863 2.1019383 2.4305766 2.6792863 1.8765967 1.6651778 1.7148410 1.7153811 2.3840084 2.4045602 2.7036937 2.5110839 1.7085848 1.9783854 2.6686908 2.6686908 2.6686908 1.8187534 2.6686908 2.1282891 1.6435143 2.1747543 1.5593333 1.6054997 1.6543446 1.8289002 2.4298095 1.9408189 2.6792863 2.9850196 1.9809110 1.8758093 1.9865176 1.3308622 1.9721636 1.9103163 2.6826348 2.6826348 2.6631933 3.1426111 2.7012063 2.6631933 2.0180491 2.0488854 2.0488854 2.0403462 2.0403462 2.0431092 1.7449718 2.5213345 2.8282394 
MW784029_Heilongjiang_sediment_orthomyxo-like_virus      2.2788125 2.2632285 1.8308857 2.0659854 2.0688327 1.9569622 2.4589088 0.0423914 2.4259308 1.6431375 1.9926681 1.6238828 2.0325741 2.3706627 1.5988096 1.8816325 0.6298563 0.3662645 0.0000000 1.8571406 2.1674326 1.8907578 1.9823055 1.6592349 1.9543348 2.4601608 1.9576240 1.9596786 1.8910957 2.3665339 2.3756326 2.4562615 2.4441578 2.4421278 2.4514630 2.4429398 2.4438836 2.4443490 2.4431157 2.4372030 2.4285177 2.4523570 1.9848839 2.0910513 2.4636165 1.7657981 1.7003212 1.8427400 1.8425950 2.0925251 2.0950450 2.5082875 2.1217107 1.7281247 1.8735418 2.4771925 2.4657427 2.4657427 1.8304336 2.4806288 1.9115458 1.7404262 2.0585240 1.6119657 1.6256789 1.6949949 1.8255078 2.0682808 1.9457143 2.4572344 2.5058576 1.8986591 1.8731008 1.9041403 1.5157320 1.8985209 1.8787757 2.3700792 2.3659926 2.4508555 2.3474104 2.4717641 2.4508555 1.6110971 1.9148287 1.9148287 1.9094996 1.9129689 1.9152067 2.1405506 2.1108777 2.6984224 
MW784032_Yunnan_sediment_orthomyxo-like_virus            2.5015354 2.2997596 1.8478101 2.0347049 2.0499125 1.7149244 2.4825014 1.7007687 2.4345607 0.3790381 1.8205758 1.5120437 2.1229055 2.4581756 0.6524721 1.9995918 1.7602933 1.7508345 1.8571406 0.0000000 2.1374577 1.8597460 1.8659131 1.6438914 1.7194650 2.5013840 1.8465064 1.8381128 1.8645596 2.3523523 2.3614489 2.4872160 2.4935791 2.4894671 2.4947624 2.4962817 2.4908104 2.4912715 2.4936772 2.4843865 2.5020829 2.4870527 2.0957219 2.1415227 2.4954182 1.6342467 1.5667999 1.7168161 1.7102173 2.0552068 2.0770642 2.5283696 2.3294502 1.4376960 1.9454202 2.5071786 2.5088119 2.5088119 1.6395315 2.5071786 2.0111621 1.5099725 1.9980213 1.4956631 1.5498247 1.6642129 1.8439245 2.0485763 1.7289904 2.5071958 2.5464757 1.8640494 1.9372858 1.8665443 1.6017081 1.8643221 1.8917322 2.3545313 2.3518104 2.4917827 2.5631300 2.5135621 2.4917827 1.6054909 1.8311589 1.8311589 1.8375813 1.8420891 1.8188039 1.7069519 2.1487938 2.5486275 
MW317143_Orthomyxoviridae_sp.                            1.2506646 1.1083449 1.9173260 0.1118660 0.1135271 2.0416206 1.2770417 2.2503282 1.3695072 2.0420223 2.4428582 1.8186531 0.9693969 1.2364581 2.2381716 2.0446253 2.1492570 2.5705442 2.1674326 2.1374577 0.0000000 2.1498865 2.1987654 1.7691762 2.0357364 1.2768984 1.8566396 1.8512527 2.1595920 1.2283496 1.2329258 1.2786471 1.2745638 1.2762718 1.2710516 1.2779453 1.2734526 1.2719881 1.2687059 1.2751001 1.2770699 1.2714140 2.1819467 0.1244583 1.2727561 1.8927962 1.7919113 1.9776804 1.9732380 0.1249828 0.1201850 1.2969473 0.6982868 1.8715581 2.2641138 1.2826683 1.2784950 1.2784950 2.0794433 1.2838510 2.1570837 1.8810246 2.1198017 1.9270315 1.7569045 1.7943352 1.9131283 0.1116346 2.0342376 1.2817368 1.2503917 2.1751918 2.2304231 2.1743020 1.6803664 2.1754457 2.1316859 1.2309570 1.2284146 1.2717919 1.1109932 1.2822688 1.2717919 1.9575408 2.0463258 2.0463258 2.0566200 2.0587473 2.0147540 0.0129538 0.0213923 3.0298616 
OL343761_Palmetto_orthomyxo-like_virus                   2.2589286 2.0393945 1.2929690 2.0894935 2.0863339 1.0196298 2.3112522 1.8294597 2.3632700 1.9417873 2.3996999 1.0848913 1.9748132 2.3104332 1.8017282 1.8331643 1.9601127 1.9802703 1.8907578 1.8597460 2.1498865 0.0000000 0.2459523 1.3790613 1.0204949 2.3230332 1.3366522 1.3357957 0.0025833 2.2927034 2.3014961 2.3202283 2.3163019 2.3052039 2.3125161 2.3018085 2.2988224 2.3061494 2.3085779 2.3030354 2.3017962 2.3017357 0.2216201 2.1450122 2.3286743 1.4314003 1.3560197 1.3557013 1.3586208 2.1283628 2.1154308 2.3455150 2.1824903 0.6802770 0.0090802 2.3371938 2.3360090 2.3360090 0.6658055 2.3455594 0.1996065 1.3928904 1.6466825 1.4611484 1.2913642 1.3750638 1.2912377 2.1033377 1.0219156 2.3239482 2.5122061 0.0077837 0.0076123 0.0104254 0.0078998 0.0090894 0.0085432 2.2949521 2.2932487 2.3183922 2.2674419 2.3203885 2.3183922 0.1808944 0.1774010 0.1774010 0.1773570 0.1795663 0.1749896 2.5046212 2.1342482 2.7798163 
BK059432_Aedes_orthomyxo-like_virus_2                    2.1874028 2.1045571 1.3232010 2.0851760 2.0819809 0.9768514 2.2307096 1.9082049 2.3267766 2.0089331 2.2556260 1.1940621 1.8926419 2.2523661 1.8673032 1.9270715 1.9030223 2.0323081 1.9823055 1.8659131 2.1987654 0.2459523 0.0000000 1.4446571 0.9799940 2.2420714 1.3745525 1.3809845 0.2449135 2.2592048 2.2679231 2.2274254 2.2340868 2.2222296 2.2400645 2.2223493 2.2171579 2.2242703 2.2362243 2.2177096 2.2273955 2.2200716 0.3061535 2.1140127 2.2409485 1.4368909 1.3280055 1.4060581 1.4091080 2.1305275 2.1308381 2.2589969 2.1553027 0.6971946 0.2631684 2.2507270 2.2495803 2.2495803 0.7146819 2.2588018 0.2930887 1.3999015 1.7521049 1.4267508 1.3441327 1.4441448 1.3214163 2.0991605 0.9860653 2.2429417 2.4884165 0.2431732 0.2406151 0.2459116 0.1975965 0.2430707 0.2512905 2.2555211 2.2551722 2.2431132 2.1800049 2.2447970 2.2431132 0.2291727 0.2579310 0.2579310 0.2578340 0.2554084 0.2598806 2.4475745 2.1765482 2.8072998 
MW199253_Orthomyxoviridae_sp.                            2.0923693 1.8424051 1.3293070 1.7633405 1.7603463 1.2675653 2.0561512 1.6249863 1.9854421 1.7696075 1.8465377 1.1501107 1.5817046 2.0306757 1.7245880 1.4328184 1.5741216 1.6167974 1.6592349 1.6438914 1.7691762 1.3790613 1.4446571 0.0000000 1.2685471 2.0633617 1.4524010 1.4515470 1.3811967 2.1142083 2.1222308 2.0688827 2.0704717 2.0585463 2.0568399 2.0669191 2.0487536 2.0614706 2.0561895 2.0543342 2.0627088 2.0668783 1.4488069 1.8246395 2.0726546 0.6825209 0.8945070 0.7868090 0.7854728 1.8076199 1.7857687 2.0843262 1.8189123 1.1338361 1.4648528 2.0623038 2.0642772 2.0642772 1.1757120 2.0642772 1.4170274 0.7110240 1.3053441 0.9372488 0.1738993 0.0762405 1.3260807 1.7754457 1.2724501 2.0570225 2.1322382 1.3972844 1.4857246 1.4075328 1.1567403 1.3953683 1.4115110 2.1159437 2.1134821 2.0635605 2.0740008 2.0675330 2.0635605 1.2251462 1.4025411 1.4025411 1.4022251 1.3941723 1.3789906 1.7893705 1.7798244 2.3550832 
MW452276_Wuhan_Mosquito_Virus_5                          2.2033316 2.1798696 1.1466775 2.0275638 2.0243872 0.0025919 2.2792380 1.8753341 2.3521339 1.9891549 1.9921358 0.9783491 2.0284986 2.2371815 1.7099526 1.6430815 1.9206832 1.9291348 1.9543348 1.7194650 2.0357364 1.0204949 0.9799940 1.2685471 0.0000000 2.2941340 1.2037070 1.1983667 1.0239034 2.0727069 2.0805133 2.3097868 2.3058704 2.2936693 2.2925612 2.3074915 2.2950098 2.2957568 2.2848201 2.2890441 2.2890610 2.3018979 1.0264258 2.1027101 2.2888178 1.2751450 1.3681513 1.2557732 1.2582142 2.0721144 2.0293115 2.3333848 2.1170286 0.7010170 1.0766294 2.2901252 2.2975419 2.2975419 0.7428392 2.2922864 1.0125686 1.2496390 1.6866740 1.2114456 1.1886648 1.2210849 1.1451059 2.0412701 0.0038917 2.2950325 2.2171232 1.0210518 1.0161898 1.0243265 0.7794220 1.0214146 1.0118027 2.0722837 2.0686646 2.2855281 2.2325972 2.2873853 2.2855281 0.8533845 0.9984454 0.9984454 0.9911551 0.9919713 0.9972210 2.2596260 2.0330172 2.5982947 
MW452277_Wuhan_Mosquito_Virus_6                          1.1402201 1.3443630 2.1018511 1.2270136 1.2150607 2.2996865 0.0039219 2.5506213 0.2876430 2.4408096 2.6761435 1.9512303 1.1870712 0.0040507 2.6609764 2.1016711 2.3922839 2.6792863 2.4601608 2.5013840 1.2768984 2.3230332 2.2420714 2.0633617 2.2941340 0.0000000 2.1032586 2.1132851 2.3169972 0.9302425 0.9338518 0.0052489 0.0052474 0.0052383 0.0039261 0.0065745 0.0065798 0.0039270 0.0039172 0.0065531 0.0091895 0.0052390 2.3235945 1.2879199 0.0026181 2.0944589 1.9988608 2.0584257 2.0517730 1.2893599 1.2651800 0.0145987 1.2643847 1.8109284 2.4666861 0.0065633 0.0039246 0.0039246 2.1876187 0.0052457 2.4441758 2.0593322 2.2027797 2.0474084 2.1041295 2.0366843 2.1056561 1.2350278 2.2854893 0.0013047 0.9081931 2.3222345 2.2481197 2.3247455 1.8362055 2.3224847 2.3328690 0.9306099 0.9303240 0.0013044 0.0000010 0.0013101 0.0013044 2.1051721 2.2643857 2.2643857 2.2697687 2.2559035 2.2592370 1.3880428 1.2739828 2.9439445 
MW434228_Astopletus_virus                                2.0670397 1.9798631 0.7927578 1.7932438 1.7902315 1.2033234 2.0955099 1.9189522 2.0454979 1.9138682 2.0387362 0.9986393 1.8205160 2.0485475 1.7467323 1.7362605 1.9140937 2.0174750 1.9576240 1.8465064 1.8566396 1.3366522 1.3745525 1.4524010 1.2037070 2.1032586 0.0000000 0.0013019 1.3374278 2.1492952 2.1574510 2.1174476 2.1056130 2.1117240 2.0983264 2.1027840 2.1107898 2.1045892 2.0975283 2.1092826 2.0948791 2.1101244 1.3359869 1.8085586 2.1183827 1.2836310 1.1744363 1.2165380 1.2192067 1.8259545 1.8252579 2.1138231 1.8389605 0.9846400 1.3853635 2.1217068 2.1131634 2.1131634 1.1748146 2.1111883 1.3380668 1.2273207 1.7100645 1.3008629 1.3271634 1.4577457 0.7886688 1.8055131 1.1953846 2.1105798 2.2739863 1.3318304 1.3979621 1.3315640 1.0347092 1.3356236 1.3399951 2.1474849 2.1450926 2.0953647 1.8680076 2.0964407 2.0953647 1.1324800 1.3288228 1.3288228 1.3317832 1.3334862 1.3222818 2.3313446 1.8509468 2.4215475 
MW434229_Astopletus_virus                                2.0768297 1.9844477 0.7948898 1.7880737 1.7850658 1.1979842 2.1054907 1.9245746 2.0445987 1.9204657 2.0478668 1.0026763 1.8123244 2.0586232 1.7526950 1.7421675 1.9132023 2.0174750 1.9596786 1.8381128 1.8512527 1.3357957 1.3809845 1.4515470 1.1983667 2.1132851 0.0013019 0.0000000 1.3365723 2.1515749 2.1597415 2.1275413 2.1156475 2.1217926 2.1083203 2.1050196 2.1208525 2.1146172 2.1075213 2.1193394 2.1048604 2.1201855 1.3344453 1.8032472 2.1285060 1.2896240 1.1787339 1.2194263 1.2221004 1.8205816 1.8199982 2.1239116 1.8336332 0.9846400 1.3843621 2.1318506 2.1232433 2.1232433 1.1734156 2.1212662 1.3430034 1.2258972 1.7140652 1.2951081 1.3263013 1.4568943 0.7907921 1.8003093 1.1900749 2.1206422 2.2730539 1.3309742 1.3969641 1.3307072 1.0347092 1.3347678 1.3390518 2.1497616 2.1473673 2.1053513 1.8680076 2.1064671 2.1053513 1.1324800 1.3275176 1.3275176 1.3304755 1.3321765 1.3209750 2.3313446 1.8455931 2.4191944 
MW434249_Guadeloupe_mosquito_quaranja-like_virus_1       2.2645423 2.0465377 1.2960149 2.0989520 2.0957899 1.0230352 2.3052537 1.8298861 2.3617633 1.9438074 2.4016135 1.0865991 1.9786166 2.3045704 1.8069934 1.8434046 1.9553241 1.9779191 1.8910957 1.8645596 2.1595920 0.0025833 0.2449135 1.3811967 1.0239034 2.3169972 1.3374278 1.3365723 0.0000000 2.2937810 2.3025781 2.3145382 2.3106194 2.2995513 2.3068468 2.2961614 2.2931849 2.3004941 2.3029182 2.2973872 2.2961517 2.2960889 0.2178598 2.1548728 2.3226177 1.4346175 1.3581759 1.3582249 1.3611492 2.1381487 2.1249741 2.3394146 2.1879604 0.6802770 0.0060422 2.3311172 2.3299358 2.3299358 0.6662236 2.3394585 0.2033066 1.3975186 1.6498271 1.4651315 1.2944133 1.3771859 1.2942812 2.1128398 1.0253292 2.3179083 2.5127930 0.0051821 0.0060842 0.0078066 0.0052580 0.0064820 0.0056853 2.2960305 2.2943265 2.3123635 2.2579452 2.3143337 2.3123635 0.1787197 0.1774295 0.1774295 0.1773855 0.1795951 0.1750179 2.5216741 2.1438936 2.7827455 
MW434314_Usinis_virus                                    1.0155476 1.4197484 2.0768432 1.1940155 1.1857622 2.0786146 0.9334695 2.4339433 0.9802951 2.3208346 2.4947025 1.9538416 1.1735814 0.8904115 2.3825826 2.4082460 2.3406743 2.6785371 2.3665339 2.3523523 1.2283496 2.2927034 2.2592048 2.1142083 2.0727069 0.9302425 2.1492952 2.1515749 2.2937810 0.0000000 0.0013061 0.9316742 0.9297132 0.9287592 0.9250008 0.9187745 0.9313452 0.9254929 0.9248730 0.9280413 0.9312328 0.9286864 2.2691286 1.2198664 0.9327062 2.0194201 1.9346491 1.9780671 1.9648363 1.2301108 1.2005345 0.9511247 1.3210565 1.8006310 2.3433341 0.9419849 0.9316083 0.9316083 2.0533548 0.9374894 2.2536018 1.9803703 2.1837316 1.9832176 2.0120677 2.0573365 2.0756033 1.2009276 2.0703962 0.9324969 0.5237529 2.2883260 2.3547989 2.2787814 1.7604966 2.2856849 2.2806809 0.0039269 0.0026154 0.9261878 0.8280070 0.9330458 0.9261878 1.9531260 2.1694495 2.1694495 2.1707913 2.1577171 2.1417849 1.4376029 1.2314700 3.0144551 
MW434320_Usinis_virus                                    1.0194138 1.4249777 2.0847500 1.1984674 1.1901894 2.0864455 0.9370863 2.4458994 0.9840087 2.3299301 2.5076563 1.9614292 1.1779384 0.8940053 2.3917114 2.4174611 2.3497168 2.6952935 2.3756326 2.3614489 1.2329258 2.3014961 2.2679231 2.1222308 2.0805133 0.9338518 2.1574510 2.1597415 2.3025781 0.0013061 0.0000000 0.9352863 0.9333177 0.9323614 0.9285962 0.9223471 0.9349532 0.9290857 0.9284668 0.9316388 0.9348415 0.9322877 2.2781863 1.2244941 0.9363229 2.0270154 1.9418496 1.9854716 1.9721857 1.2347688 1.2050079 0.9547949 1.3259628 1.8133450 2.3539666 0.9456320 0.9352229 0.9352229 2.0610525 0.9411217 2.2624562 1.9878188 2.1921359 1.9906597 2.0196567 2.0651016 2.0835046 1.2054021 2.0781913 0.9361116 0.5261850 2.2971011 2.3653716 2.2875163 1.7738641 2.2944497 2.2903270 0.0052389 0.0039254 0.9297870 0.8331986 0.9366792 0.9297870 1.9627689 2.1777142 2.1777142 2.1790613 2.1659232 2.1499614 1.4508689 1.2360564 3.0270507 
MW434421_Wuhan_Mosquito_Virus_6                          1.1453630 1.3558927 2.1079694 1.2243519 1.2124212 2.3153699 0.0092204 2.5547011 0.2906898 2.4305413 2.6920544 1.9537091 1.2047146 0.0013468 2.6658520 2.1091133 2.3806573 2.6739404 2.4562615 2.4872160 1.2786471 2.3202283 2.2274254 2.0688827 2.3097868 0.0052489 2.1174476 2.1275413 2.3145382 0.9316742 0.9352863 0.0000000 0.0026173 0.0026128 0.0039420 0.0039343 0.0039375 0.0013058 0.0039331 0.0039223 0.0065471 0.0026131 2.3180124 1.2791077 0.0079142 2.0968921 2.0029622 2.0717063 2.0650115 1.2865286 1.2624413 0.0187080 1.2673655 1.8109284 2.4715375 0.0119027 0.0092270 0.0092270 2.1782250 0.0105716 2.4390806 2.0557359 2.1906564 2.0618951 2.1161537 2.0421100 2.1117879 1.2323502 2.3010889 0.0065727 0.9188566 2.3197737 2.2295735 2.3222829 1.8298936 2.3200240 2.3145880 0.9320415 0.9317554 0.0065712 0.0063354 0.0066005 0.0065712 2.1209907 2.2570856 2.2570856 2.2624457 2.2486460 2.2519189 1.3818238 1.2712253 2.9371817 
MW434422_Wuhan_Mosquito_Virus_6                          1.1430017 1.3532252 2.1043005 1.2204445 1.2085509 2.3114475 0.0092175 2.5387685 0.2903328 2.4367868 2.7008311 1.9541893 1.1995374 0.0013464 2.6552736 2.1080003 2.3716932 2.6790201 2.4441578 2.4935791 1.2745638 2.3163019 2.2340868 2.0704717 2.3058704 0.0052474 2.1056130 2.1156475 2.3106194 0.9297132 0.9333177 0.0026173 0.0000000 0.0026120 0.0039409 0.0039332 0.0039363 0.0013054 0.0039320 0.0039211 0.0065452 0.0026124 2.3139109 1.2749583 0.0079117 2.0974951 1.9968518 2.0705811 2.0638845 1.2823596 1.2584111 0.0187015 1.2618456 1.8258890 2.4666276 0.0118988 0.0092241 0.0092241 2.1789170 0.0105682 2.4348679 2.0641931 2.1962350 2.0607527 2.1124788 2.0436766 2.1081132 1.2284169 2.2971834 0.0065707 0.9169448 2.3158511 2.2409047 2.3183570 1.8298936 2.3161016 2.3258122 0.9300802 0.9297947 0.0065692 0.0063323 0.0065985 0.0065692 2.1195091 2.2560157 2.2560157 2.2613777 2.2475740 2.2508412 1.3818238 1.2671659 2.9387800 
MW434423_Wuhan_Mosquito_Virus_6                          1.1418962 1.3482712 2.1022361 1.2220543 1.2101401 2.2992199 0.0092012 2.5360785 0.2874599 2.4334831 2.6858448 1.9463213 1.1958347 0.0013440 2.6504108 2.0980531 2.3655140 2.6762318 2.4421278 2.4894671 1.2762718 2.3052039 2.2222296 2.0585463 2.2936693 0.0052383 2.1117240 2.1217926 2.2995513 0.9287592 0.9323614 0.0026128 0.0026120 0.0000000 0.0039341 0.0039264 0.0039295 0.0013032 0.0039252 0.0013030 0.0065338 0.0026078 2.3115578 1.2766942 0.0078977 2.0892468 1.9929994 2.0608314 2.0541730 1.2841073 1.2600893 0.0186683 1.2587970 1.8109284 2.4525124 0.0118777 0.0092077 0.0092077 2.1767908 0.0105495 2.4324352 2.0537708 2.1856675 2.0503290 2.1039900 2.0356391 2.1060446 1.2300410 2.2850279 0.0065581 0.9126814 2.3047648 2.2295735 2.3072578 1.8298936 2.3050154 2.3135429 0.9291262 0.9288408 0.0065567 0.0063143 0.0065858 0.0065567 2.1167667 2.2538125 2.2538125 2.2591693 2.2453811 2.2486311 1.3818238 1.2688594 2.9228029 
MW434424_Wuhan_Mosquito_Virus_6                          1.1390726 1.3357339 2.0927377 1.2213623 1.2094525 2.2981087 0.0078814 2.5391427 0.2904294 2.4482008 2.6847777 1.9434434 1.1883127 0.0027043 2.6607855 2.1093802 2.3851239 2.6792863 2.4514630 2.4947624 1.2710516 2.3125161 2.2400645 2.0568399 2.2925612 0.0039261 2.0983264 2.1083203 2.3068468 0.9250008 0.9285962 0.0039420 0.0039409 0.0039341 0.0000000 0.0052670 0.0052713 0.0026216 0.0026151 0.0052496 0.0078878 0.0039346 2.3203367 1.2819399 0.0065770 2.0872057 1.9914241 2.0604521 2.0537939 1.2833779 1.2593814 0.0186675 1.2574590 1.8109284 2.4538508 0.0105508 0.0078870 0.0078870 2.1812048 0.0092245 2.4415270 2.0505802 2.1850143 2.0471345 2.0985433 2.0302401 2.0965262 1.2293458 2.2839250 0.0052430 0.9119452 2.3120695 2.2367257 2.3145697 1.8298936 2.3123199 2.3216206 0.9253681 0.9250830 0.0052418 0.0042059 0.0052651 0.0052418 2.1072848 2.2620316 2.2620316 2.2674077 2.2535625 2.2568766 1.3821503 1.2681485 2.9307716 
MW434425_Wuhan_Mosquito_Virus_6                          1.1419232 1.3475451 2.1078045 1.2259022 1.2139598 2.3130727 0.0105573 2.5496832 0.2865092 2.4371664 2.7121509 1.9555332 1.2053479 0.0026988 2.6675101 2.1142309 2.3703163 2.6832737 2.4429398 2.4962817 1.2779453 2.3018085 2.2223493 2.0669191 2.3074915 0.0065745 2.1027840 2.1050196 2.2961614 0.9187745 0.9223471 0.0039343 0.0039332 0.0039264 0.0052670 0.0000000 0.0052607 0.0026164 0.0052548 0.0052393 0.0078720 0.0039269 2.3149785 1.2657713 0.0092504 2.1066599 2.0015000 2.0585614 2.0519095 1.2858163 1.2534257 0.0187456 1.2610808 1.8311964 2.4483080 0.0132498 0.0105648 0.0105648 2.1798479 0.0119152 2.4424873 2.0650628 2.1937444 2.0424383 2.1088531 2.0401719 2.1116230 1.2339090 2.2987975 0.0079019 0.9149051 2.3013727 2.2260174 2.3038633 1.8298936 2.3016235 2.3097962 0.9191410 0.9188575 0.0079002 0.0063352 0.0079355 0.0079002 2.1186539 2.2570150 2.2570150 2.2623799 2.2485681 2.2518434 1.3818238 1.2705238 2.9405516 
MW434426_Wuhan_Mosquito_Virus_6                          1.1448380 1.3597150 2.0912249 1.2193581 1.2074692 2.3005602 0.0105657 2.5384356 0.2929266 2.4340399 2.6956376 1.9513544 1.2041516 0.0027010 2.6524095 2.0983759 2.3790449 2.6716496 2.4438836 2.4908104 1.2734526 2.2988224 2.2171579 2.0487536 2.2950098 0.0065798 2.1107898 2.1208525 2.2931849 0.9313452 0.9349532 0.0039375 0.0039363 0.0039295 0.0052713 0.0052607 0.0000000 0.0026185 0.0052591 0.0052435 0.0078783 0.0039300 2.2956599 1.2738293 0.0092579 2.0879030 1.9837418 2.0611320 2.0544696 1.2812284 1.2573077 0.0200970 1.2607326 1.8046546 2.4444708 0.0132603 0.0105732 0.0105732 2.1656674 0.0119247 2.4158953 2.0612651 2.1884278 2.0578242 2.1094713 2.0222965 2.0950105 1.2273270 2.2863682 0.0079083 0.9185459 2.2983898 2.2295735 2.3008763 1.8298936 2.2986407 2.3064943 0.9317122 0.9314265 0.0079065 0.0063416 0.0079419 0.0079065 2.0983898 2.2389637 2.2389637 2.2442819 2.2306061 2.2337383 1.3818238 1.2660582 2.9246463 
MW434428_Wuhan_Mosquito_Virus_6                          1.1380466 1.3474851 2.0950979 1.2179215 1.2060377 2.3013109 0.0078833 2.5389992 0.2880204 2.4345170 2.6846313 1.9454903 1.1970602 0.0000010 2.6528289 2.0988977 2.3718928 2.6792863 2.4443490 2.4912715 1.2719881 2.3061494 2.2242703 2.0614706 2.2957568 0.0039270 2.1045892 2.1146172 2.3004941 0.9254929 0.9290857 0.0013058 0.0013054 0.0013032 0.0026216 0.0026164 0.0026185 0.0000000 0.0026156 0.0026084 0.0052247 0.0013033 2.3033102 1.2723414 0.0065785 2.0884271 1.9959054 2.0616585 2.0549967 1.2797381 1.2558521 0.0173276 1.2592647 1.8109284 2.4537165 0.0105534 0.0078889 0.0078889 2.1694078 0.0092268 2.4238221 2.0552088 2.1865661 2.0517672 2.1032482 2.0348228 2.0988905 1.2258865 2.2871090 0.0052442 0.9128136 2.3057092 2.2295735 2.3082033 1.8298936 2.3059599 2.3145880 0.9258598 0.9255750 0.0052430 0.0042059 0.0052663 0.0052430 2.1072848 2.2461232 2.2461232 2.2514587 2.2377319 2.2409201 1.3818238 1.2645967 2.9249960 
MW434429_Wuhan_Mosquito_Virus_6                          1.1363847 1.3354062 2.0920526 1.2190704 1.2071719 2.2903517 0.0078624 2.5281527 0.2870519 2.4479857 2.6786356 1.9428749 1.1865111 0.0026979 2.6696045 2.0967610 2.3807227 2.6707556 2.4431157 2.4936772 1.2687059 2.3085779 2.2362243 2.0561895 2.2848201 0.0039172 2.0975283 2.1075213 2.3029182 0.9248730 0.9284668 0.0039331 0.0039320 0.0039252 0.0026151 0.0052548 0.0052591 0.0026156 0.0000000 0.0052377 0.0078686 0.0039257 2.3280535 1.2795462 0.0065607 2.0801963 1.9908384 2.0569592 2.0503135 1.2809841 1.2570495 0.0186243 1.2614298 1.8109284 2.4488934 0.0105263 0.0078679 0.0078679 2.1916397 0.0092032 2.4495836 2.0504748 2.1848058 2.0570240 2.0948778 2.0301501 2.0958376 1.2270456 2.2762115 0.0052311 0.9129998 2.3081354 2.2365940 2.3106314 1.8298936 2.3083859 2.3172690 0.9252401 0.9249552 0.0052299 0.0063157 0.0052531 0.0052299 2.1026638 2.2581653 2.2581653 2.2635320 2.2497144 2.2529981 1.3818238 1.2658054 2.9282944 
MW434430_Wuhan_Mosquito_Virus_6                          1.1377838 1.3455291 2.1002200 1.2176382 1.2057558 2.2945866 0.0105241 2.5296025 0.2895508 2.4311472 2.6825143 1.9421944 1.1944228 0.0026902 2.6479185 2.0938072 2.3632721 2.6677499 2.4372030 2.4843865 1.2751001 2.3030354 2.2177096 2.0543342 2.2890441 0.0065531 2.1092826 2.1193394 2.2973872 0.9280413 0.9316388 0.0039223 0.0039211 0.0013030 0.0052496 0.0052393 0.0052435 0.0026084 0.0052377 0.0000000 0.0078468 0.0039148 2.3107612 1.2755035 0.0092213 2.0872650 1.9911109 2.0584646 2.0518143 1.2829091 1.2555661 0.0200178 1.2542569 1.7928875 2.4497985 0.0132081 0.0105316 0.0105316 2.1747229 0.0118777 2.4294729 2.0518028 2.1784779 2.0461181 2.1019751 2.0336946 2.1040249 1.2256023 2.2804169 0.0078771 0.9116274 2.3025984 2.2271337 2.3050894 1.8298936 2.3028491 2.3111484 0.9284081 0.9281230 0.0078754 0.0084296 0.0079104 0.0078754 2.1111742 2.2493633 2.2493633 2.2547110 2.2409500 2.2441661 1.3818238 1.2676964 2.9228029 
