26
MW434422_Wuhan_Mosquito_Virus_6             0.0000000 0.0037519 0.0013034 0.0024959 0.0024968 0.0037479 0.0037572 0.0025006 0.0062540 0.0012473 0.0037526 0.0037582 0.0088106 0.0075450 0.0102273 0.0062729 0.0100632 0.0113485 0.0113528 0.0126186 0.0204626 0.0075392 0.0075504 0.0075734 0.0113589 0.3166494 
MW434426_Wuhan_Mosquito_Virus_6             0.0037519 0.0000000 0.0026118 0.0037506 0.0037519 0.0050062 0.0050195 0.0037578 0.0075185 0.0024991 0.0050126 0.0050195 0.0100875 0.0088185 0.0102454 0.0075412 0.0113416 0.0126323 0.0126370 0.0139056 0.0217802 0.0088117 0.0088248 0.0088517 0.0126439 0.3189709 
OM817558_Wuhan_Mosquito_Virus_6             0.0013034 0.0026118 0.0000000 0.0013030 0.0013035 0.0026089 0.0026157 0.0013056 0.0052245 0.0000010 0.0026124 0.0026164 0.0065561 0.0065671 0.0081710 0.0052410 0.0091972 0.0105377 0.0105418 0.0118640 0.0200533 0.0065618 0.0065618 0.0065931 0.0092100 0.3045530 
MW434432_Wuhan_Mosquito_Virus_6             0.0024959 0.0037506 0.0013030 0.0000000 0.0024959 0.0037466 0.0037559 0.0024998 0.0062520 0.0012469 0.0037514 0.0037570 0.0088077 0.0075426 0.0081710 0.0062709 0.0100600 0.0113448 0.0113491 0.0126146 0.0204561 0.0075367 0.0075487 0.0075709 0.0113553 0.3162670 
MW434423_Wuhan_Mosquito_Virus_6             0.0024968 0.0037519 0.0013035 0.0024959 0.0000000 0.0012468 0.0037572 0.0025007 0.0062542 0.0012473 0.0037527 0.0037583 0.0088108 0.0075452 0.0102277 0.0062731 0.0100635 0.0113488 0.0113530 0.0126190 0.0204633 0.0075392 0.0075506 0.0075735 0.0113592 0.3147335 
MW434430_Wuhan_Mosquito_Virus_6             0.0037479 0.0050062 0.0026089 0.0037466 0.0012468 0.0000000 0.0050133 0.0037538 0.0075105 0.0024965 0.0050073 0.0050147 0.0100769 0.0088092 0.0122875 0.0075332 0.0113296 0.0126190 0.0126237 0.0138910 0.0217572 0.0088016 0.0088155 0.0088423 0.0126306 0.3167746 
MW434425_Wuhan_Mosquito_Virus_6             0.0037572 0.0050195 0.0026157 0.0037559 0.0037572 0.0050133 0.0000000 0.0037621 0.0075291 0.0025027 0.0050195 0.0050271 0.0101018 0.0088310 0.0102536 0.0075519 0.0113578 0.0126502 0.0126550 0.0139255 0.0205135 0.0088242 0.0088373 0.0088643 0.0126620 0.3129873 
MW434421_Wuhan_Mosquito_Virus_6             0.0025006 0.0037578 0.0013056 0.0024998 0.0025007 0.0037538 0.0037621 0.0000000 0.0062640 0.0012493 0.0037585 0.0037641 0.0088246 0.0075570 0.0102538 0.0062829 0.0100793 0.0113666 0.0113709 0.0126389 0.0204966 0.0075511 0.0075624 0.0075854 0.0113771 0.3176693 
MW434431_Wuhan_Mosquito_Virus_6             0.0062540 0.0075185 0.0052245 0.0062520 0.0062542 0.0075105 0.0075291 0.0062640 0.0000000 0.0049991 0.0075201 0.0075312 0.0126114 0.0113398 0.0164143 0.0100565 0.0138639 0.0151609 0.0151666 0.0164363 0.0243432 0.0113314 0.0113480 0.0113825 0.0151749 0.3143066 
MW434428_Wuhan_Mosquito_Virus_6             0.0012473 0.0024991 0.0000010 0.0012469 0.0012473 0.0024965 0.0025027 0.0012493 0.0049991 0.0000000 0.0024996 0.0025033 0.0075456 0.0062822 0.0081710 0.0050141 0.0087980 0.0100792 0.0100830 0.0113474 0.0191690 0.0062774 0.0062864 0.0063058 0.0100885 0.3147762 
MW434429_Wuhan_Mosquito_Virus_6             0.0037526 0.0050126 0.0026124 0.0037514 0.0037527 0.0050073 0.0050195 0.0037585 0.0075201 0.0024996 0.0000000 0.0024997 0.0075345 0.0062731 0.0102219 0.0050068 0.0087850 0.0100643 0.0100681 0.0113314 0.0203335 0.0062682 0.0062775 0.0062966 0.0100736 0.3132937 
MW434424_Wuhan_Mosquito_Virus_6             0.0037582 0.0050195 0.0026164 0.0037570 0.0037583 0.0050147 0.0050271 0.0037641 0.0075312 0.0025033 0.0024997 0.0000000 0.0075457 0.0062823 0.0081710 0.0050142 0.0087981 0.0100792 0.0100830 0.0113474 0.0203634 0.0062774 0.0062864 0.0063059 0.0100885 0.3168780 
MW520424_Culex_pipiens_orthomyxo-like_virus 0.0088106 0.0100875 0.0065561 0.0088077 0.0088108 0.0100769 0.0101018 0.0088246 0.0126114 0.0075456 0.0075345 0.0075457 0.0000000 0.0037597 0.0061199 0.0025006 0.0062682 0.0075392 0.0075429 0.0088032 0.0203952 0.0037567 0.0037623 0.0037738 0.0075469 0.3180706 
KM817625_Wuhan_Mosquito_Virus_6             0.0075450 0.0088185 0.0065671 0.0075426 0.0075452 0.0088092 0.0088310 0.0075570 0.0113398 0.0062822 0.0062731 0.0062823 0.0037597 0.0000000 0.0040753 0.0012492 0.0050100 0.0062785 0.0062800 0.0075392 0.0191029 0.0025022 0.0025059 0.0025135 0.0062834 0.3132632 
Wuhan_Mosquito_Virus_6_F1115C44F1120        0.0102273 0.0102454 0.0081710 0.0081710 0.0102277 0.0122875 0.0102536 0.0102538 0.0164143 0.0081710 0.0102219 0.0081710 0.0061199 0.0040753 0.0000000 0.0040753 0.0081779 0.0102623 0.0102686 0.0102623 0.0250241 0.0061282 0.0061282 0.0061735 0.0081914 0.2610831 
MW452277_Wuhan_Mosquito_Virus_6             0.0062729 0.0075412 0.0052410 0.0062709 0.0062731 0.0075332 0.0075519 0.0062829 0.0100565 0.0050141 0.0050068 0.0050142 0.0025006 0.0012492 0.0040753 0.0000000 0.0037488 0.0050105 0.0050123 0.0062677 0.0177876 0.0012482 0.0012500 0.0012538 0.0050150 0.3156136 
MF176271_Wuhan_Mosquito_Virus_6             0.0100632 0.0113416 0.0091972 0.0100600 0.0100635 0.0113296 0.0113578 0.0100793 0.0138639 0.0087980 0.0087850 0.0087981 0.0062682 0.0050100 0.0081779 0.0037488 0.0000000 0.0012498 0.0012503 0.0025015 0.0165118 0.0050061 0.0050135 0.0050288 0.0087995 0.3198208 
MF176360_Wuhan_Mosquito_Virus_6             0.0113485 0.0126323 0.0105377 0.0113448 0.0113488 0.0126190 0.0126502 0.0113666 0.0151609 0.0100792 0.0100643 0.0100792 0.0075392 0.0062785 0.0102623 0.0050105 0.0012498 0.0000000 0.0025064 0.0012484 0.0178258 0.0062728 0.0062821 0.0063012 0.0100809 0.3206792 
MF176320_Wuhan_Mosquito_Virus_6             0.0113528 0.0126370 0.0105418 0.0113491 0.0113530 0.0126237 0.0126550 0.0113709 0.0151666 0.0100830 0.0100681 0.0100830 0.0075429 0.0062800 0.0102686 0.0050123 0.0012503 0.0025064 0.0000000 0.0037621 0.0178327 0.0062751 0.0062844 0.0063036 0.0100847 0.3198208 
MF176249_Wuhan_Mosquito_Virus_6             0.0126186 0.0139056 0.0118640 0.0126146 0.0126190 0.0138910 0.0139255 0.0126389 0.0164363 0.0113474 0.0113314 0.0113474 0.0088032 0.0075392 0.0102623 0.0062677 0.0025015 0.0012484 0.0037621 0.0000000 0.0191129 0.0075328 0.0075440 0.0075678 0.0113493 0.3227330 
MK440648_Wuhan_Mosquito_Virus_6             0.0204626 0.0217802 0.0200533 0.0204561 0.0204633 0.0217572 0.0205135 0.0204966 0.0243432 0.0191690 0.0203335 0.0203634 0.0203952 0.0191029 0.0250241 0.0177876 0.0165118 0.0178258 0.0178327 0.0191129 0.0000000 0.0190874 0.0191161 0.0191756 0.0230064 0.3287303 
Wuhan_Mosquito_Virus_6_F1115C44F1115        0.0075392 0.0088117 0.0065618 0.0075367 0.0075392 0.0088016 0.0088242 0.0075511 0.0113314 0.0062774 0.0062682 0.0062774 0.0037567 0.0025022 0.0061282 0.0012482 0.0050061 0.0062728 0.0062751 0.0075328 0.0190874 0.0000000 0.0000010 0.0000010 0.0062785 0.3132670 
Wuhan_Mosquito_Virus_6_F1115C44F1576        0.0075504 0.0088248 0.0065618 0.0075487 0.0075506 0.0088155 0.0088373 0.0075624 0.0113480 0.0062864 0.0062775 0.0062864 0.0037623 0.0025059 0.0061282 0.0012500 0.0050135 0.0062821 0.0062844 0.0075440 0.0191161 0.0000010 0.0000000 0.0000010 0.0062785 0.3132670 
Wuhan_Mosquito_Virus_6_F1115C44F1422        0.0075734 0.0088517 0.0065931 0.0075709 0.0075735 0.0088423 0.0088643 0.0075854 0.0113825 0.0063058 0.0062966 0.0063059 0.0037738 0.0025135 0.0061735 0.0012538 0.0050288 0.0063012 0.0063036 0.0075678 0.0191756 0.0000010 0.0000010 0.0000000 0.0063070 0.3150551 
OL700090_Wuhan_Mosquito_Virus_6             0.0113589 0.0126439 0.0092100 0.0113553 0.0113592 0.0126306 0.0126620 0.0113771 0.0151749 0.0100885 0.0100736 0.0100885 0.0075469 0.0062834 0.0081914 0.0050150 0.0087995 0.0100809 0.0100847 0.0113493 0.0230064 0.0062785 0.0062785 0.0063070 0.0000000 0.3128968 
OL700154_XiangYun_orthomyxo-like_virus_2    0.3166494 0.3189709 0.3045530 0.3162670 0.3147335 0.3167746 0.3129873 0.3176693 0.3143066 0.3147762 0.3132937 0.3168780 0.3180706 0.3132632 0.2610831 0.3156136 0.3198208 0.3206792 0.3198208 0.3227330 0.3287303 0.3132670 0.3132670 0.3150551 0.3128968 0.0000000 
