88
ON860461_Tierp_virus                                     0.0000000 1.3040573 1.9842180 1.1277468 1.1178201 2.1207935 1.1104654 2.2985123 1.1388036 2.3353031 2.3251353 1.8595211 1.0970219 1.0724864 2.3942200 2.3079706 2.3500337 2.4029269 2.2028706 2.4431403 1.2165430 2.1917125 2.1215564 2.0340218 2.1150515 1.1149923 2.0092128 2.0184545 2.1973601 0.9846598 0.9883621 1.1200090 1.1176651 1.1165463 1.1138840 1.1165885 1.1195503 1.1128465 1.1111607 1.1125080 1.1170473 1.1164469 2.1755167 1.1542357 1.1112967 1.9492182 1.8877506 1.9380875 1.9307207 1.1483037 1.1336160 1.1286260 1.1741143 1.8037466 2.1494754 1.1166102 1.1179291 1.1179291 2.0895007 2.1358549 1.8900994 2.1091933 1.9518445 1.9609434 2.0314105 1.9675419 1.1301008 2.1144955 1.1111352 2.1980421 2.2923524 2.2191850 1.7473145 2.1954292 2.2180651 1.1128782 0.9781582 1.1215776 1.1128782 1.8894161 2.1582143 2.1582143 2.1628813 2.1653320 2.1507227 1.2433603 1.2157471 2.5587100 
ON860462_Husby_virus                                     1.3040573 0.0000000 1.8082293 1.0280424 1.0184601 2.0968378 1.3277849 2.2364520 1.4136017 2.3164615 2.2781820 1.7999192 1.0339833 1.2683421 2.2818001 2.0995705 2.4736945 2.2167610 2.2134093 2.2341812 1.0819388 1.9802594 2.0543057 1.8131088 2.0954825 1.3238956 1.9148049 1.9193676 1.9869265 1.3888180 1.3937896 1.3353584 1.3326454 1.3279160 1.3154494 1.3271495 1.3389957 1.3270878 1.3150823 1.3251279 1.3216395 1.3306081 2.0732086 1.0651788 1.3213338 1.8647908 1.6945375 1.7944081 1.7824650 1.0652185 1.0444533 1.3392549 1.1193516 1.5594829 2.0380870 1.3271209 1.3210215 1.3210215 1.9269879 2.0292640 1.7920014 1.9009647 1.7768559 1.7768517 1.7906009 1.8028930 1.0328350 2.0978469 1.3237911 1.9816479 2.0114070 1.9776515 1.6137820 1.9833185 1.9228309 1.3210761 1.1692317 1.3319344 1.3210761 1.8369750 2.0150103 2.0150103 2.0108325 2.0126999 2.0082285 1.1318503 1.0640337 2.6031640 
OL700086_Wuhan_Mosquito_Virus_3                          1.9842180 1.8082293 0.0000000 1.8178558 1.8150784 1.1179486 2.0419376 1.7129280 2.1122497 1.9255676 1.8824383 0.9287030 1.7508617 1.9850653 1.6634056 1.5285100 1.7109367 1.8113895 1.7929456 1.7928926 1.8588753 1.2675800 1.2924921 1.2995782 1.1152096 2.0491278 0.7736921 0.7757485 1.2706416 1.9975232 2.0047423 2.0549779 2.0510855 2.0490547 2.0400985 2.0552089 2.0385868 2.0424557 2.0394183 2.0470440 2.0413154 2.0480094 1.3460098 1.8137606 2.0504369 1.3193896 1.2772713 1.3311280 1.3389704 1.8284054 1.8465674 2.0716648 1.9077595 0.8589171 1.3641826 2.0479010 2.0554295 2.0554295 1.0643398 1.3092160 1.3269207 1.5425834 1.2712879 1.2864632 1.3378160 0.0025915 1.8302415 1.1176831 2.0538372 1.2650477 1.2562194 1.2623299 1.1006693 1.2686227 1.2885007 2.0415669 1.8509009 2.0427328 2.0415669 1.1230638 1.2350107 1.2350107 1.2359760 1.2439843 1.2269133 1.9746101 1.8441977 1.8897624 
OL700087_Wuhan_Mosquito_Virus_4                          1.1277468 1.0280424 1.8178558 0.0000000 0.0013053 1.9628054 1.1941338 2.1606380 1.3212578 1.9926551 2.2493115 1.7854180 0.9246089 1.1760055 2.1337119 2.0760265 2.1249199 2.3856376 2.0390284 1.9993214 0.1121493 2.0414006 2.0538593 1.7506512 1.9644863 1.1995083 1.7410327 1.7359052 2.0504374 1.1580713 1.1622765 1.1969681 1.1931952 1.1945916 1.1940572 1.1984480 1.1921112 1.1906380 1.1917263 1.1902481 1.1933642 1.1900907 2.1170982 0.0488253 1.1955856 1.8233701 1.6927707 1.9012238 1.8983649 0.0414765 0.0145480 1.2346988 0.6564170 1.7257866 2.1339922 1.2104734 1.2115494 1.2115494 1.9509355 2.1215175 1.8255718 1.9355126 1.8450844 1.6536166 1.7808085 1.8138764 0.0000010 1.9630169 1.2040965 2.0647605 2.1008954 2.0638757 1.6158533 2.0623379 2.0178940 1.1946558 1.0280182 1.2043261 1.1946558 1.8221894 1.9126493 1.9126493 1.9226250 1.9274874 1.8925374 0.0999035 0.1141698 2.1560599 
OL700088_Wuhan_Mosquito_Virus_4                          1.1178201 1.0184601 1.8150784 0.0013053 0.0000000 1.9599590 1.1825012 2.1606380 1.3087485 2.0079900 2.2493115 1.7776897 0.9161921 1.1709136 2.1344667 2.0732010 2.1265249 2.3856376 2.0420871 2.0140206 0.1138149 2.0385783 2.0510014 1.7479014 1.9616401 1.1878359 1.7382828 1.7331585 2.0476162 1.1501731 1.1543571 1.1853145 1.1815797 1.1829595 1.1824250 1.1867857 1.1805003 1.1790328 1.1801056 1.1786488 1.1817365 1.1784908 2.1075482 0.0473965 1.1839461 1.8205722 1.6900445 1.8984215 1.8955653 0.0428952 0.0158925 1.2228160 0.6544097 1.7257866 2.1339922 1.1987327 1.1997949 1.1997949 1.9321088 2.1121236 1.8227998 1.9326722 1.8423052 1.6508974 1.7780506 1.8111027 0.0013053 1.9601698 1.1924010 2.0619436 2.0976003 2.0610583 1.6158533 2.0595202 2.0147836 1.1830112 1.0280182 1.1925702 1.1830112 1.8120791 1.9098562 1.9098562 1.9198306 1.9246912 1.8897303 0.1036531 0.1158292 2.1521206 
OL700089_Wuhan_Mosquito_Virus_5                          2.1207935 2.0968378 1.1179486 1.9628054 1.9599590 0.0000000 2.2184581 1.8177224 2.2806255 1.9426313 1.9545346 0.9555910 1.9656787 2.1776600 1.6496992 1.5920107 1.8546364 1.9003976 1.8934024 1.6692869 1.9795917 0.9948187 0.9558383 1.2354713 0.0026040 2.2327097 1.1818537 1.1766618 0.9981719 1.9943239 2.0014865 2.2480618 2.2438789 2.2323625 2.2312337 2.2462220 2.2337456 2.2344469 2.2241505 2.2276988 2.2282805 2.2405931 0.9935884 2.0359719 2.2273374 1.2329021 1.3264954 1.2319706 1.2344063 2.0019038 1.9643885 2.2709027 2.0156749 0.6941187 1.0461287 2.2338913 2.2360673 2.2360673 0.7229643 0.9785872 1.2234523 1.6582746 1.2036008 1.1606015 1.1922555 1.1163873 1.9761659 0.0065291 2.2336246 0.9952846 0.9859880 0.9984950 0.7711035 0.9956603 0.9870656 2.2245436 2.1557085 2.2264619 2.2245436 0.8445774 0.9704315 0.9704315 0.9632684 0.9639940 0.9763105 2.2300433 1.9689041 2.0204208 
OL700090_Wuhan_Mosquito_Virus_6                          1.1104654 1.3277849 2.0419376 1.1941338 1.1825012 2.2184581 0.0000000 2.4823368 0.2812662 2.3796742 2.6117261 1.9085094 1.1685375 0.0081789 2.5781081 2.0428937 2.3088574 2.6250333 2.3944230 2.4466938 1.2495663 2.2741914 2.1938350 2.0164610 2.2133422 0.0039414 2.0298922 2.0392411 2.2686803 0.9058049 0.9092801 0.0092652 0.0092624 0.0092462 0.0079202 0.0106084 0.0106169 0.0079219 0.0079012 0.0105753 0.0132393 0.0092474 2.2697563 1.2616101 0.0066019 1.9978283 1.9430822 2.0048670 1.9982025 1.2547104 1.2314464 0.0187357 1.2229888 1.7818692 2.3952377 0.0092438 0.0079171 0.0079171 2.1343165 2.3831852 2.0310948 2.1442743 2.0196008 2.0520899 1.9881441 2.0456105 1.2019313 2.2048183 0.0052633 2.2740088 2.1929349 2.2765347 1.7947413 2.2742698 2.2906035 0.0052621 0.0042475 0.0052856 0.0052621 2.0569199 2.2176282 2.2176282 2.2224256 2.2088817 2.2254469 1.3616518 1.2427601 2.5795025 
OL700153_XiangYun_orthomyxo-like_virus_1                 2.2985123 2.2364520 1.7129280 2.1606380 2.1606380 1.8177224 2.4823368 0.0000000 2.4780546 1.5643736 1.9508971 1.5442107 2.0188156 2.4930021 1.4809764 1.7908171 0.5515536 0.3663182 0.0426558 1.6529503 2.2253093 1.7898970 1.8698332 1.6012031 1.8177224 2.4931841 1.8757001 1.8813569 1.7903524 2.3520482 2.3629919 2.4974796 2.4813142 2.4786256 2.4816836 2.4923726 2.4810357 2.4815595 2.4716715 2.4720479 2.4711476 2.4913806 1.8659228 2.1395774 2.5023819 1.8267930 1.6790130 1.8018948 1.8061545 2.1555959 2.1992983 2.5566584 2.0876454 1.7003434 1.7996360 2.5072212 2.5072212 2.5072212 1.7147577 1.8633935 1.8069666 2.1205536 1.5765170 1.5475978 1.6381126 1.7065191 2.1606380 1.8079432 2.4931841 1.7953888 1.7662391 1.8022238 1.5098582 1.8014853 1.7704983 2.4815503 2.5114201 2.5090564 2.4815503 1.6444299 1.8500664 1.8500664 1.8437302 1.8437302 1.8611683 2.0740094 2.1766044 2.0697354 
OL700154_XiangYun_orthomyxo-like_virus_2                 1.1388036 1.4136017 2.1122497 1.3212578 1.3087485 2.2806255 0.2812662 2.4780546 0.0000000 2.3749036 2.7218789 1.8599291 1.2240300 0.2765418 2.5189629 2.1136303 2.2853370 2.5530932 2.3770844 2.3912703 1.3701901 2.3282840 2.2820509 1.9505254 2.2754007 0.2836735 2.0035173 2.0026044 2.3267610 0.9560259 0.9595982 0.2866837 0.2863499 0.2834943 0.2864481 0.2825686 0.2889302 0.2840443 0.2831015 0.2855691 0.2837758 0.2850692 2.3790345 1.3089332 0.2853894 2.0878815 1.9637272 1.9443530 1.9399086 1.3329191 1.3325353 0.2946783 1.2470244 1.8111478 2.5026122 0.2908698 0.2887802 0.2887802 2.2252768 2.4134187 2.0895915 2.1879461 1.9886354 2.0105582 1.9879590 2.1160837 1.3296946 2.2760022 0.2816553 2.3349340 2.2762810 2.3375322 1.8897017 2.3351922 2.3112858 0.2815186 0.2278352 0.2830904 0.2815186 2.0918875 2.2582525 2.2582525 2.2578148 2.2722647 2.2411986 1.6012973 1.3491897 2.5301836 
OL700156_XiangYun_orthomyxo-like_virus_4                 2.3353031 2.3164615 1.9255676 1.9926551 2.0079900 1.9426313 2.3796742 1.5643736 2.3749036 0.0000000 1.8188192 1.6185960 2.1803206 2.3649060 0.6653395 1.9279656 1.5585011 1.6470088 1.6225212 0.3749269 2.0104741 1.9058528 1.9646177 1.7381027 1.9400730 2.3976785 1.8705786 1.8772631 1.9079195 2.2752045 2.2837159 2.3877460 2.3940146 2.3906809 2.4050933 2.3943830 2.3912821 2.3917272 2.4048829 2.3882943 2.4035128 2.3993211 2.1612900 2.0531418 2.3974571 1.5775017 1.7156648 1.8051360 1.7953072 2.0393136 2.0058817 2.4245003 2.2207685 1.5759472 1.9314521 2.4004981 2.4004981 2.4004981 1.7418736 2.0947996 1.5434323 1.9511453 1.4599821 1.6651532 1.7331883 1.9217050 2.0064374 1.9427983 2.4034789 1.9145067 2.0125344 1.9182683 1.6103777 1.9121799 1.9111408 2.3886704 2.4700702 2.4094431 2.3886704 1.7263386 1.9983249 1.9983249 1.9928274 1.9965490 1.9946029 1.6118258 1.9896124 1.9568098 
OL700157_XiangYun_orthomyxo-like_virus_5                 2.3251353 2.2781820 1.8824383 2.2493115 2.2493115 1.9545346 2.6117261 1.9508971 2.7218789 1.8188192 0.0000000 1.8105877 2.2152619 2.6291284 1.6781550 1.8026190 2.0138425 1.9699151 1.9587383 1.7894166 2.3978217 2.3502252 2.2087113 1.8131844 1.9545346 2.6207857 2.0020338 2.0113052 2.3521555 2.4452883 2.4572813 2.6366263 2.6441863 2.6303444 2.6292527 2.6568879 2.6389075 2.6291284 2.6230928 2.6269485 2.6185366 2.6291284 2.4208757 2.3016366 2.6147465 1.8460245 1.7339230 1.8116283 1.8179951 2.2649423 2.2857157 2.6920694 2.5192337 1.8251856 2.3559585 2.6219451 2.6219451 2.6219451 2.0419761 2.2802999 1.6019974 2.2616994 1.7032197 1.7252819 1.7738421 1.8633993 2.2493115 1.9699884 2.6207857 2.3591615 2.3332326 2.3534893 1.7838009 2.3595050 2.3643254 2.6139481 2.7683066 2.6452176 2.6139481 2.0341659 2.2588557 2.2588557 2.2614813 2.2614813 2.2585531 2.8683357 2.3703565 2.0335330 
ON059763_Byreldi_virus                                   1.8595211 1.7999192 0.9287030 1.7854180 1.7776897 0.9555910 1.9085094 1.5442107 1.8599291 1.6185960 1.8105877 0.0000000 1.6185176 1.9213950 1.4101775 1.5146901 1.5251480 1.6985235 1.6007335 1.4873961 1.8208644 1.0701951 1.1823374 1.1370421 0.9577254 1.9204847 0.9797326 0.9837726 1.0719294 1.9128166 1.9199118 1.9230027 1.9230120 1.9156327 1.9127000 1.9248688 1.9201673 1.9147685 1.9121148 1.9114699 1.9168590 1.9200360 1.2014553 1.8166262 1.9256567 1.0787548 1.1146894 1.1532908 1.1489273 1.8005906 1.7989393 1.9420297 1.7878239 0.8473579 1.1198826 1.9208364 1.9208364 1.9208364 0.9626968 1.1191574 1.0829873 1.6009388 1.1109617 1.1072567 1.1203012 0.9273951 1.7854180 0.9572047 1.9249518 1.0793966 1.0842650 1.0816128 0.8424606 1.0826630 1.0726992 1.9169028 1.8409989 1.9176012 1.9169028 0.9832667 1.1122689 1.1122689 1.1111075 1.1045750 1.1039475 1.9423039 1.7985335 1.8098743 
ON059769_Byreska_virus                                   1.0970219 1.0339833 1.7508617 0.9246089 0.9161921 1.9656787 1.1685375 2.0188156 1.2240300 2.1803206 2.2152619 1.6185176 0.0000000 1.1580334 2.1259715 1.8165019 2.0183517 2.1262799 1.9614212 2.0595922 0.9534259 1.9197112 1.8398103 1.5348338 1.9749673 1.1736884 1.7782337 1.7704083 1.9230732 1.1626344 1.1668528 1.1910110 1.1860077 1.1822824 1.1748543 1.1916607 1.1905002 1.1834973 1.1730515 1.1808894 1.1910340 1.1794846 1.9360169 0.9602853 1.1815703 1.6263178 1.6128355 1.6565745 1.6454142 0.9279685 0.9366816 1.1902414 0.9031810 1.6812528 2.0277962 1.1745010 1.1690653 1.1690653 1.7314310 1.8973878 1.5497213 1.9337304 1.8231471 1.4409354 1.5002073 1.7484969 0.9220906 1.9717443 1.1781477 1.9166376 1.9257384 1.9303713 1.5077225 1.9169175 1.9060471 1.1716369 1.0515771 1.1809201 1.1716369 1.6960653 1.8469011 1.8469011 1.8414747 1.8477551 1.8396357 0.9404438 0.9541563 2.0999339 
OM817558_Wuhan_Mosquito_Virus_6                          1.0724864 1.2683421 1.9850653 1.1760055 1.1709136 2.1776600 0.0081789 2.4930021 0.2765418 2.3649060 2.6291284 1.9213950 1.1580334 0.0000000 2.5731508 1.9913308 2.2877196 2.6250333 2.3259530 2.4145473 1.2130399 2.2740803 2.2148338 2.0009193 2.1724497 0.0040741 1.9729185 1.9823151 2.2687147 0.8684792 0.8719573 0.0013546 0.0013543 0.0013518 0.0027198 0.0027144 0.0027166 0.0000010 0.0027135 0.0027058 0.0054202 0.0013520 2.2518931 1.2323216 0.0054367 1.9569508 1.9317855 1.9545349 1.9478600 1.2431617 1.2059530 0.0179833 1.1993333 1.7818692 2.4159146 0.0095568 0.0081850 0.0081850 2.1131160 2.3660903 1.9848489 2.1063607 1.9701336 2.0229542 1.9720244 1.9887411 1.1760055 2.1638075 0.0054408 2.2714075 2.1866046 2.2740233 1.8041620 2.2716783 2.2793556 0.0054395 0.0042427 0.0054646 0.0054395 2.0707373 2.2111713 2.2111713 2.2183980 2.2183980 2.2113442 1.3324660 1.1994082 2.5473755 
MW784015_Xinjiang_sediment_orthomyxo-like_virus_4        2.3942200 2.2818001 1.6634056 2.1337119 2.1344667 1.6496992 2.5781081 1.4809764 2.5189629 0.6653395 1.6781550 1.4101775 2.1259715 2.5731508 0.0000000 1.7709385 1.4794948 1.6842801 1.5693837 0.6378527 2.1971653 1.7658164 1.8340771 1.7089985 1.6548788 2.5974594 1.6927858 1.6988138 1.7707782 2.3088719 2.3173038 2.6024980 2.5917005 2.5868103 2.5973027 2.6040520 2.5888591 2.5892470 2.6054518 2.5842614 2.5993526 2.5841294 1.8651668 2.1684935 2.6099302 1.4446756 1.5397928 1.5848647 1.5826716 2.0921005 2.1613985 2.6465604 2.2864406 1.3983309 1.8086280 2.6178086 2.6178086 2.6178086 1.6158852 1.8035291 1.4839237 2.1673942 1.4467539 1.6142768 1.6800319 1.6510365 2.1433080 1.6541081 2.6061076 1.7788566 1.7870000 1.7815658 1.5070335 1.7791511 1.8185626 2.5877718 2.6429409 2.6112047 2.5877718 1.5887053 1.7651163 1.7651163 1.7702278 1.7747136 1.7624212 1.9573782 2.1807564 1.7614899 
MW784019_Xinjiang_sediment_orthomyxo-like_virus_5        2.3079706 2.0995705 1.5285100 2.0760265 2.0732010 1.5920107 2.0428937 1.7908171 2.1136303 1.9279656 1.8026190 1.5146901 1.8165019 1.9913308 1.7709385 0.0000000 1.9770838 1.8820377 1.8157440 1.9695286 2.0027067 1.7873121 1.8689212 1.3865325 1.5893380 2.0558822 1.6725558 1.6784789 1.7968560 2.3141002 2.3225015 2.0634612 2.0617369 2.0522984 2.0632755 2.0686415 2.0526455 2.0531425 2.0510300 2.0479989 2.0472333 2.0593961 1.9142619 2.1165352 2.0470522 1.4562631 1.4246023 1.3918225 1.3973751 2.0875232 2.1080408 2.0706977 2.2381529 1.4537328 1.8248973 2.0583003 2.0607345 2.0607345 1.5837973 1.8195624 1.4149421 1.7113286 1.3538955 1.4374869 1.4522516 1.5251387 2.0898426 1.5879203 2.0627109 1.7917400 1.7975186 1.7971707 1.3496993 1.7920323 1.7952893 2.0569366 1.9295704 2.0727106 2.0569366 1.4451774 1.7127386 1.7127386 1.7173623 1.7233702 1.6976120 2.3419557 1.9641784 1.8267347 
MW784025_Henan_sediment_orthomyxo-like_virus             2.3500337 2.4736945 1.7109367 2.1249199 2.1265249 1.8546364 2.3088574 0.5515536 2.2853370 1.5585011 2.0138425 1.5251480 2.0183517 2.2877196 1.4794948 1.9770838 0.0000000 0.6471629 0.6145285 1.7116678 2.1267782 1.9011659 1.8526525 1.5259479 1.8458332 2.3203455 1.8642667 1.8633570 1.8967789 2.2713899 2.2797287 2.3092511 2.3002248 2.2940856 2.3132039 2.2988388 2.3068593 2.3004431 2.3095350 2.2918261 2.3032104 2.3076100 1.8263271 2.0941909 2.3234937 1.6651342 1.6030939 1.6903947 1.6866673 2.0853995 2.1315391 2.3406404 2.0242230 1.7328525 1.9217372 2.3259044 2.3259044 2.3259044 1.7570231 1.8640336 1.6756297 2.0713327 1.5311802 1.4597459 1.5491961 1.7086345 2.1270349 1.8476555 2.3134610 1.8976967 1.8734476 1.9016206 1.4334853 1.8927097 1.8924654 2.3117552 2.3669010 2.3311629 2.3117552 1.6665457 1.8419160 1.8419160 1.8433350 1.8506247 1.8368622 1.9437660 2.1379809 1.9799220 
MW784026_Xinjiang_sediment_orthomyxo-like_virus_2        2.4029269 2.2167610 1.8113895 2.3856376 2.3856376 1.9003976 2.6250333 0.3663182 2.5530932 1.6470088 1.9699151 1.6985235 2.1262799 2.6250333 1.6842801 1.8820377 0.6471629 0.0000000 0.3635920 1.7216477 2.5237980 1.9448714 1.9974472 1.5911806 1.9003976 2.6250333 1.9828639 1.9828639 1.9425194 2.6301064 2.6456506 2.6196074 2.6247557 2.6219530 2.6250333 2.6290808 2.6174123 2.6250333 2.6163798 2.6133200 2.6112585 2.6250333 2.0683668 2.3853870 2.6250333 1.8447641 1.6382596 1.6871286 1.6876864 2.3430450 2.3609183 2.6475646 2.4715789 1.6824878 1.9430234 2.6143764 2.6143764 2.6143764 1.7919357 2.0936207 1.6168754 2.1417104 1.5351633 1.5788743 1.6277809 1.7996086 2.3856376 1.9114559 2.6250333 1.9455409 1.8417061 1.9504283 1.3129830 1.9374218 1.8769333 2.6097938 3.0703160 2.6469960 2.6097938 1.9866313 2.0147816 2.0147816 2.0061107 2.0061107 2.0089034 1.7125502 2.4741136 2.0840243 
MW784029_Heilongjiang_sediment_orthomyxo-like_virus      2.2028706 2.2134093 1.7929456 2.0390284 2.0420871 1.8934024 2.3944230 0.0426558 2.3770844 1.6225212 1.9587383 1.6007335 1.9614212 2.3259530 1.5693837 1.8157440 0.6145285 0.3635920 0.0000000 1.7998380 2.1382980 1.8443100 1.9327900 1.6160582 1.8906574 2.3954774 1.9136677 1.9157459 1.8446713 2.2862921 2.2946177 2.3916761 2.3794642 2.3774501 2.3868139 2.3790893 2.3792326 2.3796702 2.3792192 2.3724753 2.3645386 2.3870466 1.9395790 2.0657662 2.3987935 1.7148540 1.6689678 1.8025008 1.8023211 2.0661856 2.0667413 2.4425528 2.0472094 1.7009909 1.8342766 2.3976222 2.4010727 2.4010727 1.7817070 1.8736733 1.7326602 2.0206883 1.5993507 1.5873421 1.6499978 1.7877160 2.0411747 1.8826277 2.3925350 1.8518221 1.8342742 1.8573196 1.4921070 1.8516767 1.8379624 2.3866755 2.3040677 2.4069586 2.3866755 1.5852608 1.8687949 1.8687949 1.8634303 1.8669169 1.8792046 2.0970353 2.0896089 2.0645109 
MW784032_Yunnan_sediment_orthomyxo-like_virus            2.4431403 2.2341812 1.7928926 1.9993214 2.0140206 1.6692869 2.4466938 1.6529503 2.3912703 0.3749269 1.7894166 1.4873961 2.0595922 2.4145473 0.6378527 1.9695286 1.7116678 1.7216477 1.7998380 0.0000000 2.1004234 1.8256244 1.8227376 1.6177085 1.6739170 2.4652078 1.7919999 1.7839908 1.8305210 2.2551253 2.2634619 2.4507838 2.4572363 2.4530434 2.4585177 2.4599962 2.4544623 2.4548908 2.4574210 2.4478036 2.4658696 2.4505695 2.0464152 2.1043995 2.4592738 1.5646444 1.5190315 1.6784763 1.6718656 2.0209993 2.0400321 2.4913978 2.2452948 1.4161520 1.9014907 2.4727477 2.4727477 2.4727477 1.6122322 1.9655270 1.4744763 1.9579752 1.4675612 1.5247032 1.6386512 1.7891706 2.0130838 1.6831329 2.4712071 1.8299635 1.8950970 1.8320949 1.5778391 1.8302546 1.8579376 2.4559421 2.5162053 2.4776736 2.4559421 1.5805478 1.7946942 1.7946942 1.8011250 1.8057102 1.7871458 1.6793507 2.1029497 2.0292726 
MW317143_Orthomyxoviridae_sp.                            1.2165430 1.0819388 1.8588753 0.1121493 0.1138149 1.9795917 1.2495663 2.2253093 1.3701901 2.0104741 2.3978217 1.8208644 0.9534259 1.2130399 2.1971653 2.0027067 2.1267782 2.5237980 2.1382980 2.1004234 0.0000000 2.1030474 2.1670653 1.7582755 1.9741310 1.2493774 1.8010121 1.7956715 2.1123251 1.1923429 1.1966743 1.2512854 1.2473191 1.2488005 1.2437292 1.2506015 1.2462085 1.2447011 1.2413380 1.2476783 1.2497377 1.2441283 2.1337390 0.1247707 1.2452976 1.8483375 1.7679751 1.9656119 1.9610554 0.1253087 0.1204745 1.2689629 0.6832036 1.8413134 2.2116892 1.2498478 1.2509749 1.2509749 2.0250656 2.1241432 1.8571148 2.0790418 1.9346054 1.7323735 1.7834174 1.8547586 0.1119164 1.9726671 1.2540852 2.1269724 2.1785532 2.1260734 1.6597566 2.1272402 2.0916386 1.2443836 1.0943854 1.2545778 1.2443836 1.9261826 2.0055393 2.0055393 2.0159804 2.0181389 1.9800450 0.0129594 0.0214785 2.2245643 
OL343761_Palmetto_orthomyxo-like_virus                   2.1917125 1.9802594 1.2675800 2.0414006 2.0385783 0.9948187 2.2741914 1.7898970 2.3282840 1.9058528 2.3502252 1.0701951 1.9197112 2.2740803 1.7658164 1.7873121 1.9011659 1.9448714 1.8443100 1.8256244 2.1030474 0.0000000 0.2428834 1.3551261 0.9956480 2.2854378 1.3016904 1.3008114 0.0025972 2.1924824 2.2004489 2.2827723 2.2785252 2.2679688 2.2753853 2.2645109 2.2615051 2.2689243 2.2713945 2.2657610 2.2651590 2.2644094 0.2202464 2.0959782 2.2911040 1.3946299 1.3274938 1.3201411 1.3230245 2.0796817 2.0671730 2.3076954 2.0784305 0.6741387 0.0091295 2.2901094 2.2985877 2.2985877 0.6529204 0.2000088 1.3692609 1.6169124 1.4467937 1.2727942 1.3497710 1.2658369 2.0550280 0.9969076 2.2863876 0.0078260 0.0076539 0.0104801 0.0079036 0.0091375 0.0086036 2.2807451 2.2312413 2.2829113 2.2807451 0.1804534 0.1779906 0.1779906 0.1779503 0.1801599 0.1754846 2.4473015 2.0787139 2.1866603 
BK059432_Aedes_orthomyxo-like_virus_2                    2.1215564 2.0543057 1.2924921 2.0538593 2.0510014 0.9558383 2.1938350 1.8698332 2.2820509 1.9646177 2.2087113 1.1823374 1.8398103 2.2148338 1.8340771 1.8689212 1.8526525 1.9974472 1.9327900 1.8227376 2.1670653 0.2428834 0.0000000 1.4131748 0.9589339 2.2047064 1.3400970 1.3463025 0.2418269 2.1708586 2.1788124 2.1902898 2.1963999 2.1850346 2.2027098 2.1848865 2.1798900 2.1870975 2.1988153 2.1804218 2.1906395 2.1827475 0.3039441 2.0814100 2.2034825 1.3988338 1.3040860 1.3756473 1.3786789 2.0984059 2.0977780 2.2218490 2.0610820 0.6904127 0.2593418 2.2041129 2.2123003 2.2123003 0.6950643 0.2892540 1.3767551 1.7191144 1.4123420 1.3180432 1.4122310 1.2906925 2.0677215 0.9648442 2.2056110 0.2400828 0.2369524 0.2427926 0.1969187 0.2399821 0.2483947 2.2057952 2.1452983 2.2076473 2.2057952 0.2281636 0.2546886 0.2546886 0.2546007 0.2521932 0.2564736 2.3912122 2.1351506 2.2434398 
MW199253_Orthomyxoviridae_sp.                            2.0340218 1.8131088 1.2995782 1.7506512 1.7479014 1.2354713 2.0164610 1.6012031 1.9505254 1.7381027 1.8131844 1.1370421 1.5348338 2.0009193 1.7089985 1.3865325 1.5259479 1.5911806 1.6160582 1.6177085 1.7582755 1.3551261 1.4131748 0.0000000 1.2364464 2.0231338 1.4246746 1.4237953 1.3572670 2.0191019 2.0263834 2.0288106 2.0298260 2.0184051 2.0166854 2.0268578 2.0090460 2.0213513 2.0160297 2.0141601 2.0220263 2.0267983 1.4242786 1.8102435 2.0287196 0.6656573 0.8775137 0.7709830 0.7697074 1.7934975 1.7727446 2.0436696 1.7699751 1.1194271 1.4429167 2.0224393 2.0244121 2.0244121 1.1536965 1.3974584 0.7097881 1.2933647 0.9189370 0.1688264 0.0751364 1.2964081 1.7626298 1.2400584 2.0171378 1.3727732 1.4656375 1.3828540 1.1408576 1.3708573 1.3859597 2.0233857 2.0489098 2.0275400 2.0233857 1.2089768 1.3746416 1.3746416 1.3743213 1.3664558 1.3558185 1.7259528 1.7622793 1.8233388 
MW452276_Wuhan_Mosquito_Virus_5                          2.1150515 2.0954825 1.1152096 1.9644863 1.9616401 0.0026040 2.2133422 1.8177224 2.2754007 1.9400730 1.9545346 0.9577254 1.9749673 2.1724497 1.6548788 1.5893380 1.8458332 1.9003976 1.8906574 1.6739170 1.9741310 0.9956480 0.9589339 1.2364464 0.0000000 2.2275672 1.1822416 1.1770484 0.9990045 1.9889050 1.9960482 2.2428953 2.2387183 2.2272222 2.2260961 2.2410552 2.2286054 2.2293035 2.2190237 2.2225655 2.2231461 2.2354363 1.0006773 2.0377412 2.2222010 1.2349382 1.3267658 1.2259715 1.2283965 2.0070824 1.9660705 2.2656895 2.0145367 0.6941187 1.0461287 2.2287467 2.2309193 2.2309193 0.7228117 0.9849814 1.2213940 1.6536859 1.2008149 1.1634213 1.1887529 1.1136512 1.9778535 0.0039099 2.2284793 0.9961140 0.9869418 0.9993287 0.7711035 0.9964898 0.9879776 2.2194142 2.1557085 2.2213115 2.2194142 0.8443166 0.9735284 0.9735284 0.9663495 0.9670809 0.9794398 2.2145532 1.9634529 2.0121010 
MW452277_Wuhan_Mosquito_Virus_6                          1.1149923 1.3238956 2.0491278 1.1995083 1.1878359 2.2327097 0.0039414 2.4931841 0.2836735 2.3976785 2.6207857 1.9204847 1.1736884 0.0040741 2.5974594 2.0558822 2.3203455 2.6250333 2.3954774 2.4652078 1.2493774 2.2854378 2.2047064 2.0231338 2.2275672 0.0000000 2.0369711 2.0463574 2.2798964 0.9026463 0.9061153 0.0052747 0.0052732 0.0052642 0.0039456 0.0066067 0.0066120 0.0039464 0.0039367 0.0065853 0.0092346 0.0052649 2.2814649 1.2591753 0.0026310 2.0128130 1.9551221 2.0197923 2.0130741 1.2603875 1.2369580 0.0146684 1.2243783 1.7818692 2.4180773 0.0052629 0.0039442 0.0039442 2.1450070 2.3954095 2.0423801 2.1506888 2.0152871 2.0589166 1.9939830 2.0528171 1.2073349 2.2189863 0.0013112 2.2852465 2.2054075 2.2877883 1.8104079 2.2855073 2.3031151 0.0013109 0.0000010 0.0013167 0.0013109 2.0686108 2.2285959 2.2285959 2.2334199 2.2197858 2.2365258 1.3664289 1.2403612 2.5964212 
MW434228_Astopletus_virus                                2.0092128 1.9148049 0.7736921 1.7410327 1.7382828 1.1818537 2.0298922 1.8757001 2.0035173 1.8705786 2.0020338 0.9797326 1.7782337 1.9729185 1.6927858 1.6725558 1.8642667 1.9828639 1.9136677 1.7919999 1.8010121 1.3016904 1.3400970 1.4246746 1.1822416 2.0369711 0.0000000 0.0013091 1.3024501 2.0630517 2.0704686 2.0507658 2.0394131 2.0449130 2.0321674 2.0363793 2.0439632 2.0383944 2.0313840 2.0424974 2.0297575 2.0438792 1.3044717 1.7547406 2.0513332 1.2234008 1.1378417 1.1771634 1.1797632 1.7710610 1.7709165 2.0476081 1.7659239 0.9716985 1.3517018 2.0567784 2.0467588 2.0467588 1.1501664 1.3074181 1.1878830 1.6924606 1.2788971 1.3047075 1.4269888 0.7696710 1.7529719 1.1740324 2.0437476 1.2969805 1.3641780 1.2968224 1.0215404 1.3006168 1.2902887 2.0295204 1.7840830 2.0306283 2.0295204 1.1177475 1.2948788 1.2948788 1.2977735 1.2994216 1.2802241 2.2814563 1.7945782 1.9244189 
MW434229_Astopletus_virus                                2.0184545 1.9193676 0.7757485 1.7359052 1.7331585 1.1766618 2.0392411 1.8813569 2.0026044 1.8772631 2.0113052 0.9837726 1.7704083 1.9823151 1.6988138 1.6784789 1.8633570 1.9828639 1.9157459 1.7839908 1.7956715 1.3008114 1.3463025 1.4237953 1.1770484 2.0463574 0.0013091 0.0000000 1.3015711 2.0652958 2.0727222 2.0602117 2.0488062 2.0543333 2.0415227 2.0386031 2.0533773 2.0477813 2.0407385 2.0519062 2.0391107 2.0532970 1.3028809 1.7494761 2.0608064 1.2290469 1.1421271 1.1800178 1.1826235 1.7657370 1.7657074 2.0570550 1.7606920 0.9716985 1.3506726 2.0662734 2.0561946 2.0561946 1.1487208 1.3124028 1.1864186 1.6965190 1.2733427 1.3038205 1.4261111 0.7717184 1.7478096 1.1688681 2.0531625 1.2961006 1.3631523 1.2959417 1.0215404 1.2997375 1.2893180 2.0388727 1.7840830 2.0400176 2.0388727 1.1177475 1.2935928 1.2935928 1.2964848 1.2981307 1.2789467 2.2814563 1.7892679 1.9224880 
MW434249_Guadeloupe_mosquito_quaranja-like_virus_1       2.1973601 1.9869265 1.2706416 2.0504374 2.0476162 0.9981719 2.2686803 1.7903524 2.3267610 1.9079195 2.3521555 1.0719294 1.9230732 2.2687147 1.7707782 1.7968560 1.8967789 1.9425194 1.8446713 1.8305210 2.1123251 0.0025972 0.2418269 1.3572670 0.9990045 2.2798964 1.3024501 1.3015711 0.0000000 2.1935415 2.2015118 2.2775685 2.2733292 2.2627964 2.2701981 2.2593434 2.2563455 2.2637495 2.2662155 2.2605929 2.2599907 2.2592417 0.2164812 2.1053916 2.2855434 1.3978566 1.3296894 1.3225022 1.3253896 2.0890314 2.0762887 2.3020995 2.0838316 0.6741387 0.0060752 2.2845564 2.2930131 2.2930131 0.6533385 0.2037128 1.3739286 1.6200980 1.4508338 1.2758666 1.3518961 1.2688957 2.0641044 1.0002683 2.2808426 0.0052091 0.0061175 0.0078477 0.0052607 0.0065158 0.0057256 2.2752097 2.2224892 2.2773517 2.2752097 0.1782851 0.1780183 0.1780183 0.1779779 0.1801878 0.1755120 2.4625683 2.0879089 2.1929190 
MW434314_Usinis_virus                                    0.9846598 1.3888180 1.9975232 1.1580713 1.1501731 1.9943239 0.9058049 2.3520482 0.9560259 2.2752045 2.4452883 1.9128166 1.1626344 0.8684792 2.3088719 2.3141002 2.2713899 2.6301064 2.2862921 2.2551253 1.1923429 2.1924824 2.1708586 2.0191019 1.9889050 0.9026463 2.0630517 2.0652958 2.1935415 0.0000000 0.0013102 0.9040321 0.9021532 0.9011924 0.8975006 0.8915242 0.9037940 0.8980518 0.8974445 0.9005344 0.9035998 0.9011382 2.1839261 1.1828379 0.9050059 1.9535868 1.8912216 1.9386838 1.9257930 1.1927657 1.1644783 0.9228323 1.2879977 1.7711086 2.2451431 0.9082668 0.9039495 0.9039495 1.9612588 2.1762198 1.9227017 2.1199546 1.9407639 1.9331038 1.9678884 1.9963104 1.1647049 1.9866787 0.9049096 2.1886662 2.2591519 2.1798000 1.7339575 2.1860765 2.1981867 0.8986997 0.8045956 0.9052905 0.8986997 1.9201103 2.0742014 2.0742014 2.0755428 2.0631774 2.0748993 1.4134819 1.1905872 2.4479131 
MW434320_Usinis_virus                                    0.9883621 1.3937896 2.0047423 1.1622765 1.1543571 2.0014865 0.9092801 2.3629919 0.9595982 2.2837159 2.4572813 1.9199118 1.1668528 0.8719573 2.3173038 2.3225015 2.2797287 2.6456506 2.2946177 2.2634619 1.1966743 2.2004489 2.1788124 2.0263834 1.9960482 0.9061153 2.0704686 2.0727222 2.2015118 0.0013102 0.0000000 0.9075032 0.9056166 0.9046536 0.9009562 0.8949592 0.9072610 0.9015051 0.9008999 0.9039912 0.9070668 0.9045987 2.1921816 1.1872047 0.9084808 1.9605996 1.8979480 1.9455962 1.9326565 1.1971579 1.1687040 0.9263548 1.2926559 1.7830719 2.2547885 0.9117539 0.9074234 0.9074234 1.9682563 2.1843323 1.9296000 2.1276553 1.9476792 1.9400589 1.9749639 2.0035245 1.1689304 1.9938112 0.9083841 2.1966207 2.2687554 2.1877220 1.7465912 2.1940219 2.2070355 0.9021597 0.8096366 0.9087819 0.9021597 1.9291562 2.0817026 2.0817026 2.0830493 2.0706285 2.0824452 1.4260925 1.1949091 2.4570666 
MW434421_Wuhan_Mosquito_Virus_6                          1.1200090 1.3353584 2.0549779 1.1969681 1.1853145 2.2480618 0.0092652 2.4974796 0.2866837 2.3877460 2.6366263 1.9230027 1.1910110 0.0013546 2.6024980 2.0634612 2.3092511 2.6196074 2.3916761 2.4507838 1.2512854 2.2827723 2.1902898 2.0288106 2.2428953 0.0052747 2.0507658 2.0602117 2.2775685 0.9040321 0.9075032 0.0000000 0.0026303 0.0026258 0.0039614 0.0039537 0.0039569 0.0013123 0.0039525 0.0039417 0.0065795 0.0026261 2.2758804 1.2506245 0.0079524 2.0153295 1.9593108 2.0327091 2.0259478 1.2577008 1.2343515 0.0187957 1.2273731 1.7818692 2.4232220 0.0106046 0.0092718 0.0092718 2.1359778 2.3903264 2.0387775 2.1390970 2.0297935 2.0707338 1.9995580 2.0586803 1.2047808 2.2342610 0.0066048 2.2829168 2.1873313 2.2854565 1.8041620 2.2831778 2.2851401 0.0066033 0.0063906 0.0066329 0.0066033 2.0845557 2.2217000 2.2217000 2.2265061 2.2129322 2.2295579 1.3603778 1.2377431 2.5999707 
MW434422_Wuhan_Mosquito_Virus_6                          1.1176651 1.3326454 2.0510855 1.1931952 1.1815797 2.2438789 0.0092624 2.4813142 0.2863499 2.3940146 2.6441863 1.9230120 1.1860077 0.0013543 2.5917005 2.0617369 2.3002248 2.6247557 2.3794642 2.4572363 1.2473191 2.2785252 2.1963999 2.0298260 2.2387183 0.0052732 2.0394131 2.0488062 2.2733292 0.9021532 0.9056166 0.0026303 0.0000000 0.0026250 0.0039603 0.0039526 0.0039558 0.0013120 0.0039514 0.0039406 0.0065776 0.0026254 2.2714639 1.2466036 0.0079500 2.0153629 1.9531974 2.0310124 2.0242545 1.2536648 1.2304509 0.0187895 1.2221277 1.7960815 2.4179022 0.0106013 0.0092690 0.0092690 2.1360508 2.3857743 2.0468671 2.1441237 2.0280852 2.0668302 2.0005685 2.0547808 1.2009807 2.2300976 0.0066029 2.2786720 2.1980176 2.2812070 1.8041620 2.2789332 2.2958134 0.0066014 0.0063876 0.0066310 0.0066014 2.0822569 2.2199042 2.2199042 2.2247088 2.2111417 2.2277486 1.3603778 1.2338226 2.6030716 
MW434423_Wuhan_Mosquito_Virus_6                          1.1165463 1.3279160 2.0490547 1.1945916 1.1829595 2.2323625 0.0092462 2.4786256 0.2834943 2.3906809 2.6303444 1.9156327 1.1822824 0.0013518 2.5868103 2.0522984 2.2940856 2.6219530 2.3774501 2.4530434 1.2488005 2.2679688 2.1850346 2.0184051 2.2272222 0.0052642 2.0449130 2.0543333 2.2627964 0.9011924 0.9046536 0.0026258 0.0026250 0.0000000 0.0039535 0.0039458 0.0039490 0.0013097 0.0039446 0.0013095 0.0065663 0.0026209 2.2691301 1.2481051 0.0079361 2.0078320 1.9493191 2.0218126 2.0150924 1.2551738 1.2319035 0.0187565 1.2190831 1.7818692 2.4045556 0.0105828 0.0092528 0.0092528 2.1339460 2.3833606 2.0368286 2.1342389 2.0182190 2.0589205 1.9930822 2.0527457 1.2023889 2.2186453 0.0065904 2.2681211 2.1873313 2.2706423 1.8041620 2.2683827 2.2840773 0.0065889 0.0063695 0.0066184 0.0065889 2.0795462 2.2177084 2.2177084 2.2225085 2.2089571 2.2255319 1.3603778 1.2352834 2.5943147 
MW434424_Wuhan_Mosquito_Virus_6                          1.1138840 1.3154494 2.0400985 1.1940572 1.1824250 2.2312337 0.0079202 2.4816836 0.2864481 2.4050933 2.6292527 1.9127000 1.1748543 0.0027198 2.5973027 2.0632755 2.3132039 2.6250333 2.3868139 2.4585177 1.2437292 2.2753853 2.2027098 2.0166854 2.2260961 0.0039456 2.0321674 2.0415227 2.2701981 0.8975006 0.9009562 0.0039614 0.0039603 0.0039535 0.0000000 0.0052928 0.0052971 0.0026345 0.0026281 0.0052754 0.0079264 0.0039540 2.2782179 1.2534114 0.0066091 2.0057656 1.9477346 2.0214136 2.0146932 1.2546293 1.2313678 0.0187558 1.2177722 1.7818692 2.4058883 0.0092539 0.0079258 0.0079258 2.1385890 2.3927761 2.0335882 2.1335439 2.0150146 2.0534266 1.9876212 2.0437702 1.2018543 2.2175248 0.0052690 2.2755336 2.1945570 2.2780637 1.8041620 2.2757949 2.2923151 0.0052678 0.0042427 0.0052913 0.0052678 2.0707373 2.2262566 2.2262566 2.2310741 2.2174615 2.2341614 1.3607319 1.2347465 2.5905199 
MW434425_Wuhan_Mosquito_Virus_6                          1.1165885 1.3271495 2.0552089 1.1984480 1.1867857 2.2462220 0.0106084 2.4923726 0.2825686 2.3943830 2.6568879 1.9248688 1.1916607 0.0027144 2.6040520 2.0686415 2.2988388 2.6290808 2.3790893 2.4599962 1.2506015 2.2645109 2.1848865 2.0268578 2.2410552 0.0066067 2.0363793 2.0386031 2.2593434 0.8915242 0.8949592 0.0039537 0.0039526 0.0039458 0.0052928 0.0000000 0.0052865 0.0026294 0.0052796 0.0052652 0.0079098 0.0039464 2.2733355 1.2374974 0.0092950 2.0244382 1.9578512 2.0195085 2.0127952 1.2570088 1.2254129 0.0188331 1.2213022 1.8016556 2.4002770 0.0119522 0.0106159 0.0106159 2.1376566 2.3943105 2.0483609 2.1423104 2.0106283 2.0638165 1.9976339 2.0589125 1.2062673 2.2324219 0.0079405 2.2646651 2.1837151 2.2671832 1.8041620 2.2649270 2.2802439 0.0079386 0.0063904 0.0079743 0.0079386 2.0822538 2.2216405 2.2216405 2.2264506 2.2128654 2.2295047 1.3603778 1.2370589 2.6163003 
MW434426_Wuhan_Mosquito_Virus_6                          1.1195503 1.3389957 2.0385868 1.1921112 1.1805003 2.2337456 0.0106169 2.4810357 0.2889302 2.3912821 2.6389075 1.9201673 1.1905002 0.0027166 2.5888591 2.0526455 2.3068593 2.6174123 2.3792326 2.4544623 1.2462085 2.2615051 2.1798900 2.0090460 2.2286054 0.0066120 2.0439632 2.0533773 2.2563455 0.9037940 0.9072610 0.0039569 0.0039558 0.0039490 0.0052971 0.0052865 0.0000000 0.0026315 0.0052848 0.0052693 0.0079171 0.0039495 2.2537753 1.2454774 0.0093025 2.0064857 1.9404906 2.0221371 2.0154125 1.2525379 1.2293503 0.0201909 1.2210266 1.7755327 2.3964440 0.0119617 0.0106244 0.0106244 2.1233089 2.3674259 2.0438937 2.1369881 2.0251646 2.0638222 1.9801216 2.0422559 1.1998931 2.2200275 0.0079469 2.2616609 2.1873313 2.2641744 1.8041620 2.2619228 2.2769000 0.0079450 0.0063970 0.0079808 0.0079450 2.0617890 2.2032771 2.2032771 2.2080462 2.1946021 2.2109613 1.3603778 1.2327181 2.5979792 
MW434428_Wuhan_Mosquito_Virus_6                          1.1128465 1.3270878 2.0424557 1.1906380 1.1790328 2.2344469 0.0079219 2.4815595 0.2840443 2.3917272 2.6291284 1.9147685 1.1834973 0.0000010 2.5892470 2.0531425 2.3004431 2.6250333 2.3796702 2.4548908 1.2447011 2.2689243 2.1870975 2.0213513 2.2293035 0.0039464 2.0383944 2.0477813 2.2637495 0.8980518 0.9015051 0.0013123 0.0013120 0.0013097 0.0026345 0.0026294 0.0026315 0.0000000 0.0026286 0.0026214 0.0052508 0.0013099 2.2614863 1.2439489 0.0066105 2.0069883 1.9522430 2.0226336 2.0159097 1.2510087 1.2278559 0.0174096 1.2195313 1.7818692 2.4057710 0.0092559 0.0079275 0.0079275 2.1270895 2.3754087 2.0382920 2.1351272 2.0196567 2.0581615 1.9922378 2.0461320 1.1984154 2.2207197 0.0052700 2.2690761 2.1873313 2.2715987 1.8041620 2.2693377 2.2851401 0.0052688 0.0042427 0.0052924 0.0052688 2.0707373 2.2105325 2.2105325 2.2153164 2.2018204 2.2182854 1.3603778 1.2312185 2.5983608 
MW434429_Wuhan_Mosquito_Virus_6                          1.1111607 1.3150823 2.0394183 1.1917263 1.1801056 2.2241505 0.0079012 2.4716715 0.2831015 2.4048829 2.6230928 1.9121148 1.1730515 0.0027135 2.6054518 2.0510300 2.3095350 2.6163798 2.3792192 2.4574210 1.2413380 2.2713945 2.1988153 2.0160297 2.2190237 0.0039367 2.0313840 2.0407385 2.2662155 0.8974445 0.9008999 0.0039525 0.0039514 0.0039446 0.0026281 0.0052796 0.0052848 0.0026286 0.0000000 0.0052635 0.0079073 0.0039451 2.2854215 1.2509758 0.0065930 1.9993791 1.9471451 2.0179095 2.0112024 1.2521967 1.2289956 0.0187126 1.2215207 1.7818692 2.4008848 0.0092327 0.0079067 0.0079067 2.1486042 2.4002699 2.0334626 2.1333430 2.0244572 2.0503187 1.9875302 2.0430866 1.1995146 2.2104767 0.0052571 2.2715450 2.1944386 2.2740702 1.8041620 2.2718064 2.2878813 0.0052559 0.0063709 0.0052793 0.0052559 2.0660696 2.2223358 2.2223358 2.2271454 2.2135608 2.2302034 1.3603778 1.2323653 2.6025944 
MW434430_Wuhan_Mosquito_Virus_6                          1.1125080 1.3251279 2.0470440 1.1902481 1.1786488 2.2276988 0.0105753 2.4720479 0.2855691 2.3882943 2.6269485 1.9114699 1.1808894 0.0027058 2.5842614 2.0479989 2.2918261 2.6133200 2.3724753 2.4478036 1.2476783 2.2657610 2.1804218 2.0141601 2.2225655 0.0065853 2.0424974 2.0519062 2.2605929 0.9005344 0.9039912 0.0039417 0.0039406 0.0013095 0.0052754 0.0052652 0.0052693 0.0026214 0.0052635 0.0000000 0.0078857 0.0039343 2.2683747 1.2469677 0.0092659 2.0058851 1.9474457 2.0194459 2.0127347 1.2540304 1.2274481 0.0201119 1.2145664 1.7645110 2.4017878 0.0119149 0.0105828 0.0105828 2.1318642 2.3803474 2.0348384 2.1270619 2.0139946 2.0569074 1.9911449 2.0507308 1.1980215 2.2140044 0.0079157 2.2659145 2.1848642 2.2684331 1.8041620 2.2661762 2.2816258 0.0079139 0.0085031 0.0079493 0.0079139 2.0739380 2.2132057 2.2132057 2.2179979 2.2044750 2.2209886 1.3603778 1.2341776 2.5888843 
MW434431_Wuhan_Mosquito_Virus_6                          1.1170473 1.3216395 2.0413154 1.1933642 1.1817365 2.2282805 0.0132393 2.4711476 0.2837758 2.4035128 2.6185366 1.9168590 1.1910340 0.0054202 2.5993526 2.0472333 2.3032104 2.6112585 2.3645386 2.4658696 1.2497377 2.2651590 2.1906395 2.0220263 2.2231461 0.0092346 2.0297575 2.0391107 2.2599907 0.9035998 0.9070668 0.0065795 0.0065776 0.0065663 0.0079264 0.0079098 0.0079171 0.0052508 0.0079073 0.0078857 0.0000000 0.0065672 2.2658147 1.2479405 0.0119315 2.0195009 1.9553786 2.0333497 2.0265812 1.2550115 1.2306600 0.0228274 1.2241327 1.7691886 2.4010712 0.0145848 0.0132486 0.0132486 2.1404292 2.3669794 2.0486899 2.1334463 2.0300938 2.0650211 1.9926004 2.0449935 1.2011581 2.2145826 0.0105704 2.2653129 2.1788659 2.2678315 1.7951355 2.2655747 2.2809618 0.0105680 0.0127855 0.0106154 0.0105680 2.0614859 2.2068364 2.2068364 2.2116140 2.1981410 2.2145562 1.3620352 1.2362163 2.5967458 
MW434432_Wuhan_Mosquito_Virus_6                          1.1164469 1.3306081 2.0480094 1.1900907 1.1784908 2.2405931 0.0092474 2.4913806 0.2850692 2.3993211 2.6291284 1.9200360 1.1794846 0.0013520 2.5841294 2.0593961 2.3076100 2.6250333 2.3870466 2.4505695 1.2441283 2.2644094 2.1827475 2.0267983 2.2354363 0.0052649 2.0438792 2.0532970 2.2592417 0.9011382 0.9045987 0.0026261 0.0026254 0.0026209 0.0039540 0.0039464 0.0039495 0.0013099 0.0039451 0.0039343 0.0065672 0.0000000 2.2567904 1.2433681 0.0079371 2.0123666 1.9514220 2.0287323 2.0219842 1.2504262 1.2272916 0.0187591 1.2228735 1.7818692 2.4001614 0.0105842 0.0092540 0.0092540 2.1336061 2.3733222 2.0445325 2.1314828 2.0257917 2.0644689 1.9975833 2.0516992 1.1978644 2.2268249 0.0065913 2.2645637 2.1822547 2.2670819 1.7963849 2.2648256 2.2851401 0.0065898 0.0042427 0.0066192 0.0065898 2.0707373 2.2060922 2.2060922 2.2108692 2.1973989 2.2138065 1.3588268 1.2306515 2.6065245 
