128
MN053837_Guadeloupe_mosquito_quaranja-like_virus_2           0.0000000 1.6064470 1.7483611 1.6045837 0.6628452 2.0689921 1.8818166 2.0067629 1.7814315 2.0790646 0.7108755 0.6752052 0.8310499 2.2980533 1.7008007 1.7009277 1.7600482 2.2342772 2.7105372 1.8979415 1.8102106 1.3533261 2.7705622 2.6908340 1.5176462 1.2410104 1.0801685 1.0978250 1.0848218 1.8708101 1.6506870 0.9898434 1.7545738 1.6506870 1.6506870 1.7012152 0.6770001 0.6641589 0.6641589 1.0458720 0.6807259 0.5572917 1.6972788 1.7090659 0.6807259 1.3911237 0.6807259 1.6044337 0.5995705 0.6865353 0.6865353 0.6914673 0.6914673 0.6862481 0.9569822 0.9573833 1.0873291 1.7272922 2.2513737 1.7243803 1.0874604 0.9487522 0.9487522 2.0790646 1.9875897 1.6313080 1.3393995 1.7348291 0.8413170 1.7051415 1.7648998 1.8438090 1.7300833 1.6043103 1.7008007 1.7008007 1.6996475 1.6996475 1.6996475 1.6996475 1.7246847 2.0749067 2.0174613 1.7008007 1.7144860 1.7008007 1.7008007 1.7191607 1.6952743 1.7008007 1.7008007 1.6843399 1.6881962 1.7008007 1.7008007 1.7008007 2.1755062 1.5040007 1.6888167 1.7268894 1.6889358 1.6888167 1.9572452 0.8402280 1.8885275 2.0417335 2.0346335 1.9987936 2.3203601 2.3006183 1.7251205 0.6656182 0.7292517 0.6705127 0.4539235 0.6662867 0.6648387 2.1100437 1.9034056 1.9138036 2.1981461 2.2220974 2.2218000 1.9016913 2.0000988 1.7636669 1.8761297 2.1755062 
MW784026_Xinjiang_sediment_orthomyxo-like_virus_2            1.6064470 0.0000000 1.8782622 0.3585250 1.8306899 2.2437902 2.2281701 2.3333194 1.9429151 2.4353125 1.9537667 1.9780845 1.6251043 2.9350170 2.4587230 2.1993140 2.2419031 2.7708165 3.0422162 2.4262003 2.2814451 1.6461870 3.1120950 2.8406638 1.5837341 2.0060331 1.5259019 1.5555828 1.5223815 2.2865588 2.2402760 1.4693307 2.3559162 2.2402760 2.2402760 2.2183939 1.9013111 1.8304774 1.8325900 1.5465895 1.8123126 1.7029880 2.4318643 2.4466631 1.8016210 1.7876856 1.8016210 2.0104049 1.8854926 1.9146207 1.9146207 1.9073177 1.9073177 1.9095992 1.6149690 1.6154887 1.7714336 1.8610132 1.6390166 2.3131790 1.5704487 1.8911373 1.8911373 2.4353125 2.2600067 0.6244703 1.6100511 2.3863713 1.7052657 2.2848688 2.0222379 2.1088995 2.1417727 0.3561424 2.4587230 2.4587230 2.4507708 2.4507708 2.4507708 2.4507708 2.4811707 2.5903638 2.3371829 2.4540677 2.4583976 2.4562110 2.4587230 2.4621106 2.4524658 2.4587230 2.4510425 2.4489848 2.4469373 2.4587230 2.4587230 2.4587230 2.6025295 2.0965732 2.4444311 2.8530492 2.4766846 2.4444311 2.1301725 1.7163173 2.4579185 2.3433582 2.2881379 2.6248569 2.6929663 2.6490798 2.2533330 1.8329877 1.7430685 1.8380380 1.2605212 1.8248293 1.7697263 2.6197916 2.1237249 2.5223991 2.5102196 2.8442134 2.8094228 2.5751422 2.4375029 2.3064022 2.4527217 2.6025295 
OL700157_XiangYun_orthomyxo-like_virus_5                     1.7483611 1.8782622 0.0000000 1.8548568 2.2254958 2.8297508 2.4589660 2.5894620 2.1205692 2.4340105 2.2955615 2.1684343 1.7583199 2.6608781 2.5282599 2.2008076 2.2390512 3.0402095 3.5196924 2.5745352 2.5872854 1.7322497 3.2038397 3.5132415 1.7521258 2.1185557 1.6964112 1.7518565 1.7879270 2.4374367 2.1825508 1.6643009 2.3083294 2.1825508 2.1825508 2.2157043 2.1125148 2.2222663 2.2207427 1.5655412 1.9096789 2.0043303 2.3330182 2.3447990 1.8951330 1.7054793 1.8951330 2.1720194 1.9416961 2.1554557 2.1554557 2.1577122 2.1577122 2.1552324 1.7658432 1.7723669 1.8291349 2.1077111 2.6507342 2.2896249 1.7072165 1.9558620 1.9446190 2.4340105 2.3030219 1.9410169 1.6304815 2.5991559 1.7822067 2.6509363 1.9090738 2.3615071 2.4496939 1.8634830 2.5138374 2.5213702 2.5207440 2.5207440 2.5207440 2.5207440 2.5893404 2.5745390 2.4619348 2.5346876 2.5430079 2.5293889 2.5282623 2.5512981 2.5390402 2.5282599 2.5231639 2.5264903 2.5157529 2.5282599 2.5213702 2.5161392 2.8933195 2.1833527 2.5157090 2.6783633 2.5439438 2.5157090 2.4763931 1.7994151 2.6543815 2.7522740 2.4575326 2.8520276 2.8384320 2.8055203 2.2589108 2.2297641 2.2022484 2.2248284 1.7094875 2.2300892 2.2388144 2.8018273 2.3347652 2.3961806 2.4007107 2.8960275 2.5761208 2.5688223 2.6286467 2.4255529 2.4195547 2.8933195 
OL700153_XiangYun_orthomyxo-like_virus_1                     1.6045837 0.3585250 1.8548568 0.0000000 1.7233997 2.5669177 2.5217194 2.4366658 1.9686449 2.4703128 1.7887913 1.7885871 1.5133984 2.9492212 2.3394354 2.0264393 2.0088812 3.0162407 3.3742014 2.4751686 2.3514677 1.6218061 3.3845011 3.3834586 1.4939710 2.0152986 1.5071418 1.5865822 1.5491378 2.0275251 2.0280299 1.4942699 2.0839883 2.0280299 2.0280299 2.0639750 1.8053244 1.7153301 1.7149125 1.6913266 1.7598863 1.6899968 2.2745859 2.2854807 1.7694651 1.7337117 1.7694651 1.9449259 1.5734939 1.7906485 1.7906485 1.7851803 1.7851803 1.7796672 1.7191433 1.7228454 1.7763629 1.9268262 1.9485705 2.0430975 1.6000048 1.8396707 1.8260236 2.4703128 2.3875225 0.5611483 1.4413316 2.3233354 1.6443103 2.3187636 2.0455426 2.2698260 2.3044959 0.0425317 2.3382075 2.3491986 2.3786346 2.3613565 2.3613565 2.3786346 2.4137697 2.7691861 2.6481351 2.3528278 2.3391570 2.3369659 2.3394499 2.3483922 2.3388498 2.3394354 2.3293818 2.3314124 2.3308134 2.3491478 2.3491986 2.3566578 2.4776634 2.0677413 2.3382557 2.3700443 2.3622743 2.3382557 2.3597454 1.6506120 2.6556377 2.7830049 2.3887724 2.7852587 3.0578784 3.0363038 2.1423668 1.7197730 1.7131114 1.7257804 1.4456781 1.7259128 1.6844937 2.6754754 2.1986941 2.5028447 2.5731360 2.9807081 2.7799946 2.5877028 2.5730668 2.6255882 2.4999253 2.4776634 
MN053838_Guadeloupe_mosquito_quaranja-like_virus_1           0.6628452 1.8306899 2.2254958 1.7233997 0.0000000 2.4305373 2.4787253 2.4530536 1.9349422 2.7837060 0.2102345 0.1912064 1.1088432 2.8890312 2.2862065 2.0540020 2.0637976 2.6408180 2.7827489 2.5831789 2.1813280 1.8223517 2.8468397 3.0707230 1.8353439 1.6198344 1.3238972 1.3914130 1.4087769 2.0310364 2.0170143 1.4813169 2.0819957 2.0170143 2.0170143 2.0290974 0.2627144 0.0060591 0.0091041 1.3874511 1.0287390 0.6419956 2.1665951 2.1761334 1.0269255 1.7432815 1.0269255 1.9594488 0.1795538 0.1787333 0.1787333 0.1807025 0.1807025 0.1770777 1.3126498 1.3131431 1.4275683 1.9262653 2.4426828 2.0372836 1.3239234 1.3190990 1.3179641 2.7837060 2.4384605 1.8198278 1.7214745 2.3560295 1.3232033 2.4385243 2.0669999 2.0425061 2.4517921 1.7542111 2.2759881 2.2978905 2.3272306 2.3116908 2.3116908 2.3272306 2.3363115 2.7121895 2.4617239 2.3018264 2.2977859 2.2852195 2.2862229 2.2815585 2.2784442 2.2862065 2.2821462 2.2828837 2.2807626 2.2814838 2.2978905 2.3091452 2.8675355 1.9338849 2.2927785 2.1579466 2.2956242 2.2927785 2.3398721 1.3251713 2.4836319 2.5578953 2.5953167 2.5949266 2.7825764 2.7248402 2.0266993 0.0060483 0.0054704 0.0091157 0.0027177 0.0075668 0.0066206 2.8811203 2.3494681 2.2477188 2.5261184 2.7966350 2.8809337 2.3602812 2.4872187 2.1673791 2.3351736 2.8675355 
KM817627_Wuhan_Mothfly_Virus                                 2.0689921 2.2437902 2.8297508 2.5669177 2.4305373 0.0000000 1.3502018 1.4863385 1.9352111 1.4369821 2.3300263 2.5055773 2.3321256 1.7839144 2.9953489 2.5632476 2.5668487 2.1494518 2.4341238 1.3765894 1.0184823 2.2661772 2.2904806 2.2865575 2.0933346 2.1795491 2.1765246 2.2128307 2.1347992 2.6800127 2.5291886 2.0350522 2.5418586 2.5291886 2.5291886 2.5552174 2.3965336 2.4236933 2.4213308 2.2830842 2.3275952 2.3103363 3.1563100 3.1716698 2.3163715 2.2996009 2.3163715 2.7843952 2.0273785 2.3568389 2.3568389 2.3500183 2.3500183 2.3517978 2.1683183 2.1710282 2.2411334 1.9338621 2.6827454 2.5691133 2.0998841 2.4120961 2.4157710 1.4369821 0.9829327 2.6413115 2.4348406 2.8434397 2.4039347 2.0800245 1.9770220 1.3501666 0.9044460 2.5386659 2.9732242 2.9964550 3.0266988 3.0248829 3.0248829 3.0266988 3.0536739 1.5168387 0.9938218 3.0020030 3.0114597 2.9924631 2.9953142 3.0050288 2.9923546 2.9953489 3.0076328 2.9862497 2.9935904 3.0076328 2.9964550 2.9894856 2.7508204 2.6555386 2.9831260 3.1297778 2.9954914 2.9831260 1.3551807 2.4242267 1.5297145 0.4563632 1.7206999 1.8271482 2.5736598 2.5580970 2.6050215 2.4304861 2.4867318 2.4248066 2.0133906 2.4298784 2.2609962 1.8955866 0.9042146 1.6875974 1.5510532 1.8382044 1.9320626 2.1943408 1.7943806 1.4522009 2.1844019 2.7508204 
MT153531_Coleopteran_orthomyxo-related_virus_OKIAV184        1.8818166 2.2281701 2.4589660 2.5217194 2.4787253 1.3502018 0.0000000 0.9876760 1.8296055 1.6108695 2.5175070 2.6072263 2.1903813 1.2523522 2.9275158 2.4544100 2.4557030 2.1095558 2.3487084 1.6253821 1.2185247 2.2676406 2.3686671 2.3229990 2.2687409 2.3924649 2.1425668 2.1324657 2.0758997 2.5431408 2.4700983 2.1402122 2.4773454 2.4700983 2.4700983 2.4562153 2.5836861 2.5647104 2.5562474 2.1681613 2.3887287 2.3485406 3.0515877 3.0655558 2.3882592 2.1629036 2.3882017 2.5264345 2.1304364 2.4677312 2.4677312 2.4608885 2.4608885 2.4539600 2.1572293 2.1597450 2.0447988 1.8756862 2.8966019 2.4713028 2.1424621 2.2474650 2.2632086 1.6108695 1.2641824 2.6723151 2.5801153 2.8740848 2.2377194 1.7722928 1.8093328 1.1863793 1.1711962 2.5514223 2.8953745 2.9217532 2.9307523 2.9377494 2.9377494 2.9307523 2.9972404 0.9976683 1.3190933 2.9397914 2.9424015 2.9253468 2.9187805 2.9428568 2.9182835 2.9275158 2.9174184 2.9077678 2.9245200 2.9388445 2.9236298 2.9222642 2.4365406 2.7793647 2.9113161 2.9778487 2.9012025 2.9113161 1.2810465 2.2552234 1.0064383 1.5154079 1.5047094 1.8619215 2.3285886 2.3019139 2.9054874 2.5739868 2.7877289 2.5687298 2.1305979 2.5659544 2.4424114 1.2920277 1.2079608 1.1042199 1.1565367 1.3138593 1.3363752 2.1458745 1.7651934 1.4736109 2.1666673 2.4365406 
MT153452_Coleopteran_orthomyxo-related_virus_OKIAV186        2.0067629 2.3333194 2.5894620 2.4366658 2.4530536 1.4863385 0.9876760 0.0000000 1.8598433 1.5321620 2.4127977 2.4735131 2.1372067 1.3019196 2.6005447 2.6454538 2.6724053 2.1580266 2.3338039 1.6346447 1.3128911 2.5371277 2.4467038 2.3778518 2.5147411 2.4706102 1.9080225 2.0458562 2.0286887 2.6797348 2.5765419 2.1829387 2.7354115 2.5765419 2.5765419 2.6034503 2.3989886 2.5028812 2.5016897 2.0402709 2.3771746 2.2738799 2.8407848 2.8531936 2.3916182 2.3756710 2.3943916 2.5086562 1.9596775 2.3638527 2.3638527 2.3574486 2.3574486 2.3609910 2.0645070 2.0669214 2.1280761 1.7266339 2.9838602 2.6656108 2.0820249 2.3811198 2.3839309 1.5321620 1.3962727 2.5271207 2.4744047 2.6500379 2.4811039 1.6812178 1.8276241 1.2612911 1.3535428 2.3812524 2.5987107 2.6353623 2.6531869 2.6392838 2.6392838 2.6562663 2.6606283 0.9215345 1.3820532 2.6111918 2.6131593 2.6107263 2.6232810 2.6134690 2.5959839 2.6005447 2.6294766 2.6081768 2.5906009 2.6100686 2.6253644 2.6154035 2.4617229 2.6484231 2.6147133 2.7394426 2.6048802 2.6147133 1.2950854 2.5003879 1.0081446 1.5985972 1.3969206 1.8063705 2.5272499 2.5140896 2.7866568 2.5292122 2.5112697 2.5367101 2.0273194 2.5287657 2.3880278 1.4158625 1.2539246 1.1498376 1.1648042 1.4078527 1.4704444 2.2646807 1.7152665 1.6851363 2.2627485 2.4617229 
MT153419_Hemipteran_orthomyxo-related_virus_OKIAV191         1.7814315 1.9429151 2.1205692 1.9686449 1.9349422 1.9352111 1.8296055 1.8598433 0.0000000 1.8070256 1.9551933 1.9940794 1.6043461 2.1945941 2.5021632 2.2009407 2.2225935 2.3864673 2.5097436 2.0439247 1.8190265 1.9728852 2.4397253 2.6655839 1.8242210 1.8817441 1.5695162 1.5860875 1.5890699 2.2303189 2.1697632 1.5369335 2.2116219 2.1667010 2.1667010 2.2035612 2.0141334 1.9113821 1.9072833 1.4456912 1.8370716 1.9068284 2.2741738 2.2835924 1.8333591 1.8401774 1.8374943 1.9641915 1.6367440 1.9278337 1.9278337 1.9295638 1.9295638 1.9255613 1.5026917 1.4985099 1.6929545 0.2600145 2.5538219 2.2164261 1.5142211 1.7674835 1.7624375 1.8070256 2.0061299 2.0161876 1.8013838 2.3120215 1.6606634 1.8202711 0.9289043 1.7156483 1.7396831 1.9382050 2.4892065 2.5042839 2.5129013 2.5272941 2.5272941 2.5272941 2.5243521 1.8699249 1.9152060 2.5114099 2.5141632 2.5030903 2.5075057 2.5011706 2.5014699 2.5021632 2.5133511 2.5007237 2.4950364 2.5089626 2.5062164 2.5179200 2.3841054 2.3182329 2.4961383 2.4347933 2.4998401 2.4961383 1.7627669 1.6732731 1.8076904 1.9862015 2.0850570 2.0638001 2.4034314 2.3681844 2.3727963 1.9205017 1.9956827 1.9180767 1.5977226 1.9207869 1.7897325 1.7537844 1.6862936 1.7896669 2.0037348 2.3353169 2.2187697 1.6431561 1.9298877 1.9055297 1.6383591 2.3841054 
KX883882_Hubei_earwig_virus_1                                2.0790646 2.4353125 2.4340105 2.4703128 2.7837060 1.4369821 1.6108695 1.5321620 1.8070256 0.0000000 2.7275855 2.7147686 2.1430439 1.5822507 2.5195029 2.4127717 2.4822819 2.2612509 2.9740469 1.4838169 1.1995304 2.1781916 2.5984508 2.9967064 2.1311466 2.3858203 2.0808205 2.2046874 2.1339142 2.4430751 2.3953035 2.1245212 2.4098623 2.3906989 2.3906989 2.4201492 2.4815014 2.7193739 2.7214915 2.3168611 2.3432951 2.4624515 2.6555786 2.6664008 2.3249433 2.3379277 2.3285296 2.2785953 2.2481601 2.5614185 2.5614185 2.5660686 2.5660686 2.5705068 2.3725915 2.3633535 2.2247157 1.9280708 2.3528567 2.4179350 2.1156300 2.3093419 2.3126593 0.0000010 1.2209165 2.3750129 2.3194816 2.4949329 2.2025216 2.0752286 1.7567987 1.6184691 1.1017442 2.3573489 2.4928126 2.5084757 2.5289398 2.5170011 2.5170011 2.5323285 2.5231483 1.5104258 1.2302718 2.5349728 2.5310839 2.5173326 2.5202411 2.5367864 2.5214984 2.5195029 2.5282327 2.5074402 2.5186040 2.5260680 2.5164593 2.5213889 2.6166462 2.4474340 2.5138665 2.6445717 2.5275159 2.5138665 1.6549104 2.2070341 1.5535416 1.4300493 1.7515864 1.7748135 2.2008795 2.1750887 2.5723668 2.7342032 2.8103901 2.7331612 2.2728318 2.7344435 2.6861647 1.5548636 1.0695253 1.5283768 1.6004252 1.8207002 1.7096149 2.1978514 1.7365765 1.5296715 2.1570986 2.6166462 
MW520417_Aedes_detritus_orthomyxo-like_virus                 0.7108755 1.9537667 2.2955615 1.7887913 0.2102345 2.3300263 2.5175070 2.4127977 1.9551933 2.7275855 0.0000000 0.1047561 1.1760561 2.8102263 2.1538021 2.0355878 2.0526789 2.8149738 2.8737838 2.3895491 2.2247718 1.9766464 3.0415217 3.2323047 2.0680286 1.6751909 1.3453648 1.3880465 1.3834291 1.9453193 2.0076647 1.4318375 2.0190296 2.0167300 2.0167300 2.0432849 0.3064571 0.2176062 0.2213219 1.3528427 0.9854023 0.6987321 2.1149564 2.1231651 0.9881634 1.7942624 0.9813177 1.8582489 0.1719766 0.1993666 0.1993666 0.2017863 0.2017863 0.1978425 1.3296694 1.3323091 1.3782841 1.8703106 2.1559473 1.9879666 1.3554588 1.2837420 1.2833648 2.7446812 2.3855772 1.7559520 1.8092858 2.2645594 1.2950194 2.2755087 1.9921166 2.0867760 2.3625390 1.8574347 2.1765310 2.1889914 2.2077215 2.2021681 2.2021681 2.2151856 2.1989694 2.5444291 2.3804756 2.1830129 2.1795656 2.1776220 2.1849063 2.1798022 2.1633537 2.1698960 2.1921979 2.1770577 2.1748724 2.1658666 2.1877948 2.1971810 2.7351747 1.9720924 2.1897455 2.1296023 2.1917899 2.1897455 2.4540564 1.2967504 2.4050412 2.4820491 2.4525808 2.5852452 2.7428611 2.6970392 2.0425233 0.2153621 0.2298286 0.2198255 0.1346879 0.2134785 0.2258977 2.7756032 2.2901493 2.1188115 2.3803638 2.7141267 2.7081352 2.1361564 2.3890152 2.2701073 2.1115107 2.7351747 
KX898491_Whidbey_virus                                       0.6752052 1.9780845 2.1684343 1.7885871 0.1912064 2.5055773 2.6072263 2.4735131 1.9940794 2.7147686 0.1047561 0.0000000 1.0911463 2.8261854 2.2430298 2.0280553 2.0532566 2.7612279 2.9520176 2.5479517 2.2669597 1.8954527 3.1730628 3.2747579 2.0126510 1.6784545 1.3130545 1.3763691 1.3549703 2.0199162 2.0118414 1.4247124 2.0045897 2.0207606 2.0207606 2.0400571 0.2923260 0.2013105 0.1976655 1.2981494 0.9703243 0.6672519 2.0969455 2.1049461 0.9730137 1.7164030 0.9670496 1.8341084 0.1494147 0.1673289 0.1673289 0.1695656 0.1695656 0.1658462 1.3180395 1.3207837 1.3497827 1.9007342 2.1428832 1.9731855 1.3607202 1.2869026 1.2865308 2.7315313 2.4354615 1.7971110 1.7442935 2.2846457 1.2561959 2.3754450 1.9863408 2.1655439 2.4022617 1.7966444 2.2652958 2.2781334 2.3008228 2.2904593 2.2904593 2.3038491 2.2876164 2.6594435 2.4291940 2.2726606 2.2691702 2.2671840 2.2746118 2.2748201 2.2525220 2.2592138 2.2821309 2.2645988 2.2508513 2.2574372 2.2769409 2.2872146 2.8084672 1.9239721 2.2776781 2.2267808 2.2800839 2.2776781 2.5473075 1.2578614 2.5503904 2.5983611 2.6421102 2.6381415 2.7490201 2.7025606 2.0026367 0.1991650 0.2015408 0.2034278 0.1336592 0.2009551 0.2008100 2.8812597 2.3231750 2.2366435 2.4943459 2.7951334 2.7958811 2.1482392 2.4707005 2.2833965 2.1658779 2.8084672 
ON059763_Byreldi_virus                                       0.8310499 1.6251043 1.7583199 1.5133984 1.1088432 2.3321256 2.1903813 2.1372067 1.6043461 2.1430439 1.1760561 1.0911463 0.0000000 2.2733200 1.8548922 1.7207276 1.7318742 2.2280686 2.5159199 2.1423731 2.1752973 1.4503976 2.6965615 2.6771476 1.5466940 1.5372575 1.0936321 1.0994320 1.1145575 1.7283666 1.7022561 1.0721519 1.7339189 1.7096370 1.7096370 1.7241919 1.1572903 1.0491820 1.0475859 1.0562146 0.9486886 0.9559643 1.8619913 1.8690909 0.9493889 1.4580320 0.9471420 1.6003940 0.9621150 1.0824221 1.0824221 1.0814563 1.0753687 1.0727065 1.1201098 1.1161759 1.0580095 1.6104197 1.8275699 1.7114447 1.0937526 0.9841532 0.9841315 2.1476612 2.1147235 1.4796555 1.3742271 1.7756878 0.9210756 2.0689494 1.7702507 1.9845750 1.9153251 1.5507037 1.8345188 1.8497044 1.8486199 1.8463526 1.8463526 1.8486199 1.8722402 2.1282891 2.0148065 1.8492269 1.8500247 1.8428171 1.8389874 1.8507209 1.8477774 1.8420077 1.8386138 1.8391621 1.8429210 1.8465301 1.8459308 1.8503305 2.3764166 1.7204438 1.8428847 1.7943099 1.8434968 1.8428847 2.1747036 0.9222941 1.9622000 2.3664104 2.3246318 2.1011269 2.4276538 2.4064935 1.7896905 1.0565950 1.0488243 1.0588595 0.8241233 1.0598604 1.0474348 2.2158744 1.8463811 1.9317158 2.1790378 2.4080512 2.3192368 2.0200825 2.0899484 1.9164658 1.9356461 2.3764166 
KX883873_Hubei_orthomyxo-like_virus_1                        2.2980533 2.9350170 2.6608781 2.9492212 2.8890312 1.7839144 1.2523522 1.3019196 2.1945941 1.5822507 2.8102263 2.8261854 2.2733200 0.0000000 2.9607335 3.0233414 3.0206361 2.5197364 2.8583216 1.6601235 1.7835642 2.7085807 2.7064089 2.9233243 2.6298901 2.5479399 2.2887791 2.4102122 2.3692394 3.0169636 2.9627898 2.4958923 2.9523688 2.9934628 2.9934628 3.0018115 2.8389583 2.9735845 2.9687212 2.5360826 2.5926066 2.6309062 3.3393421 3.3542161 2.5883328 2.5115810 2.5897596 2.8371962 2.3073277 2.8578262 2.8578262 2.8413848 2.8432435 2.8547248 2.6615789 2.6747504 2.3993450 2.1388794 3.0128228 2.9153347 2.4511151 2.6345723 2.6404896 1.6432884 1.8028580 2.7636829 2.5163554 2.9578000 2.3764909 2.0088851 2.0958803 1.5981653 1.5441294 2.8629381 3.0563450 3.0943486 3.0864126 3.0905340 3.0905340 3.0905340 3.0898328 1.4360687 1.8018674 3.0689582 3.0716262 3.0569406 3.0833567 3.0797959 3.0678771 3.0569406 3.0793163 3.0513146 3.0471110 3.0455943 3.0828797 3.0677779 2.4780333 3.0495869 3.0856402 3.0772019 3.0682234 3.0856402 1.5793785 2.3743203 1.3386562 1.9295924 1.6668576 1.9075141 2.5067688 2.4662749 3.4219665 2.9918674 3.1273358 2.9967619 2.4156978 2.9936816 2.9955509 1.3069578 1.5394264 1.1728523 1.2356042 0.3090196 0.3781405 2.3385095 1.9248179 1.7682155 2.3196783 2.4780333 
OM817558_Wuhan_Mosquito_Virus_6                              1.7008007 2.4587230 2.5282599 2.3394354 2.2862065 2.9953489 2.9275158 2.6005447 2.5021632 2.5195029 2.1538021 2.2430298 1.8548922 2.9607335 0.0000000 1.2269198 1.2164427 3.1683581 3.1687964 2.5714673 2.3510975 2.3381688 3.2376661 2.9751160 2.2521533 2.0616463 1.9472751 1.9111653 1.9363007 1.1758716 1.1530144 1.9061280 1.1805229 1.1580098 1.1580098 1.1863829 2.1138200 2.1565655 2.1621052 1.9029085 2.0613095 2.0072643 0.8674310 0.8709184 2.0686114 1.9156493 2.0739073 1.1512659 1.9684539 2.0947445 2.0947445 2.1020104 2.1020104 2.1017041 1.9045992 1.8988049 1.9025656 2.3553328 1.2847795 1.1683818 1.8865770 1.9421839 1.9467986 2.5195029 2.7021044 2.1640110 2.4492409 0.2784117 1.8951949 2.2866128 2.4623047 2.4862960 2.7546627 2.1914882 0.0081325 0.0054104 0.0108858 0.0081383 0.0081383 0.0095180 0.0192584 2.7761694 2.7635226 0.0013474 0.0013471 0.0013448 0.0027049 0.0026998 0.0027020 0.0000010 0.0026987 0.0026916 0.0053913 0.0013449 0.0040516 0.0054067 2.9275500 1.2311488 0.0054091 0.0041895 0.0054341 0.0054091 2.5900034 1.8920879 2.6958966 2.8066658 2.7131266 2.7253062 2.7090431 2.7186753 1.0487708 2.1587476 2.0930092 2.1609728 1.7148322 2.1590020 2.1702686 2.6911572 2.6299927 2.5719074 2.5577195 2.9414509 3.0072174 2.5856460 2.4958056 2.4882274 2.4640525 2.9275500 
MN513372_Culex_orthomyxo-like_virus                          1.7009277 2.1993140 2.2008076 2.0264393 2.0540020 2.5632476 2.4544100 2.6454538 2.2009407 2.4127717 2.0355878 2.0280553 1.7207276 3.0233414 1.2269198 0.0000000 0.0386955 3.0113176 3.0228054 2.4882775 2.4086949 1.9419921 3.0783493 2.9704456 1.9593583 1.9470829 1.6285742 1.7246887 1.7160233 0.6577476 0.0442192 1.7626360 0.1247887 0.0428020 0.0428020 0.0358925 2.0061879 1.9819316 1.9731451 1.7338791 1.9216883 1.9156410 1.1786172 1.1830306 1.9230517 2.0056216 1.9186264 0.9071341 1.7427076 1.8386295 1.8386295 1.8473437 1.8515416 1.8379904 1.8422478 1.8384490 1.7381600 2.1635860 0.1153045 0.1228811 1.6706128 1.6970520 1.6939648 2.4333803 2.5117104 1.9702915 1.9773506 1.2921995 1.7575254 2.4716288 2.1142027 2.3814098 2.5031683 1.9494810 1.2411929 1.2514088 1.2659780 1.2595971 1.2595971 1.2670283 1.2715314 2.7615746 2.6766801 1.2438912 1.2402055 1.2420067 1.2410239 1.2432224 1.2391791 1.2377689 1.2388382 1.2409861 1.2414246 1.2372344 1.2466495 1.2428655 2.7900231 1.0358795 1.2416844 1.1101825 1.2519595 1.2416844 2.3896070 1.7609780 2.6611860 2.6217250 2.6030660 2.6267836 2.8353900 2.8328384 1.1207435 1.9964538 2.0381119 1.9956282 1.5981682 1.9967138 1.9805094 2.5742684 2.3878007 2.3729610 2.6659722 3.0021757 2.8701440 2.4028600 2.4525565 2.3014521 2.4304074 2.7900231 
MW520421_Culex_modestus_orthomyxo-like_virus                 1.7600482 2.2419031 2.2390512 2.0088812 2.0637976 2.5668487 2.4557030 2.6724053 2.2225935 2.4822819 2.0526789 2.0532566 1.7318742 3.0206361 1.2164427 0.0386955 0.0000000 2.9913021 3.0312977 2.5041155 2.4207567 2.0054853 3.0375059 2.9842738 1.9710020 1.9559024 1.6394801 1.7323351 1.7331085 0.6560764 0.0501405 1.7721466 0.1242068 0.0515678 0.0515678 0.0459124 1.9917302 1.9962271 1.9873815 1.7599768 1.9443572 1.9378138 1.1688749 1.1732622 1.9457291 2.0315464 1.9441737 0.9361583 1.7813467 1.8703556 1.8703556 1.8791818 1.8850506 1.8697595 1.8667449 1.8629048 1.7619136 2.1454070 0.1062635 0.1213700 1.6714795 1.6745421 1.6714822 2.5121393 2.4603178 1.9548826 2.0315826 1.2684276 1.7461817 2.4758371 2.1352872 2.4311449 2.4674329 1.9458483 1.2479204 1.2500294 1.2645986 1.2582171 1.2582171 1.2656482 1.2718543 2.7562505 2.6586612 1.2368338 1.2331652 1.2349550 1.2396428 1.2245841 1.2321401 1.2307310 1.2374560 1.2339409 1.2343744 1.2301986 1.2452687 1.2414847 2.7969870 1.0391966 1.2403023 1.1346490 1.2505734 1.2403023 2.4012333 1.7496067 2.6538247 2.6289257 2.6003492 2.5794744 2.8657658 2.8382654 1.1242394 2.0108385 2.0542750 2.0100097 1.6046403 2.0086668 1.9938339 2.6005879 2.4081481 2.3694261 2.7196163 3.0038652 2.9078268 2.4157483 2.4588133 2.3181792 2.4765360 2.7969870 
KX883844_Beihai_orthomyxo-like_virus_1                       2.2342772 2.7708165 3.0402095 3.0162407 2.6408180 2.1494518 2.1095558 2.1580266 2.3864673 2.2612509 2.8149738 2.7612279 2.2280686 2.5197364 3.1683581 3.0113176 2.9913021 0.0000000 2.1127107 2.3152403 2.1508564 2.6125565 1.9357119 1.8835183 2.6527141 2.8440914 2.6693085 2.6663829 2.6128699 3.2055755 3.0542968 2.4525648 3.1746917 3.0698446 3.0698446 3.0604705 2.7098279 2.7170701 2.7115439 2.6219328 2.5949097 2.6026993 3.4352761 3.4502902 2.5752400 2.6896222 2.5752701 3.0569510 2.3722444 2.6974828 2.6974828 2.7000829 2.7087025 2.6947171 2.6635877 2.6631022 2.4632015 2.4169982 3.7561242 3.1751654 2.6358945 2.5850588 2.5860101 2.3193226 2.1590295 2.7287282 2.7591906 3.0960811 2.5832716 2.4365566 2.4213637 2.2178599 2.1736823 2.9852951 3.1826982 3.1788195 3.2062062 3.1885247 3.1885247 3.1885247 3.1668236 2.4849624 2.2862642 3.1822729 3.1966555 3.1825172 3.1729982 3.2110882 3.1764844 3.1815881 3.1715356 3.1797318 3.1714967 3.1761547 3.1817477 3.1738452 2.8549295 3.1125990 3.1693368 3.3492092 3.1801876 3.1693368 2.2679901 2.5864121 2.3127390 2.2771569 2.6751951 2.2667692 3.1960299 3.1614133 3.1929988 2.7208315 2.7239099 2.7390161 2.5517962 2.7287797 2.6634606 2.2232541 2.1269630 2.2775817 2.4885364 2.8076494 2.6646154 2.4096289 2.2360291 2.1694402 2.4381505 2.8549295 
OM405131_Quaranjavirus_sp.                                   2.7105372 3.0422162 3.5196924 3.3742014 2.7827489 2.4341238 2.3487084 2.3338039 2.5097436 2.9740469 2.8737838 2.9520176 2.5159199 2.8583216 3.1687964 3.0228054 3.0312977 2.1127107 0.0000000 2.6512533 2.4120969 2.8373522 1.2983533 0.8435904 3.0371441 2.7684155 2.6102118 2.6490555 2.6144113 3.1117304 2.9366231 2.6182433 3.0254180 2.9514434 2.9514434 2.9503971 2.7122483 2.7953574 2.7902678 2.5338239 2.6773450 2.6924854 3.2191606 3.2136686 2.6772923 2.8720216 2.6776152 3.0141384 2.5441077 2.7523292 2.7523292 2.7441093 2.7441093 2.7517797 2.4350298 2.4322785 2.6404980 2.6502458 3.7918332 3.0068266 2.5019837 2.5952984 2.5929303 2.9494599 2.5299097 3.3297610 2.9252754 2.9441177 2.9043154 2.5601174 2.3412757 2.4386028 2.5250265 3.3680533 3.1233050 3.1300436 3.1475832 3.1302897 3.1302897 3.1302897 3.1652900 2.7276945 2.4001661 3.1376108 3.1403452 3.1229234 3.1211821 3.1406828 3.1205213 3.1255468 3.1156362 3.1188324 3.1036443 3.1368727 3.1300436 3.1454353 2.8678709 2.8623554 3.1178202 3.0362740 3.1194738 3.1178202 2.5710452 2.9273502 2.5721078 2.6927703 2.9452513 2.8649116 2.7299131 2.7544859 3.6810232 2.8072420 2.8756302 2.8155448 2.5013815 2.7990644 2.6616400 2.5723116 2.4483270 2.3962863 2.8124618 2.9245672 2.8142769 2.7125497 2.8393840 2.5485811 2.6684538 2.8678709 
MW033635_Soybean_thrips_quaranja-like_virus_1                1.8979415 2.4262003 2.5745352 2.4751686 2.5831789 1.3765894 1.6253821 1.6346447 2.0439247 1.4838169 2.3895491 2.5479517 2.1423731 1.6601235 2.5714673 2.4882775 2.5041155 2.3152403 2.6512533 0.0000000 1.1827575 2.6172245 2.7599565 2.8222888 2.5283982 2.5742645 2.1976931 2.3122649 2.3408032 2.6979574 2.4905949 2.3665883 2.5565509 2.5150849 2.5150849 2.5357072 2.4746947 2.5925690 2.5812267 2.2430024 2.2902709 2.4072197 2.7752709 2.7864136 2.2803396 2.2688241 2.2739402 2.4146363 2.1403107 2.5463841 2.5463841 2.5378650 2.5404568 2.5462281 2.1856252 2.1958805 2.3800143 2.1108831 3.2982098 2.5119396 2.1426466 2.0465734 2.0447147 1.5586194 1.2328288 2.4193918 2.4785691 2.6703717 2.1976805 2.0274952 2.0672355 1.5693782 1.3159835 2.5556081 2.6596770 2.6828836 2.7085032 2.6948020 2.6948020 2.6948020 2.7550132 1.6411285 1.2488622 2.6668360 2.6629356 2.6574639 2.6692047 2.6695619 2.6436698 2.6511006 2.6651189 2.6540526 2.6662456 2.6578299 2.6735311 2.7042048 2.4137841 2.6147008 2.6635615 2.6449896 2.6473841 2.6635615 1.5650452 2.2130303 1.6107823 1.4402489 1.8465047 1.9888634 2.4898158 2.4579712 2.5800846 2.5877655 2.5962255 2.5880198 2.1146878 2.5880001 2.5444164 1.7504205 1.1696377 1.6924124 1.8241369 1.7246200 1.6443756 2.0913276 1.9350858 1.5598595 2.1014365 2.4137841 
MW288220_Hymenopteran_orthomyxo-related_virus_OKIAV171       1.8102106 2.2814451 2.5872854 2.3514677 2.1813280 1.0184823 1.2185247 1.3128911 1.8190265 1.1995304 2.2247718 2.2669597 2.1752973 1.7835642 2.3510975 2.4086949 2.4207567 2.1508564 2.4120969 1.1827575 0.0000000 2.5642093 2.4649515 2.3522174 2.2406541 2.0763484 1.8803752 1.9580564 1.9238273 2.5086130 2.3296497 2.0153002 2.4074669 2.3404348 2.3404348 2.3775925 2.3349855 2.2355630 2.2229156 2.1197673 2.2680783 2.2434205 2.4894397 2.4992509 2.2528291 2.1392060 2.2584550 2.3835931 1.8654394 2.2750142 2.2750142 2.2742849 2.2764832 2.2746696 1.9767434 1.9714901 2.0633819 1.8417958 2.6035621 2.3801710 1.9654401 2.0602304 2.0615640 1.2314822 0.6661774 2.4394890 2.5566855 2.3970496 2.1878817 1.7838955 1.8699306 1.3485467 0.6861124 2.3917973 2.3580517 2.3625357 2.3928582 2.3815216 2.3815216 2.3955845 2.3877554 1.3983567 0.6134381 2.3882886 2.3879400 2.3781947 2.3579658 2.3834642 2.3764218 2.3773403 2.3532367 2.3760751 2.3757971 2.3853116 2.3651438 2.3919558 2.5461387 2.3039635 2.3742431 2.4366354 2.3734888 2.3742431 1.2517274 2.2034563 1.5442617 1.1294441 1.7840209 1.6990204 2.5127072 2.5208150 2.5651952 2.2474931 2.2960493 2.2381394 1.7612788 2.2539081 2.1570272 1.6667954 0.6240905 1.4037983 1.6324271 1.8780955 1.6535445 1.9522324 1.6429449 1.4872725 2.0527908 2.5461387 
MW784032_Yunnan_sediment_orthomyxo-like_virus                1.3533261 1.6461870 1.7322497 1.6218061 1.8223517 2.2661772 2.2676406 2.5371277 1.9728852 2.1781916 1.9766464 1.8954527 1.4503976 2.7085807 2.3381688 1.9419921 2.0054853 2.6125565 2.8373522 2.6172245 2.5642093 0.0000000 3.0344998 2.9340759 0.3843380 1.8505704 1.5056644 1.6224409 1.5964357 2.1456914 1.9340074 1.4360546 1.9816595 1.9204293 1.9204293 1.9473641 1.7721488 1.7627872 1.7585359 1.4213973 1.6523170 1.6089617 2.1731110 2.1813352 1.6432982 1.8528020 1.6391802 1.9680366 1.5329359 1.7479470 1.7479470 1.7536167 1.7575750 1.7449848 1.6201403 1.6143772 1.5486527 2.0433895 1.5671191 1.9926853 1.4888615 1.7679380 1.7695924 2.2259844 2.1145632 1.6496614 0.6466948 2.2710185 1.7373935 2.4126747 1.9130402 2.4756756 2.4041475 1.7353296 2.3529977 2.3752547 2.3728519 2.3767922 2.3767922 2.3749492 2.3973388 2.7228790 2.3068571 2.3644095 2.3698424 2.3663058 2.3644217 2.3721550 2.3673878 2.3678503 2.3636666 2.3618281 2.3744309 2.3642042 2.3703373 2.3652449 2.4801442 2.1021829 2.3615197 2.4270435 2.3809516 2.3615197 2.4420958 1.7413857 2.5793167 2.4818719 2.7277828 2.3574454 2.6140898 2.5984744 2.3065735 1.7622963 1.8019374 1.7648433 1.5169420 1.7625746 1.7884825 2.6070435 2.2492527 2.3516468 2.6025184 2.7492389 2.7501886 2.5472258 2.2849269 2.2190539 2.4848565 2.4801442 
NC_052931_Quaranjavirus_johnstonense                         2.7705622 3.1120950 3.2038397 3.3845011 2.8468397 2.2904806 2.3686671 2.4467038 2.4397253 2.5984508 3.0415217 3.1730628 2.6965615 2.7064089 3.2376661 3.0783493 3.0375059 1.9357119 1.2983533 2.7599565 2.4649515 3.0344998 0.0000000 1.1966302 3.1340934 2.8115311 2.7627140 2.7988935 2.8641540 3.2244902 3.0079201 2.7638696 2.9830192 3.0230124 3.0230124 3.0238629 3.1409737 2.9464269 2.9412101 2.5589348 2.9189266 2.9570078 3.4828023 3.4981742 2.9124919 3.0821034 2.9126221 3.2294016 2.5890613 2.8792108 2.8792108 2.8794435 2.8826795 2.8877665 2.7842901 2.7764665 2.6843279 2.6202105 3.6086507 3.0042844 2.7131760 2.5934311 2.5910968 2.6318184 2.4182755 3.1802776 3.3645650 3.2210017 3.1052002 2.3841996 2.3695451 2.4676929 2.5144762 3.3343785 3.2671069 3.2747685 3.3048252 3.2862319 3.2862319 3.2862319 3.3029339 2.9439704 2.3849368 3.2951562 3.2981752 3.2953510 3.2935167 3.2832797 3.2845387 3.2823898 3.2726091 3.2766453 3.2711482 3.2771800 3.2747685 3.2687906 2.9748988 3.0598852 3.2618268 3.2414287 3.2676017 3.2618268 2.5270790 3.1243899 2.7070070 2.4665275 2.8061078 2.7182540 2.7969456 2.7515134 3.4559007 2.9565730 3.0167277 2.9273017 2.6518518 2.9568055 2.7880963 2.4426053 2.4038020 2.3387054 2.5805232 3.0487889 3.0636673 2.7524525 2.6463350 2.3596728 2.7983697 2.9748988 
MN830237_Uumaja_virus                                        2.6908340 2.8406638 3.5132415 3.3834586 3.0707230 2.2865575 2.3229990 2.3778518 2.6655839 2.9967064 3.2323047 3.2747579 2.6771476 2.9233243 2.9751160 2.9704456 2.9842738 1.8835183 0.8435904 2.8222888 2.3522174 2.9340759 1.1966302 0.0000000 2.8826899 2.9472496 2.6481935 2.8320127 2.7713455 3.3174274 2.8944965 2.7929174 3.0351604 2.9238034 2.9238034 2.9409278 3.0195985 3.0798739 3.0661034 2.7198559 3.0215677 3.0849221 3.5687048 3.5845444 3.0149982 2.9441033 3.0289015 3.1687471 2.5732552 2.9968405 2.9968405 2.9954514 2.9954514 2.9920413 2.5393228 2.5356146 2.7943265 2.7344313 3.8697975 3.0352107 2.6784067 2.7202093 2.7289913 2.9780782 2.4366514 3.2954103 3.0765967 2.9649949 3.0994589 2.7658261 2.6161167 2.4366209 2.5393081 3.3329574 3.0452362 3.0439406 3.0680645 3.0515087 3.0515087 3.0515087 3.0626762 2.8335192 2.3964747 3.0428584 3.0454120 3.0292029 3.0531244 3.0458790 3.0263960 3.0312592 3.0335404 3.0252616 3.0388855 3.0291380 3.0439406 3.0363725 2.9372437 3.0528266 3.0321933 2.7988185 3.0333819 3.0321933 2.5296606 3.1240402 2.7333861 2.5677027 3.1735462 2.6293527 2.6661460 2.6597926 3.5471698 3.0926021 3.2422737 3.1235439 2.8189731 3.0876893 2.9387925 2.4820544 2.4593893 2.4948625 2.8333004 3.0203084 2.9201510 2.5959987 2.5712369 2.5247048 2.5039014 2.9372437 
OL700156_XiangYun_orthomyxo-like_virus_4                     1.5176462 1.5837341 1.7521258 1.4939710 1.8353439 2.0933346 2.2687409 2.5147411 1.8242210 2.1311466 2.0680286 2.0126510 1.5466940 2.6298901 2.2521533 1.9593583 1.9710020 2.6527141 3.0371441 2.5283982 2.2406541 0.3843380 3.1340934 2.8826899 0.0000000 1.8559308 1.6136166 1.6719596 1.6828104 2.1003834 1.9288212 1.4049773 1.8982647 1.9156709 1.9156709 1.9170880 1.9002130 1.8156412 1.8139266 1.4688028 1.8744223 1.7454712 2.1891051 2.1974640 1.8721657 1.8500152 1.8745006 2.0544574 1.6676717 1.9374453 1.9374453 1.9318145 1.9350806 1.9342365 1.7253225 1.7168593 1.5533183 1.8633684 1.5235291 1.8863109 1.6446258 1.8467980 1.8390233 2.1909025 2.1153951 1.5044212 0.6680139 2.2326103 1.8584764 2.4340864 1.8272302 2.4415057 2.3966361 1.5340978 2.2452569 2.2664382 2.2653089 2.2655751 2.2655751 2.2696231 2.2951541 2.7980040 2.3063969 2.2678185 2.2729985 2.2702376 2.2678368 2.2731753 2.2706098 2.2710869 2.2675895 2.2682244 2.2783950 2.2785665 2.2617822 2.2614758 2.4962447 2.1490398 2.2533867 2.3045562 2.2713811 2.2533867 2.3188707 1.8626573 2.5865583 2.3532820 2.6797213 2.2138129 2.5210042 2.4840325 2.1708452 1.8221425 1.9120878 1.8260717 1.5483367 1.8201455 1.8196914 2.5894065 2.1696291 2.1803082 2.6349183 2.7715208 2.7540113 2.4015593 2.2027681 2.1324360 2.3107600 2.4962447 
KM817617_Sanxia_Water_Strider_Virus_3                        1.2410104 2.0060331 2.1185557 2.0152986 1.6198344 2.1795491 2.3924649 2.4706102 1.8817441 2.3858203 1.6751909 1.6784545 1.5372575 2.5479399 2.0616463 1.9470829 1.9559024 2.8440914 2.7684155 2.5742645 2.0763484 1.8505704 2.8115311 2.9472496 1.8559308 0.0000000 1.2805746 1.2992690 1.2602783 1.9515763 1.8685176 1.2772368 1.9996208 1.8716452 1.8716452 1.8965736 1.6420080 1.5746324 1.5718245 1.1894893 1.6160415 1.4984773 2.1053945 2.1132825 1.6210846 1.6568246 1.6256548 1.8687944 1.2983215 1.5594268 1.5594268 1.5549094 1.5583641 1.5582542 1.2231340 1.2184600 1.2061407 1.9105623 2.1871846 1.9711681 1.3948064 1.6553500 1.6608185 2.3884760 2.3623142 1.9525190 2.0417206 2.0835583 1.4961825 2.1887910 2.0565974 2.0744309 2.1235273 1.9104372 2.0894736 2.0995275 2.0947903 2.1025377 2.1025377 2.0966394 2.0808943 2.5330323 2.3861637 2.0842119 2.0896269 2.0799675 2.0792422 2.0870020 2.0824977 2.0807252 2.0792155 2.0736105 2.0795748 2.0775616 2.0953177 2.1024247 2.6807420 1.8340953 2.0876534 2.0869079 2.1033177 2.0876534 2.2137421 1.5068574 2.3276867 2.4085411 2.4063451 2.4214578 2.7903660 2.7577161 2.0220022 1.5775955 1.6621306 1.5713441 1.3045763 1.5796260 1.6049249 2.3809361 2.1641473 1.9956831 2.5456365 2.7065859 2.6710164 2.1276814 2.3300536 2.2500840 2.0857948 2.6807420 
KM817620_Wuhan_Louse_Fly_Virus_3                             1.0801685 1.5259019 1.6964112 1.5071418 1.3238972 2.1765246 2.1425668 1.9080225 1.5695162 2.0808205 1.3453648 1.3130545 1.0936321 2.2887791 1.9472751 1.6285742 1.6394801 2.6693085 2.6102118 2.1976931 1.8803752 1.5056644 2.7627140 2.6481935 1.6136166 1.2805746 0.0000000 0.2053343 0.1722622 1.6084311 1.5792271 0.8603099 1.6422633 1.5821297 1.5821297 1.5979818 1.2790876 1.2467631 1.2439623 0.6589995 1.1437492 1.1082642 1.8673743 1.8742702 1.1355782 1.4066090 1.1330286 1.4009510 1.0879331 1.2624493 1.2624493 1.2560342 1.2575146 1.2533996 0.7123548 0.7112941 0.6333208 1.5389782 1.6199094 1.6204220 0.8750589 1.2701239 1.2713984 2.1113204 2.0041943 1.4163904 1.5543104 1.9389233 1.2624985 1.9810725 1.7345959 1.9100453 1.9982376 1.5431191 1.9670089 1.9809433 1.9881325 1.9786138 1.9786138 1.9899018 1.9969051 2.1529220 2.1552134 1.9850360 1.9818972 1.9740952 1.9691438 1.9782338 1.9795421 1.9734434 1.9655645 1.9723410 1.9802782 1.9797849 1.9740738 1.9827551 2.1993788 1.6657086 1.9748946 1.9636901 1.9784135 1.9748946 2.1000907 1.2658088 1.9650444 2.2807743 2.1952181 2.0521685 2.6380611 2.6072043 1.8847350 1.2614193 1.3028050 1.2703186 1.0203458 1.2596956 1.2635755 2.2313012 1.7798115 1.8148878 2.2963690 2.3579276 2.4119949 1.9873360 2.0252115 1.8584320 1.9536108 2.1993788 
KM817621_Wuhan_Louse_Fly_Virus_4                             1.0978250 1.5555828 1.7518565 1.5865822 1.3914130 2.2128307 2.1324657 2.0458562 1.5860875 2.2046874 1.3880465 1.3763691 1.0994320 2.4102122 1.9111653 1.7246887 1.7323351 2.6663829 2.6490555 2.3122649 1.9580564 1.6224409 2.7988935 2.8320127 1.6719596 1.2992690 0.2053343 0.0000000 0.0782256 1.6997962 1.7033043 0.9211821 1.6839274 1.7063043 1.7063043 1.7033319 1.3742130 1.3248262 1.3228572 0.6837474 1.1684241 1.1404651 1.8878553 1.8948267 1.1634246 1.4223725 1.1666631 1.4613486 1.1629706 1.3230268 1.3230268 1.3227280 1.3155292 1.3156769 0.7646538 0.7634797 0.6688389 1.6153819 1.7426931 1.6805633 0.8930357 1.3913489 1.3927204 2.2414550 2.2245366 1.5026689 1.6078435 1.9325369 1.3050370 1.9550073 1.8186162 1.9592805 2.1070122 1.5976807 1.9237590 1.9357446 1.9366930 1.9294952 1.9294952 1.9404101 1.9514694 2.2382148 2.3263229 1.9337650 1.9356496 1.9282549 1.9232477 1.9320940 1.9159295 1.9274635 1.9233172 1.9265525 1.9288522 1.9320744 1.9290693 1.9357547 2.3698436 1.6711443 1.9293068 1.9624883 1.9325457 1.9293068 2.0914951 1.3083586 2.0308067 2.3928095 2.3279398 2.0387045 2.6184811 2.6015365 1.9514882 1.3401043 1.3955350 1.3495076 1.0867853 1.3383369 1.3435793 2.1631427 1.9360459 1.8671310 2.3630703 2.5285290 2.4730520 2.0658352 2.1405954 1.9756252 1.9893468 2.3698436 
MW199253_Orthomyxoviridae_sp.                                1.0848218 1.5223815 1.7879270 1.5491378 1.4087769 2.1347992 2.0758997 2.0286887 1.5890699 2.1339142 1.3834291 1.3549703 1.1145575 2.3692394 1.9363007 1.7160233 1.7331085 2.6128699 2.6144113 2.3408032 1.9238273 1.5964357 2.8641540 2.7713455 1.6828104 1.2602783 0.1722622 0.0782256 0.0000000 1.7079949 1.6768185 0.9119823 1.6619442 1.6797989 1.6797989 1.6892398 1.3762720 1.3281340 1.3261541 0.7046720 1.2082952 1.1319103 1.9304538 1.9376196 1.2046012 1.3606918 1.2037501 1.4932965 1.1700798 1.3394786 1.3394786 1.3391762 1.3318733 1.3243559 0.7678232 0.7666444 0.6636778 1.5696320 1.6951878 1.6660365 0.8623251 1.3867034 1.3880726 2.1529885 2.1620187 1.4763364 1.6343795 1.8932956 1.2702060 1.9972141 1.8040673 1.9667687 2.0406113 1.5641111 1.9453229 1.9463121 1.9620118 1.9526831 1.9526831 1.9637479 1.9705996 2.1908237 2.2925428 1.9570155 1.9589260 1.9480615 1.9463736 1.9553236 1.9389435 1.9506226 1.9459418 1.9443270 1.9522173 1.9552984 1.9522571 1.9606440 2.3156730 1.6917171 1.9524898 1.9783867 1.9558626 1.9524898 2.0940793 1.2734960 1.9601239 2.2980565 2.2957502 2.0195166 2.6095911 2.6042105 1.9549737 1.3435080 1.4218513 1.3529725 1.1030965 1.3417308 1.3554280 2.1096894 1.8851201 1.7885937 2.3423190 2.4635344 2.4635148 2.0829564 2.1691494 1.9500538 1.9913686 2.3156730 
