135
MN053837_Guadeloupe_mosquito_quaranja-like_virus_2           0.0000000 1.5374438 1.6775049 1.5376698 1.7151798 0.6540383 1.9587917 1.8101099 1.9148555 1.7080806 1.9743246 0.6969012 0.6628210 0.8169411 2.1802455 1.6334070 2.7651149 1.6368230 1.6920883 2.1272422 2.5478258 2.6198179 2.6188338 1.8139700 1.7260122 1.3064676 2.6059614 2.5269431 1.4590569 1.2048324 1.0466926 1.0616706 1.0514538 1.7878602 1.5918883 0.9644774 1.6876203 1.5918883 1.5918883 1.6383816 0.6638717 0.6552346 0.6552346 1.0175654 0.6677648 0.5526209 1.6340714 1.6446003 0.6677648 1.3350959 0.6677648 1.5461488 0.5926315 0.6758465 0.6758465 0.6803936 0.6803936 0.6755736 0.9309914 0.9313560 1.0565978 1.6506208 2.1203061 1.6605304 1.6379251 1.6379251 1.0519530 0.9241441 0.9241441 1.9743246 1.8929118 1.5569759 1.2953309 1.6625790 1.7217899 0.8231129 1.6371372 1.6830008 1.7604934 1.6572711 1.5384474 1.6334070 1.6334070 1.6324904 1.6324904 1.6324904 1.6560618 1.9786816 1.9241116 1.6334070 1.6458787 1.6334070 1.6334070 1.6508472 1.6276288 1.6334070 1.6334070 1.6181618 1.6223460 1.6334070 1.6334070 1.6334070 2.0348721 1.4536028 1.6221222 1.6540806 1.6229964 1.6221222 1.8681185 0.8221870 1.8138360 1.9410575 1.9492690 1.9033968 2.2024267 2.1827660 1.6558947 0.6566153 0.7172593 0.6615525 0.4505405 0.6572420 0.6550887 2.0168641 1.8165119 2.7937533 1.8325133 2.0804561 2.1159186 2.1167466 1.8166885 1.9027609 1.6893340 1.8013734 2.0348721 
MW784026_Xinjiang_sediment_orthomyxo-like_virus_2            1.5374438 0.0000000 1.7988821 0.3538098 2.1463325 1.7443078 2.1351749 2.1137666 2.1957748 1.8540407 2.2924628 1.8630005 1.8828775 1.5533619 2.7443635 2.3341254 2.7345056 2.1000092 2.1335003 2.6206245 2.8359049 2.8917371 2.8910452 2.2940210 2.1593040 1.5799982 2.8690100 2.6423758 1.5249164 1.9197098 1.4612290 1.4918089 1.4613129 2.1812687 2.1371374 1.4109117 2.2437467 2.1371374 2.1371374 2.1162904 1.8115611 1.7436582 1.7457490 1.4810558 1.7364392 1.6307840 2.3120560 2.3246518 1.7268494 1.7097652 1.7268494 1.9194457 1.7966094 1.8247480 1.8247480 1.8172851 1.8172851 1.8195407 1.5536451 1.5541686 1.6922333 1.7772281 1.5816237 2.2018029 2.3205999 2.3205999 1.5116401 1.8036516 1.8036516 2.2924628 2.1472591 0.6110839 1.5451097 2.2698859 2.5679733 1.6374049 2.1690606 1.9342127 2.0095161 2.0339448 0.3516640 2.3341254 2.3341254 2.3266730 2.3266730 2.3266730 2.3527652 2.4212095 2.2184717 2.3295789 2.3336344 2.3316686 2.3341254 2.3372434 2.3278243 2.3341254 2.3267877 2.3245110 2.3224555 2.3341254 2.3341254 2.3341254 2.4577962 2.0006067 2.3213124 2.6858877 2.3513518 2.3213124 2.0194576 1.6478646 2.3164054 2.2265132 2.1819304 2.4610949 2.5345781 2.4950753 2.1500798 1.7462683 1.6672115 1.7504074 1.2162587 1.7389575 1.6880645 2.4686611 2.0190837 2.9123282 2.3948949 2.3789774 2.6644074 2.6481930 2.4369981 2.2902439 2.1839807 2.3162241 2.4577962 
OL700157_XiangYun_orthomyxo-like_virus_5                     1.6775049 1.7988821 0.0000000 1.7751484 2.2423862 2.1116029 2.6592285 2.3271211 2.4343154 2.0141476 2.3115610 2.1766533 2.0593800 1.6916600 2.5172169 2.3953280 3.1359266 2.1008787 2.1380192 2.8622771 3.2745094 3.1058392 3.0964545 2.4376218 2.4377355 1.6626405 2.9448972 3.2715800 1.6782682 2.0214711 1.6224996 1.6728549 1.7067173 2.3137141 2.0816804 1.5975609 2.2001100 2.0816804 2.0816804 2.1129860 2.0049401 2.1084206 2.1066934 1.5032021 1.8206678 1.9059321 2.2169157 2.2268954 1.8070906 1.6311760 1.8070906 2.0743511 1.8542419 2.0470464 2.0470464 2.0494995 2.0494995 2.0468146 1.6917071 1.6976243 1.7477285 1.9377080 2.5117433 2.1834405 2.2174343 2.2174343 1.6312206 1.8689800 1.8587433 2.3115610 2.1848456 1.8506652 1.5643762 2.4638386 2.1804311 1.7015263 2.4885201 1.8224327 2.2368539 2.3237406 1.7855566 2.3814764 2.3890664 2.3897283 2.3897283 2.3897283 2.4476963 2.4101474 2.3219164 2.4012720 2.4077256 2.3966371 2.3952916 2.4183528 2.4039254 2.3953280 2.3901290 2.3938886 2.3842324 2.3953280 2.3890664 2.3842995 2.7182506 2.1178538 2.3833158 2.5191417 2.4094422 2.3833158 2.3427473 1.7176168 2.4748458 2.5996717 2.3375062 2.6848703 2.6730861 2.6425314 2.1376732 2.1144842 2.0842813 2.1094789 1.6311944 2.1149158 2.1237531 2.6454532 2.2134224 3.4222605 2.2681513 2.2637129 2.7146066 2.4259864 2.4364572 2.4690293 2.3104849 2.3027504 2.7182506 
OL700153_XiangYun_orthomyxo-like_virus_1                     1.5376698 0.3538098 1.7751484 0.0000000 2.1765729 1.6431829 2.3808425 2.3700238 2.3147795 1.8762700 2.3485263 1.7075656 1.7067965 1.4487293 2.7514410 2.2194634 2.8796895 1.9211358 1.9044475 2.8470889 3.1466716 3.1246825 3.1179313 2.3351735 2.2228456 1.5548087 3.1533220 3.1917360 1.4403719 1.9096096 1.4458050 1.5210525 1.4887178 1.9102343 1.9239318 1.4339578 1.9752687 1.9239318 1.9239318 1.9562877 1.7192922 1.6349980 1.6345622 1.6254609 1.6791865 1.5980082 2.1375892 2.1467789 1.6876259 1.6257131 1.6876259 1.8364237 1.5075332 1.7072331 1.7072331 1.7016999 1.7016999 1.6969735 1.6533774 1.6571448 1.6850843 1.7992181 1.8677979 1.9364198 2.1439263 2.1439263 1.5402306 1.7167711 1.7077661 2.3485263 2.2588685 0.5499786 1.3845508 2.2045077 2.3707097 1.5675142 2.2057706 1.9535347 2.1315345 2.1947338 0.0427439 2.2197674 2.2289010 2.2401202 2.2401202 2.2401202 2.2803241 2.6003442 2.4962633 2.2325222 2.2190487 2.2170668 2.2194639 2.2283421 2.2190047 2.2194634 2.2110801 2.2116248 2.2110275 2.2276973 2.2289010 2.2357037 2.3191645 1.9974184 2.2190474 2.2445746 2.2414080 2.2190474 2.2041831 1.5737526 2.4738990 2.5995136 2.2773229 2.6052906 2.8886270 2.8659627 2.0348432 1.6395485 1.6343834 1.6452760 1.3914672 1.6451235 1.6100024 2.4832097 2.1019725 2.8261729 2.3705275 2.4335800 2.7655764 2.5850908 2.4144854 2.4224548 2.4618264 2.3480849 2.3191645 
MW288205_Hemipteran_orthomyxo-related_virus_OKIAV187         1.7151798 2.1463325 2.2423862 2.1765729 0.0000000 2.2567150 2.3045927 1.7483394 1.7810408 1.7542039 1.9355294 2.1188234 2.2521545 2.0030470 2.1313687 2.1304548 2.6541541 2.2288816 2.2543266 2.1997492 2.4784317 2.4607846 2.4600528 2.1487743 1.8758328 2.5154430 2.3380797 2.6399119 2.4470956 2.0903360 1.7517984 1.8219913 1.8794920 2.3480726 2.1936539 1.9309297 2.2944854 2.1936539 2.1936539 2.2223383 2.2321597 2.2404682 2.2307422 1.7462262 2.1073089 1.9839275 2.2498346 2.2597504 2.0977839 2.0804391 2.0977839 2.1920329 1.9630071 2.2640952 2.2640952 2.2697070 2.2697070 2.2577694 1.7034459 1.7041292 1.8731181 1.6757976 2.6044000 2.2747413 2.2529429 2.2529429 1.8885911 1.8128122 1.8180488 1.9355294 2.0422840 2.3701212 2.5354218 2.2869030 2.4716712 2.1422827 2.0174829 1.7969764 1.8365136 1.9099405 2.2191354 2.1374099 2.1324857 2.1311539 2.1311539 2.1311539 2.1272978 1.8298003 2.0435814 2.1406006 2.1411030 2.1227483 2.1268288 2.1428187 2.1327556 2.1304548 2.1374924 2.1096983 2.1261350 2.1304548 2.1324857 2.1433212 2.3661435 2.3629372 2.1276628 2.2506043 2.1275373 2.1276628 1.8201571 2.1376202 1.8220278 2.1457199 2.0345380 2.2631015 2.5309734 2.4944150 2.4577052 2.2364333 2.2972457 2.2445342 1.8988121 2.2295478 2.1552117 1.9008139 1.7652333 2.5507325 1.7465582 1.9190312 2.1554577 2.1695844 1.1382463 2.1715229 1.9515421 1.1488025 2.3661435 
MN053838_Guadeloupe_mosquito_quaranja-like_virus_1           0.6540383 1.7443078 2.1116029 1.6431829 2.2567150 0.0000000 2.3157108 2.3200933 2.3103475 1.8464088 2.6484307 0.2084370 0.1896172 1.0784903 2.7376421 2.1958527 3.2132399 1.9506051 1.9609798 2.5128063 2.6125202 2.5539722 2.5531052 2.4557090 2.0661416 1.7579765 2.6784003 2.8917597 1.7573439 1.5489328 1.2729404 1.3356932 1.3516035 1.9398996 1.9178133 1.4190580 1.9825668 1.9178133 1.9178133 1.9295093 0.2557269 0.0060846 0.0091426 1.3486115 0.9908451 0.6297572 2.0666274 2.0748384 0.9892624 1.6469591 0.9892624 1.8570451 0.1792988 0.1793638 0.1793638 0.1813468 0.1813468 0.1778099 1.2729328 1.2733833 1.3773940 1.8199235 2.3089953 1.9398059 2.0672617 2.0672617 1.2686468 1.2526987 1.2508724 2.6484307 2.3142977 1.7598104 1.6470914 2.2254683 2.3327118 1.2724491 2.3085576 1.9826298 1.9366364 2.3175023 1.6742802 2.1862791 2.2061538 2.2202168 2.2202168 2.2202168 2.2371614 2.5316810 2.3634067 2.2106914 2.2059998 2.1949172 2.1958576 2.1912068 2.1878576 2.1958527 2.1915884 2.1927254 2.1916029 2.1907974 2.2061538 2.2172988 2.5848091 1.8813308 2.2008399 2.0351812 2.2042556 2.2008399 2.1812671 1.2743371 2.3081231 2.3766826 2.4372198 2.4516585 2.6429680 2.5866456 1.9389973 0.0060736 0.0054978 0.0091542 0.0027183 0.0075986 0.0066405 2.6782850 2.2292948 3.0551036 2.1428990 2.3803085 2.6630306 2.7173026 2.2632287 2.3455239 2.0634656 2.2426064 2.5848091 
KM817627_Wuhan_Mothfly_Virus                                 1.9587917 2.1351749 2.6592285 2.3808425 2.3045927 2.3157108 0.0000000 1.2799234 1.4256508 1.8667416 1.3599299 2.2185167 2.3738209 2.1989288 1.7036661 2.8064404 2.3349701 2.4659132 2.4693764 2.0717105 2.2548722 2.3273113 2.3241804 1.3197949 0.9784328 2.1928656 2.1696433 2.2077638 1.9943978 2.0621018 2.0420498 2.0730397 2.0031748 2.5356426 2.4278739 1.9558649 2.4412898 2.4278739 2.4278739 2.4517017 2.2611567 2.3105241 2.3081041 2.1290338 2.1474460 2.1307446 2.9539852 2.9663413 2.1362541 2.1596772 2.1362541 2.6230802 1.9266755 2.2430491 2.2430491 2.2361250 2.2361250 2.2318317 2.0380729 2.0408682 2.0591056 1.8617721 2.6236157 2.4655778 2.9590118 2.9590118 1.9576405 2.2543483 2.2578350 1.3599299 0.9377922 2.4174142 2.2833237 2.6671558 2.7315824 2.2338858 2.0066456 1.8670829 1.3285387 0.8685466 2.3582224 2.7871421 2.8075094 2.8324284 2.8324284 2.8324284 2.8702215 1.4510999 0.9816389 2.8129002 2.8196112 2.8036023 2.8063320 2.8161942 2.8035084 2.8064404 2.8164234 2.7974519 2.8072226 2.8164234 2.8075094 2.8008779 2.6135838 2.5352934 2.7959254 2.9292287 2.8083194 2.7959254 1.2936475 2.2525400 1.4122348 0.4523553 1.5874622 1.7825845 2.4518040 2.4297172 2.4387715 2.3157294 2.3695929 2.3110877 1.9148320 2.3150749 2.1657285 1.7773856 0.8699156 2.7651306 1.6044005 1.4949246 1.7106011 1.8126280 2.1294078 1.7513206 1.4084817 2.1016001 2.6135838 
MT153531_Coleopteran_orthomyxo-related_virus_OKIAV184        1.8101099 2.1137666 2.3271211 2.3700238 1.7483394 2.3200933 1.2799234 0.0000000 0.9522465 1.7477548 1.5218692 2.3610183 2.4388564 2.0529250 1.2134243 2.6705364 2.3540553 2.2806194 2.2863796 2.0097137 2.2566471 2.3053962 2.3024775 1.5621544 1.1741660 2.1502439 2.2355959 2.2223185 2.1189609 2.2884294 2.0202795 2.0033196 1.9496066 2.3721510 2.2967142 2.0341926 2.3061827 2.2967142 2.2967142 2.2843160 2.4294634 2.3978180 2.3910916 2.0487308 2.2369135 2.2043921 2.7840224 2.7948042 2.2364640 2.0390741 2.2363781 2.3532068 2.0367008 2.3136518 2.3136518 2.3069362 2.3069362 2.3022567 2.0401120 2.0426609 1.9462870 1.7816417 2.7107275 2.2999962 2.7839380 2.7839380 2.0146611 2.1102427 2.1204447 1.5218692 1.2217827 2.5285670 2.4128725 2.6493625 2.8910299 2.1321624 1.7032097 1.7156076 1.1441438 1.1248396 2.3962330 2.6420009 2.6645665 2.6791687 2.6791687 2.6791687 2.7221186 0.9557596 1.2531554 2.6820908 2.6821269 2.6685126 2.6621367 2.6850026 2.6616911 2.6705364 2.6608888 2.6542662 2.6673874 2.6792878 2.6663733 2.6651257 2.2556205 2.5555264 2.6561637 2.7154367 2.6479774 2.6561637 1.2356698 2.1479891 0.9516518 1.4580636 1.4404291 1.7729597 2.1975429 2.1735045 2.6786776 2.4052214 2.6000935 2.4000243 2.0333997 2.3989319 2.2924898 1.2324282 1.1570675 2.4789251 1.0591232 1.1203069 1.2507956 1.2682337 2.0474452 1.6895455 1.4204857 2.0395225 2.2556205 
MT153452_Coleopteran_orthomyxo-related_virus_OKIAV186        1.9148555 2.1957748 2.4343154 2.3147795 1.7810408 2.3103475 1.4256508 0.9522465 0.0000000 1.7752451 1.4775272 2.2716325 2.3279474 2.0257616 1.2556289 2.4075993 2.5633460 2.4785379 2.5050446 2.0279356 2.2337524 2.2983588 2.2954650 1.5702553 1.2558333 2.3810121 2.3118346 2.2723475 2.3633962 2.3309925 1.8234225 1.9448690 1.9289895 2.5136316 2.4242191 2.0807010 2.5704624 2.4242191 2.4242191 2.4483251 2.2572177 2.3587338 2.3575429 1.9407793 2.2611980 2.1294194 2.6530310 2.6631278 2.2726429 2.2151821 2.2755877 2.3640586 1.8786247 2.2303112 2.2303112 2.2239705 2.2239705 2.2322679 1.9619858 1.9644496 2.0266735 1.6427133 2.7743719 2.5025323 2.6521682 2.6521682 1.9776479 2.2244892 2.2299802 1.4775272 1.3456142 2.3818608 2.3143481 2.4969699 2.7976763 2.3236610 1.6141159 1.7465340 1.2078580 1.3096653 2.2671861 2.4073730 2.4379845 2.4397906 2.4426836 2.4426836 2.4513050 0.9004766 1.3225923 2.4175283 2.4177575 2.4155720 2.4283173 2.4198727 2.4031993 2.4075993 2.4326187 2.4131826 2.3995794 2.4152187 2.4298517 2.4206064 2.3655125 2.5169899 2.4207621 2.5521125 2.4124970 2.4207621 1.2357290 2.3407532 0.9760761 1.5153784 1.3386409 1.7153919 2.3985445 2.3897480 2.6019284 2.3798918 2.3591265 2.3874403 1.9344212 2.3794498 2.2532477 1.3386713 1.2155024 2.5848510 1.1096906 1.1179074 1.3441903 1.3977639 2.1186240 1.6347256 1.6086665 2.1353418 2.3655125 
MT153419_Hemipteran_orthomyxo-related_virus_OKIAV191         1.7080806 1.8540407 2.0141476 1.8762700 1.7542039 1.8464088 1.8667416 1.7477548 1.7752451 0.0000000 1.7236260 1.8665187 1.9032699 1.5389061 2.0862905 2.3635125 2.4456997 2.0916893 2.1151851 2.2406619 2.3747532 2.4507767 2.4477850 1.9424897 1.7325865 1.8766342 2.2947649 2.5110890 1.7349360 1.8016501 1.5044341 1.5250661 1.5265700 2.1186617 2.0646297 1.4759575 2.1018893 2.0620087 2.0620087 2.0978050 1.9178053 1.8232432 1.8197102 1.3881979 1.7562719 1.8256871 2.1596189 2.1675176 1.7522474 1.7695905 1.7565833 1.8749097 1.5693206 1.8381399 1.8381399 1.8400579 1.8400579 1.8358213 1.4438550 1.4400979 1.6176242 0.2593525 2.4120917 2.1043391 2.1600504 2.1600504 1.4592481 1.6930905 1.6881704 1.7236260 1.9061686 1.9212552 1.7176797 2.1918147 2.4438413 1.5935564 1.7450113 0.9053326 1.6457122 1.6617837 1.8503160 2.3519447 2.3649433 2.3729647 2.3853156 2.3853156 2.3825385 1.7802100 1.8251753 2.3724978 2.3734551 2.3645768 2.3689191 2.3623205 2.3628768 2.3635125 2.3731109 2.3623795 2.3573022 2.3702174 2.3669501 2.3780315 2.2527754 2.2152451 2.3581084 2.3063253 2.3620322 2.3581084 1.6843244 1.6050798 1.7293579 1.8832089 1.9751612 1.9638048 2.2736886 2.2404563 2.2307317 1.8315139 1.8986048 1.8291751 1.5318995 1.8318830 1.7120278 1.6859119 1.6141838 2.4387126 1.7092720 1.8997924 2.2095946 2.1103565 1.5765699 1.8362136 1.8151228 1.5759132 2.2527754 
KX883882_Hubei_earwig_virus_1                                1.9743246 2.2924628 2.3115610 2.3485263 1.9355294 2.6484307 1.3599299 1.5218692 1.4775272 1.7236260 0.0000000 2.5894372 2.5785708 2.0246530 1.5227848 2.3686012 2.4730635 2.2913880 2.3565507 2.1328239 2.7721424 2.9047698 2.9047698 1.4322045 1.1613770 2.0455597 2.4208341 2.7880304 2.0281721 2.2349965 1.9798955 2.0785333 2.0194582 2.3256085 2.2731535 2.0104841 2.2897856 2.2692276 2.2692276 2.2955040 2.3587038 2.5897199 2.5918079 2.2016849 2.2280683 2.3095983 2.5080080 2.5169978 2.2123771 2.1798729 2.2163478 2.1480341 2.1438764 2.4437488 2.4437488 2.4484941 2.4484941 2.4380520 2.2272986 2.2182684 2.1044446 1.8064078 2.2254948 2.2969311 2.5063237 2.5063237 2.0088312 2.1740779 2.1792219 0.0000010 1.1856674 2.2525138 2.2035244 2.3645139 2.4691555 2.0828977 1.9767597 1.6805007 1.5490237 1.0745578 2.2458458 2.3454187 2.3592087 2.3633257 2.3666217 2.3666217 2.3668327 1.4459834 1.1913213 2.3828791 2.3783274 2.3664894 2.3693290 2.3840735 2.3705921 2.3686012 2.3758903 2.3565842 2.3687572 2.3751630 2.3661309 2.3703397 2.4334725 2.3549032 2.3635390 2.4799819 2.3757702 2.3635390 1.5628831 2.0867632 1.4936986 1.3399034 1.6693113 1.6989834 2.0912997 2.0663854 2.4457558 2.6009993 2.6674467 2.5999502 2.1707460 2.6013027 2.5488626 1.4594946 1.0538221 2.6894265 1.4739513 1.5149421 1.7238887 1.6161045 2.0628679 1.6423230 1.4569329 2.0375933 2.4334725 
MW520417_Aedes_detritus_orthomyxo-like_virus                 0.6969012 1.8630005 2.1766533 1.7075656 2.1188234 0.2084370 2.2185167 2.3610183 2.2716325 1.8665187 2.5894372 0.0000000 0.1051153 1.1358752 2.6532554 2.0518532 3.2646951 1.9265649 1.9450039 2.6724089 2.7145202 2.6825941 2.6820290 2.2772111 2.1103625 1.9065232 2.8547909 3.0314449 1.9708542 1.6094535 1.2913647 1.3319333 1.3275444 1.8511081 1.9029386 1.3717990 1.9170716 1.9109265 1.9109265 1.9356388 0.2993686 0.2157874 0.2195022 1.3167238 0.9481535 0.6852029 2.0139238 2.0209864 0.9508175 1.7148692 0.9442768 1.7644260 0.1716488 0.1977067 0.1977067 0.2001211 0.2001211 0.1962902 1.2910525 1.2935437 1.3320949 1.7774571 2.0449809 1.8879652 2.0078977 2.0078977 1.2970756 1.2237931 1.2221734 2.6046566 2.2648644 1.7022662 1.7290870 2.1332518 2.2582878 1.2476958 2.1672512 1.9145640 1.9732993 2.2339928 1.7743525 2.0729631 2.0843432 2.0895132 2.0970963 2.0970963 2.0892583 2.3858901 2.2821318 2.0786670 2.0748110 2.0729462 2.0806347 2.0760650 2.0597130 2.0663760 2.0869396 2.0727774 2.0702051 2.0621056 2.0831764 2.0923445 2.5023971 1.9118216 2.0852119 1.9976708 2.0876677 2.0852119 2.2982411 1.2493643 2.2382383 2.3211810 2.2981013 2.4355420 2.6002105 2.5580433 1.9451679 0.2135740 0.2277251 0.2179919 0.1346378 0.2116918 0.2234886 2.6011183 2.1714292 3.0241651 2.0216581 2.2627282 2.5743512 2.5552662 2.0536919 2.2653885 2.1592973 2.0390894 2.5023971 
KX898491_Whidbey_virus                                       0.6628210 1.8828775 2.0593800 1.7067965 2.2521545 0.1896172 2.3738209 2.4388564 2.3279474 1.9032699 2.5785708 0.1051153 0.0000000 1.0552216 2.6728533 2.1307176 3.3986440 1.9208823 1.9460403 2.6236994 2.7796138 2.7565357 2.7557104 2.4202179 2.1543850 1.8288996 2.9746257 3.0733250 1.9207079 1.6110576 1.2606629 1.3213428 1.3004881 1.9238706 1.9075283 1.3637922 1.9066762 1.9154114 1.9154114 1.9340504 0.2861696 0.1997574 0.1961125 1.2626430 0.9337230 0.6557928 2.0034036 2.0103443 0.9363215 1.6377235 0.9307043 1.7434914 0.1492472 0.1659970 0.1659970 0.1682337 0.1682337 0.1646005 1.2778362 1.2804221 1.3036139 1.8085302 2.0403596 1.8770113 1.9974798 1.9974798 1.3001762 1.2261702 1.2245731 2.5935164 2.3161999 1.7399426 1.6699273 2.1569173 2.1976561 1.2098756 2.2588644 1.9076533 2.0473030 2.2670091 1.7179750 2.1513927 2.1630476 2.1724930 2.1754196 2.1754196 2.1665341 2.4867722 2.3279330 2.1579531 2.1539818 2.1520849 2.1599662 2.1610379 2.1385438 2.1453524 2.1664388 2.1497421 2.1385595 2.1434129 2.1618793 2.1707336 2.5677478 1.8689979 2.1628100 2.0940349 2.1655957 2.1628100 2.3823152 1.2114629 2.3708237 2.4242556 2.4710635 2.4819723 2.6127177 2.5700466 1.9089557 0.1976368 0.1997436 0.2018648 0.1336159 0.1994280 0.1988053 2.6933350 2.1972721 3.0587061 2.1308580 2.3663954 2.6503385 2.6389322 2.0649236 2.3347735 2.1754015 2.0861048 2.5677478 
ON059763_Byreldi_virus                                       0.8169411 1.5533619 1.6916600 1.4487293 2.0030470 1.0784903 2.1989288 2.0529250 2.0257616 1.5389061 2.0246530 1.1358752 1.0552216 0.0000000 2.1669865 1.7780457 2.7223171 1.6312076 1.6436075 2.1239229 2.3909164 2.5208075 2.5200478 2.0496902 2.0684500 1.3962976 2.5587217 2.5399792 1.4929742 1.4747692 1.0547242 1.0655449 1.0808693 1.6438425 1.6157511 1.0349812 1.6428102 1.6224027 1.6224027 1.6351523 1.1151736 1.0205022 1.0188708 1.0250240 0.9120618 0.9204502 1.7580558 1.7642223 0.9125253 1.3831277 0.9102996 1.5126809 0.9411980 1.0520295 1.0520295 1.0511918 1.0454691 1.0462692 1.0860575 1.0824848 1.0219654 1.5375730 1.7464240 1.6209753 1.7640351 1.7640351 1.0570599 0.9403523 0.9412287 2.0296762 2.0085159 1.4163512 1.3283355 1.7104400 1.8369831 0.8852678 1.9601857 1.6838080 1.8881490 1.8368089 1.4856009 1.7591562 1.7738084 1.7702676 1.7702676 1.7702676 1.7895733 2.0077230 1.9285568 1.7727559 1.7734068 1.7672075 1.7632196 1.7746459 1.7712529 1.7662187 1.7627059 1.7637598 1.7674005 1.7708097 1.7697536 1.7736737 2.2072152 1.6589828 1.7666560 1.7250470 1.7676938 1.7666560 2.0411259 0.8863594 1.8712499 2.2144905 2.2275836 2.0050091 2.2918594 2.2717331 1.6984704 1.0277338 1.0181109 1.0299088 0.8076392 1.0309917 1.0250058 2.0607315 1.7712591 2.6877831 1.8595562 2.0515298 2.2767967 2.1786990 1.9182803 1.9606886 1.8031264 1.8327023 2.2072152 
KX883873_Hubei_orthomyxo-like_virus_1                        2.1802455 2.7443635 2.5172169 2.7514410 2.1313687 2.7376421 1.7036661 1.2134243 1.2556289 2.0862905 1.5227848 2.6532554 2.6728533 2.1669865 0.0000000 2.7704200 2.7207059 2.8225231 2.8250716 2.3856742 2.7112069 2.8245191 2.8211695 1.5985634 1.7044434 2.5662417 2.5684489 2.7148828 2.4782504 2.4089093 2.1815042 2.2939480 2.2552651 2.8224664 2.7747405 2.3764071 2.7771266 2.8009611 2.8009611 2.8086152 2.6842124 2.8115023 2.8065775 2.3955113 2.4560870 2.4849333 3.1078606 3.1193475 2.4518136 2.3964645 2.4536163 2.6543870 2.1958266 2.6961137 2.6961137 2.6797213 2.6816375 2.6930462 2.5065441 2.5186348 2.2848979 2.0296000 2.8222228 2.7400248 3.0988364 3.1064799 2.3323116 2.5042804 2.5102179 1.5803083 1.7243041 2.6035493 2.3840420 2.7732590 3.0238759 2.2592402 1.9171245 1.9938772 1.5369362 1.4852098 2.6740548 2.8580010 2.8902203 2.8862368 2.8903245 2.8903245 2.8891153 1.3855751 1.7302607 2.8699384 2.8698354 2.8582092 2.8823110 2.8804526 2.8662251 2.8582092 2.8783077 2.8527821 2.8509241 2.8495844 2.8812074 2.8669957 2.3678337 2.8638928 2.8839718 2.8796786 2.8695356 2.8839718 1.5197084 2.2572603 1.2912590 1.8436478 1.6019157 1.8181599 2.3643537 2.3275526 3.1669322 2.8256813 2.9475165 2.8306248 2.2919979 2.8274583 2.8325496 1.2656460 1.4802200 2.6960957 1.1353183 1.1952219 0.3069510 0.3742470 2.2130004 1.8327983 1.6995622 2.2030772 2.3678337 
OM817558_Wuhan_Mosquito_Virus_6                              1.6334070 2.3341254 2.3953280 2.2194634 2.1304548 2.1958527 2.8064404 2.6705364 2.4075993 2.3635125 2.3686012 2.0518532 2.1307176 1.7780457 2.7704200 0.0000000 2.9548944 1.1559057 1.1447579 2.9462087 2.9843845 3.1208534 3.1186380 2.4244386 2.2212895 2.1977014 3.0189786 2.8176162 2.1558119 1.9271324 1.8602791 1.8093606 1.8361215 1.1377717 1.0854197 1.8307560 1.1149834 1.0900469 1.0900469 1.1168626 2.0004607 2.0733530 2.0780989 1.8458223 1.9603359 1.9108809 0.8223410 0.8257003 1.9675373 1.8214105 1.9724089 1.0921493 1.8586108 1.9852438 1.9852438 1.9914840 1.9914840 1.9803576 1.8243313 1.8187954 1.8020289 2.2455479 1.2451156 1.1027032 0.8224863 0.8224863 1.7966745 1.8213998 1.8256090 2.3686012 2.5464809 2.0580955 2.3119505 0.2779665 0.8507858 1.8211526 2.1764847 2.3187689 2.3549070 2.5954948 2.0751219 0.0081673 0.0054334 0.0095423 0.0081731 0.0081731 0.0179490 2.6007680 2.6094601 0.0013531 0.0013528 0.0013505 0.0027165 0.0027113 0.0027135 0.0000010 0.0027102 0.0027030 0.0054142 0.0013506 0.0040688 0.0054297 2.7260743 1.1985767 0.0054321 0.0063450 0.0054573 0.0054321 2.4283463 1.8184833 2.4787593 2.6093825 2.5024765 2.5562554 2.5083405 2.5184239 1.0186797 2.0755535 2.0148543 2.0774714 1.6394315 2.0758925 2.0773950 2.5120898 2.4745803 2.9320961 2.4182415 2.3873791 2.7611680 2.7826433 2.4207648 2.3133925 2.3009374 2.3450204 2.7260743 
KM817626_Wuhan_Mosquito_Virus_7                              2.7651149 2.7345056 3.1359266 2.8796895 2.6541541 3.2132399 2.3349701 2.3540553 2.5633460 2.4456997 2.4730635 3.2646951 3.3986440 2.7223171 2.7207059 2.9548944 0.0000000 3.0786510 3.1156016 2.6475449 2.7811988 2.9290093 2.9284956 2.5401646 2.3573453 2.9024150 2.9534997 2.7727895 2.9242660 2.6028250 2.7440053 2.6851161 2.7208965 3.4431447 3.0825760 2.7095285 3.2013389 3.0811559 3.0811559 3.1202171 3.3093465 3.2847731 3.2819430 2.8041789 2.9879565 3.0141640 3.0301116 3.0269142 2.9751112 2.7217699 2.9833131 3.0212388 2.6987904 3.0897445 3.0897445 3.0822992 3.0822992 3.0993889 2.7096346 2.6984763 2.7149399 2.5048783 3.7449478 3.1279507 3.0304977 3.0304977 2.8957376 2.8275180 2.8182062 2.4772006 2.3841463 2.7632627 2.8922797 2.9536638 3.0230701 2.7418782 2.4207897 2.4120840 2.5542388 2.3475140 2.9906600 2.9877721 2.9744643 3.0089568 2.9931649 2.9931649 3.0049065 2.5094482 2.3860405 2.9624427 2.9659536 2.9596819 2.9775613 2.9764471 2.9559742 2.9609030 2.9761402 2.9554822 2.9606646 2.9701030 2.9782031 2.9914710 2.7671362 3.0391515 2.9675430 2.8882577 2.9779451 2.9675430 2.5802010 2.7443623 2.2683262 2.5379087 2.5628855 2.8691907 1.9462547 1.9569955 3.2272926 3.3094371 3.4914034 3.3251905 2.8712467 3.3096791 3.2392422 2.6320824 2.3534334 1.4985013 2.5848942 2.5959428 2.6846650 2.7910832 2.4085967 2.9350099 2.6059869 2.4352670 2.7671362 
MN513372_Culex_orthomyxo-like_virus                          1.6368230 2.1000092 2.1008787 1.9211358 2.2288816 1.9506051 2.4659132 2.2806194 2.4785379 2.0916893 2.2913880 1.9265649 1.9208823 1.6312076 2.8225231 1.1559057 3.0786510 0.0000000 0.0388351 2.7934806 2.8911518 3.0472750 3.0419986 2.3628419 2.2587307 1.8282540 2.8553965 2.8102943 1.8511564 1.8486121 1.5647059 1.6423316 1.6345067 0.6413585 0.0443808 1.6871459 0.1251546 0.0429576 0.0429576 0.0360216 1.8945535 1.8864946 1.8782359 1.6671172 1.8277166 1.7926361 1.1234354 1.1275287 1.8289979 1.8820242 1.8243609 0.8804220 1.6712041 1.7500381 1.7500381 1.7590605 1.7634061 1.7450369 1.7749465 1.7713798 1.6809104 2.0636481 0.1152631 0.1232545 1.1235747 1.1235747 1.5968497 1.6116281 1.6098300 2.3122014 2.3816621 1.8822898 1.8764839 1.2338444 1.1377459 1.6664786 2.3199661 2.0135929 2.2516896 2.3683586 1.8558522 1.1696859 1.1791969 1.1856015 1.1863988 1.1863988 1.1939869 2.5805126 2.4944394 1.1719766 1.1690233 1.1704713 1.1695583 1.1713560 1.1680156 1.1665557 1.1673083 1.1696905 1.1699627 1.1661777 1.1746470 1.1713560 2.5302150 1.0125834 1.1699412 1.0543720 1.1794071 1.1699412 2.2547589 1.6699181 2.4951314 2.4397583 2.4377451 2.4604063 2.6292211 2.6270570 1.0795728 1.8995533 1.9348263 1.8985202 1.5348453 1.8998985 1.8839299 2.3981895 2.2685985 3.0057329 2.2427279 2.4669887 2.7919310 2.6826557 2.2262209 2.2906301 2.1541568 2.2671287 2.5302150 
MW520421_Culex_modestus_orthomyxo-like_virus                 1.6920883 2.1335003 2.1380192 1.9044475 2.2543266 1.9609798 2.4693764 2.2863796 2.5050446 2.1151851 2.3565507 1.9450039 1.9460403 1.6436075 2.8250716 1.1447579 3.1156016 0.0388351 0.0000000 2.7845805 2.8896848 3.0508732 3.0455932 2.3798570 2.2716274 1.8846224 2.8355757 2.8174612 1.8610258 1.8575539 1.5752142 1.6507826 1.6513348 0.6395084 0.0503230 1.6966315 0.1245460 0.0517563 0.0517563 0.0460804 1.8794134 1.9008555 1.8925584 1.6922861 1.8485825 1.8137198 1.1135343 1.1176067 1.8498750 1.9045480 1.8482897 0.9082486 1.7087608 1.7809746 1.7809746 1.7901319 1.7960131 1.7759516 1.7994408 1.7958135 1.7045210 2.0508305 0.1062664 0.1217376 1.1136736 1.1136736 1.5997279 1.5914795 1.5896962 2.3849924 2.3382885 1.8699639 1.9260443 1.2104762 1.1490116 1.6569683 2.3237346 2.0359570 2.2967510 2.3406832 1.8518376 1.1749606 1.1766316 1.1830499 1.1838475 1.1838475 1.1931025 2.5821258 2.4803200 1.1640457 1.1611043 1.1625496 1.1669719 1.1528709 1.1600955 1.1586360 1.1647166 1.1617736 1.1620365 1.1582616 1.1720705 1.1687748 2.5433880 1.0157483 1.1673540 1.0763237 1.1768291 1.1673540 2.2672023 1.6603976 2.4916916 2.4496325 2.4386418 2.4195463 2.6578871 2.6347967 1.0829416 1.9139646 1.9513337 1.9129314 1.5422214 1.9117192 1.8971792 2.4271605 2.2913048 3.0519394 2.2425885 2.5139824 2.7984876 2.7164159 2.2424007 2.3006756 2.1732053 2.3105234 2.5433880 
KX883844_Beihai_orthomyxo-like_virus_1                       2.1272422 2.6206245 2.8622771 2.8470889 2.1997492 2.5128063 2.0717105 2.0097137 2.0279356 2.2406619 2.1328239 2.6724089 2.6236994 2.1239229 2.3856742 2.9462087 2.6475449 2.7934806 2.7845805 0.0000000 2.0162440 2.0585950 2.0580306 2.1844314 2.0489620 2.4322678 1.8446899 1.8254879 2.4832262 2.6788402 2.4954614 2.5026900 2.4544655 2.9559361 2.8295609 2.3168887 2.9354498 2.8421142 2.8421142 2.8324258 2.5491251 2.5668334 2.5609917 2.4537242 2.4492361 2.4545785 3.1985638 3.2102835 2.4330438 2.5442592 2.4332752 2.8450821 2.2549776 2.5573324 2.5573324 2.5596721 2.5681001 2.5543843 2.5041225 2.5036012 2.3130433 2.2593495 3.4078458 2.9341028 3.1965827 3.1965827 2.4679105 2.4266321 2.4276183 2.1859694 2.0452086 2.5663177 2.5753776 2.8662406 3.2075702 2.4313253 2.3042834 2.2816128 2.0866758 2.0660747 2.8191050 2.9524754 2.9520858 2.9715369 2.9562804 2.9562804 2.9368550 2.3522172 2.1528806 2.9528991 2.9642037 2.9533378 2.9439062 2.9783920 2.9473596 2.9523487 2.9425341 2.9505793 2.9449163 2.9469268 2.9520858 2.9446505 2.6850539 2.9650069 2.9416895 3.0835187 2.9518368 2.9416895 2.1561463 2.4347448 2.1910470 2.1457408 2.4915156 2.1494443 3.0015177 2.9743726 2.9939196 2.5704542 2.5649537 2.5870147 2.4365302 2.5768246 2.5202488 2.1115472 2.0158318 3.1247530 2.1610603 2.3372877 2.6340436 2.5193586 2.2756889 2.1182156 2.0604285 2.3009679 2.6850539 
OM405131_Quaranjavirus_sp.                                   2.5478258 2.8359049 3.2745094 3.1466716 2.4784317 2.6125202 2.2548722 2.2566471 2.2337524 2.3747532 2.7721424 2.7145202 2.7796138 2.3909164 2.7112069 2.9843845 2.7811988 2.8911518 2.8896848 2.0162440 0.0000000 0.2427283 0.2446374 2.5285457 2.2822803 2.6617292 1.2524825 0.8275444 2.8528299 2.6109687 2.5156377 2.5473296 2.5159931 2.9658262 2.8056755 2.4861219 2.8877512 2.8181924 2.8181924 2.8192713 2.5717022 2.6586043 2.6534440 2.3887183 2.5337505 2.5557603 3.0794771 3.0739525 2.5337475 2.6976691 2.5340039 2.8623323 2.4151361 2.6156700 2.6156700 2.6074535 2.6098695 2.6151004 2.2969445 2.2954754 2.4905827 2.4822641 3.5208813 2.8692198 3.0720802 3.0720802 2.3812723 2.4650111 2.4626232 2.7472048 2.3820212 3.1364529 2.7649531 2.8083276 3.1940641 2.7408946 2.3937142 2.2138416 2.2999779 2.4278985 3.1513971 2.9546912 2.9614908 2.9769531 2.9614647 2.9614647 2.9940452 2.6082878 2.2747563 2.9696529 2.9694763 2.9548790 2.9530212 2.9727267 2.9525565 2.9574614 2.9475152 2.9507030 2.9380363 2.9666108 2.9614908 2.9761499 2.7030583 2.7075779 2.9509432 2.8715907 2.9529580 2.9509432 2.4276550 2.7620829 2.4183897 2.5324535 2.7912807 2.7071163 2.6048367 2.5912268 3.4775906 2.6689220 2.7497920 2.6773105 2.3685754 2.6625714 2.5390558 2.4848685 2.3443321 2.8213735 2.2655298 2.6833314 2.7773727 2.6713198 2.5609220 2.6818258 2.4112466 2.5167380 2.7030583 
ON746456_Yanbian_Ortho_tick_virus_1                          2.6198179 2.8917371 3.1058392 3.1246825 2.4607846 2.5539722 2.3273113 2.3053962 2.2983588 2.4507767 2.9047698 2.6825941 2.7565357 2.5208075 2.8245191 3.1208534 2.9290093 3.0472750 3.0508732 2.0585950 0.2427283 0.0000000 0.0013278 2.7423796 2.4649523 2.7122361 1.3219960 0.8206245 2.8045298 2.6565940 2.5499876 2.6408552 2.6296710 3.0237347 3.0117092 2.5432842 3.0839697 3.0253355 3.0253355 3.0046692 2.6305067 2.6409780 2.6334877 2.4399798 2.7970154 2.5514145 3.3368709 3.3308627 2.7988387 2.8240879 2.7974860 2.9480668 2.4965451 2.6479087 2.6479087 2.6396044 2.6427683 2.6433651 2.3714979 2.3699667 2.5490360 2.4250286 3.9634558 3.0715649 3.3381950 3.3381950 2.5247814 2.5637893 2.5608500 2.8548191 2.4709380 3.2859864 2.9478532 2.8492188 3.2864749 2.8946979 2.4249136 2.5628386 2.2352531 2.6701995 3.1612721 3.0847078 3.0871608 3.1088957 3.0924299 3.0924299 3.1289847 2.7260677 2.4540810 3.1016195 3.1013437 3.0874635 3.0837788 3.0969291 3.0836824 3.0887503 3.0787569 3.0830724 3.0730205 3.0830771 3.0871608 3.1119654 2.7120572 2.9138751 3.0761557 2.8822430 3.0788454 3.0761557 2.4411831 2.9172564 2.5130980 2.6032444 2.8515222 2.7180446 2.6446590 2.6120066 3.3991508 2.6512124 2.7966134 2.6594979 2.4742892 2.6449169 2.5063140 2.5288543 2.5934055 2.8727153 2.4113911 2.7006375 2.7860378 2.7321813 2.6094652 2.7006008 2.4009388 2.4771994 2.7120572 
ON872624_Orthomyxoviridae_sp.                                2.6188338 2.8910452 3.0964545 3.1179313 2.4600528 2.5531052 2.3241804 2.3024775 2.2954650 2.4477850 2.9047698 2.6820290 2.7557104 2.5200478 2.8211695 3.1186380 2.9284956 3.0419986 3.0455932 2.0580306 0.2446374 0.0013278 0.0000000 2.7392301 2.4621483 2.7117592 1.3193424 0.8176374 2.8076088 2.6565940 2.5455382 2.6362603 2.6250744 3.0185813 3.0046927 2.5496980 3.0787168 3.0182892 3.0182892 3.0120826 2.6297281 2.6402009 2.6327122 2.4340129 2.7964436 2.5506634 3.3450788 3.3390572 2.7982666 2.8191675 2.7969142 2.9552840 2.4965451 2.6433651 2.6433651 2.6350735 2.6382325 2.6388269 2.3656872 2.3759536 2.5429066 2.4221923 3.9634558 3.0663219 3.3464056 3.3464056 2.5242603 2.5630333 2.5600951 2.8548191 2.4650185 3.2802942 2.9408142 2.8443675 3.2808566 2.8896769 2.4206419 2.5628386 2.2352531 2.6672140 3.1603307 3.0825703 3.0850215 3.1087177 3.0922510 3.0922510 3.1288083 2.7229459 2.4481122 3.0994716 3.0991974 3.0853244 3.0816427 3.0947836 3.0815438 3.0866104 3.0766226 3.0809357 3.0708910 3.0809386 3.0850215 3.1098084 2.7055104 2.9209973 3.0740215 2.8790242 3.0767002 3.0740215 2.4383515 2.9121966 2.5102101 2.6013549 2.8482603 2.7174759 2.6400727 2.6074727 3.3981377 2.6504338 2.7956462 2.6587164 2.4742892 2.6441394 2.5055005 2.5352696 2.5872032 2.8677954 2.4086090 2.6975444 2.7828296 2.7290702 2.6049511 2.6958881 2.4006683 2.4834161 2.7055104 
MW033635_Soybean_thrips_quaranja-like_virus_1                1.8139700 2.2940210 2.4376218 2.3351735 2.1487743 2.4557090 1.3197949 1.5621544 1.5702553 1.9424897 1.4322045 2.2772111 2.4202179 2.0496902 1.5985634 2.4244386 2.5401646 2.3628419 2.3798570 2.1844314 2.5285457 2.7423796 2.7392301 0.0000000 1.1437231 2.4741109 2.6068527 2.6476783 2.3888355 2.4457455 2.0903777 2.2015638 2.2273910 2.5606715 2.3664190 2.2556582 2.4249911 2.3882838 2.3882838 2.4065017 2.3453599 2.4620601 2.4520634 2.1262410 2.1772505 2.2806840 2.6143816 2.6234071 2.1676367 2.1616677 2.1612748 2.2866575 2.0458615 2.4139840 2.4139840 2.4067621 2.4095020 2.4137674 2.0829171 2.0925782 2.2633683 1.9826970 3.0565787 2.3817029 2.6192880 2.6149267 2.0422269 1.9596533 1.9576605 1.5028058 1.1944330 2.2921608 2.3540274 2.5127160 2.6917524 2.0912669 1.9292020 1.9666809 1.5090231 1.2706530 2.4087910 2.5058193 2.5257607 2.5486844 2.5364716 2.5364716 2.5893751 1.5749824 1.2118942 2.5117091 2.5070712 2.5033616 2.5140205 2.5156195 2.4897265 2.4972407 2.5099222 2.4999939 2.5095544 2.5039422 2.5179492 2.5448242 2.3004427 2.4882615 2.5091765 2.4998443 2.4948681 2.5091765 1.5035338 2.1050296 1.5544417 1.3871901 1.7704393 1.8955638 2.3540215 2.3273621 2.4423821 2.4585708 2.4599074 2.4587790 2.0171143 2.4588751 2.4184900 1.6796317 1.1345614 2.9964834 1.6187168 1.7484847 1.6591861 1.5855570 1.9919179 1.8416773 1.5019149 2.0038610 2.3004427 
MW288220_Hymenopteran_orthomyxo-related_virus_OKIAV171       1.7260122 2.1593040 2.4377355 2.2228456 1.8758328 2.0661416 0.9784328 1.1741660 1.2558333 1.7325865 1.1613770 2.1103625 2.1543850 2.0684500 1.7044434 2.2212895 2.3573453 2.2587307 2.2716274 2.0489620 2.2822803 2.4649523 2.4621483 1.1437231 0.0000000 2.4097963 2.3182529 2.2286664 2.1206802 1.9759993 1.7968311 1.8700399 1.8390028 2.3531131 2.1869502 1.9277685 2.2592103 2.1960990 2.1960990 2.2309777 2.2224081 2.1178138 2.1072191 2.0132006 2.1381605 2.1323244 2.3475864 2.3557452 2.1243046 2.0321823 2.1293500 2.2345731 1.7865487 2.1553750 2.1553750 2.1546510 2.1568104 2.1549803 1.8895714 1.8845582 1.9482667 1.7470587 2.4533635 2.2325432 2.3480336 2.3480336 1.8676232 1.9598105 1.9577867 1.1914679 0.6529142 2.3141553 2.4239796 2.2608906 2.4965767 2.0849455 1.7168600 1.7868404 1.2815195 0.6698434 2.2590144 2.2265593 2.2298204 2.2456385 2.2480750 2.2480750 2.2553181 1.3374329 0.5992284 2.2544274 2.2527764 2.2449075 2.2257552 2.2499310 2.2430176 2.2439100 2.2224923 2.2429771 2.2419046 2.2505380 2.2324311 2.2559453 2.4267342 2.1889161 2.2413210 2.2944639 2.2417879 2.2413210 1.1973996 2.0989756 1.4675611 1.0901787 1.7018235 1.6117089 2.3725206 2.3799070 2.4058219 2.1287545 2.1717483 2.1205674 1.6895816 2.1341683 2.0453839 1.5782154 0.6089873 2.4620515 1.3410486 1.5647380 1.7783037 1.5777630 1.8562420 1.5639599 1.4296177 1.9575683 2.4267342 
MW784032_Yunnan_sediment_orthomyxo-like_virus                1.3064676 1.5799982 1.6626405 1.5548087 2.5154430 1.7579765 2.1928656 2.1502439 2.3810121 1.8766342 2.0455597 1.9065232 1.8288996 1.3962976 2.5662417 2.1977014 2.9024150 1.8282540 1.8846224 2.4322678 2.6617292 2.7122361 2.7117592 2.4741109 2.4097963 0.0000000 2.8179841 2.7432379 0.3771158 1.7777481 1.4518351 1.5553977 1.5327205 2.0375728 1.8176502 1.3862857 1.8632319 1.8057199 1.8057199 1.8303842 1.7080522 1.7018789 1.6974630 1.3690520 1.5817740 1.5350143 2.0446422 2.0517344 1.5729499 1.7843133 1.5685668 1.8647109 1.4765229 1.6851405 1.6851405 1.6905814 1.6946956 1.6777206 1.5567424 1.5512937 1.4974037 1.8936311 1.5049119 1.8729994 2.0519577 2.0495808 1.4247081 1.6781910 1.6777782 2.0913932 2.0028958 1.5807558 0.6358140 2.1714783 2.2084085 1.6672685 2.2696883 1.8231130 2.3191344 2.2644222 1.6603072 2.2117916 2.2329877 2.2318866 2.2338379 2.2338379 2.2460957 2.5465105 2.1758040 2.2231388 2.2280147 2.2245402 2.2225578 2.2300285 2.2256776 2.2260474 2.2217369 2.2201224 2.2322533 2.2222911 2.2278354 2.2234165 2.3203507 2.0008412 2.2198600 2.2949920 2.2379319 2.2198600 2.3016212 1.6712569 2.4243368 2.3308964 2.5621544 2.2197414 2.4592353 2.4425243 2.1736528 1.7011466 1.7417474 1.7032792 1.4636100 1.7015004 1.7278495 2.4243967 2.1220008 3.2935785 2.2267198 2.4543696 2.5963627 2.5869959 2.4192942 2.1666568 2.0930856 2.3526442 2.3203507 
NC_052931_Quaranjavirus_johnstonense                         2.6059614 2.8690100 2.9448972 3.1533220 2.3380797 2.6784003 2.1696433 2.2355959 2.3118346 2.2947649 2.4208341 2.8547909 2.9746257 2.5587217 2.5684489 3.0189786 2.9534997 2.8553965 2.8355757 1.8446899 1.2524825 1.3219960 1.3193424 2.6068527 2.3182529 2.8179841 0.0000000 1.1559765 2.8848187 2.6426631 2.6286679 2.6643635 2.7224761 3.0186271 2.8060502 2.5950322 2.7869658 2.8185048 2.8185048 2.8178550 2.9488389 2.7660475 2.7607640 2.4023535 2.7422612 2.7880841 3.2664088 3.2787920 2.7380260 2.9028080 2.7379607 3.0043609 2.4405797 2.7063007 2.7063007 2.7066392 2.7099683 2.7131294 2.6164365 2.6099744 2.5283183 2.3939679 3.3293581 2.8073802 3.2639056 3.2639056 2.5566550 2.4323447 2.4299794 2.4494921 2.2835548 2.9861373 3.1213308 3.0110951 3.3378996 2.8894825 2.2697213 2.2364649 2.3223345 2.3719164 3.1114468 3.0405531 3.0483525 3.0756702 3.0592565 3.0592565 3.0736912 2.7383077 2.2540317 3.0665308 3.0662786 3.0637454 3.0620328 3.0544910 3.0558690 3.0536966 3.0440017 3.0482252 3.0399406 3.0485242 3.0483525 3.0421525 2.8608253 2.8596494 3.0373573 3.0179639 3.0430564 3.0373573 2.3804030 2.9069425 2.5180892 2.3059507 2.6497263 2.5503123 2.6131084 2.5782319 3.2388201 2.7742696 2.8280924 2.7480218 2.4688122 2.7745599 2.6180680 2.2962575 2.2724260 3.0663411 2.2106168 2.4366856 2.8861076 2.8867764 2.6057850 2.4833327 2.2323975 2.6429016 2.8608253 
MN830237_Uumaja_virus                                        2.5269431 2.6423758 3.2715800 3.1917360 2.6399119 2.8917597 2.2077638 2.2223185 2.2723475 2.5110890 2.7880304 3.0314449 3.0733250 2.5399792 2.7148828 2.8176162 2.7727895 2.8102943 2.8174612 1.8254879 0.8275444 0.8206245 0.8176374 2.6476783 2.2286664 2.7432379 1.1559765 0.0000000 2.6853177 2.7611761 2.5291017 2.6972425 2.6478083 3.1185221 2.7365230 2.6608292 2.8645255 2.7622475 2.7622475 2.7740729 2.8508667 2.9083734 2.8967437 2.5664603 2.8416595 2.9158401 3.3796748 3.3923262 2.8351520 2.7583143 2.8470045 2.9975214 2.4385532 2.8341867 2.8341867 2.8327962 2.8347854 2.8293321 2.3978292 2.3938036 2.6468674 2.5914707 3.5780379 2.8635414 3.3683231 3.3677850 2.5274531 2.5663994 2.5753002 2.7841102 2.3044163 3.0936443 2.8867113 2.8028906 3.1401987 2.8876072 2.5877410 2.4769747 2.3108792 2.4232967 3.1448994 2.8981663 2.8969909 2.9189610 2.9041327 2.9041327 2.9133377 2.6924100 2.2721655 2.8963065 2.8961863 2.8826308 2.9042709 2.8993772 2.8799290 2.8846674 2.8869593 2.8786359 2.8892673 2.8825380 2.8969909 2.8897218 2.7583153 2.8687387 2.8868349 2.6575482 2.8884891 2.8868349 2.3982408 2.9095249 2.5416294 2.4126892 3.0153675 2.4694409 2.5330316 2.4965183 3.3270220 2.9192181 3.0547986 2.9462356 2.6569150 2.9142890 2.7810979 2.3824434 2.3516582 3.0029743 2.3684655 2.7020680 2.8190711 2.7229920 2.4627723 2.4271467 2.3694736 2.3757275 2.7583153 
