67
Wuhan_Mosquito_Virus_6_F1115C44F1576                     0.0000000 0.0000010 0.0062886 0.0000010 1.2313864 1.3543015 2.1621681 2.1605638 2.1734074 2.1589341 2.1684215 1.9823072 2.2773747 2.3915528 2.3579650 2.5923941 2.3628348 2.0371752 2.5980035 0.0038987 1.2421140 2.2207515 0.0012934 0.0051971 0.0091157 0.0065006 0.0038861 0.0038957 0.0065264 0.0065211 0.0038948 0.0051965 0.0052052 0.0052067 0.9057502 2.2721204 2.0684515 1.2196230 1.9767731 2.0228596 2.0595734 2.4320056 1.7465316 1.2298368 0.0184677 0.0065095 2.0825428 0.0051953 0.0051953 0.0078185 2.3411389 0.0025908 2.2060796 2.0402650 1.9708921 2.0335148 2.0319008 2.0763387 2.0434333 2.2808947 2.2775598 1.7612286 2.2796850 2.1918147 2.2773010 2.1626635 2.9836386 
Wuhan_Mosquito_Virus_6_F1115C44F1422                     0.0000010 0.0000000 0.0063332 0.0000010 1.2413364 1.3830293 2.1638559 2.1622325 2.1751318 2.1605965 2.1701249 1.9724548 2.2795404 2.4119431 2.3774288 2.6288527 2.3825500 2.0523737 2.6210877 0.0039158 1.2523283 2.2227628 0.0012991 0.0052198 0.0091558 0.0065291 0.0039031 0.0039127 0.0065551 0.0065498 0.0039119 0.0052193 0.0052280 0.0052295 0.9123428 2.2742633 2.0697413 1.2294828 1.9829065 2.0293923 2.0565066 2.4354148 1.7467336 1.2398013 0.0185498 0.0065391 2.0838881 0.0052181 0.0052181 0.0078529 2.3436671 0.0026022 2.2079381 2.0414483 1.9745513 2.0375682 2.0471014 2.0922105 2.0423017 2.2832970 2.2797243 1.7612286 2.2818593 2.1939110 2.2794648 2.1643480 3.0038452 
Wuhan_Mosquito_Virus_6_F1115C44F1120                     0.0062886 0.0063332 0.0000000 0.0062886 1.1103160 1.1356960 2.0947606 2.1272390 2.1272390 2.1123003 2.1272390 2.2462292 2.2376420 2.4771727 2.3015824 3.0554695 2.4119542 1.9509847 2.6706732 0.0062836 1.1642912 2.1982160 0.0041837 0.0062850 0.0147271 0.0104944 0.0083870 0.0062850 0.0084208 0.0084122 0.0062850 0.0083855 0.0084086 0.0084127 0.8297763 2.2293452 1.8225081 1.1230885 2.0012136 2.1181927 2.1346141 2.2832374 1.7829213 1.1405303 0.0257351 0.0105547 2.0104434 0.0084113 0.0084113 0.0105547 2.3252135 0.0041837 2.1800479 1.8667195 2.0448919 2.0458870 1.9737249 2.0807568 1.9456708 2.2618174 2.2310455 1.8063224 2.2343776 2.0502069 2.2306258 2.1413499 3.1825632 
Wuhan_Mosquito_Virus_6_F1115C44F1115                     0.0000010 0.0000010 0.0062886 0.0000000 1.2313864 1.3543015 2.1621681 2.1605638 2.1734074 2.1589341 2.1684215 1.9823072 2.2773747 2.3915528 2.3579650 2.5923941 2.3628348 2.0371752 2.5980035 0.0038987 1.2421140 2.2207515 0.0012934 0.0051971 0.0091157 0.0065006 0.0038861 0.0038957 0.0065264 0.0065211 0.0038948 0.0051965 0.0052052 0.0052067 0.9057502 2.2721204 2.0684515 1.2196230 1.9767731 2.0228596 2.0595734 2.4320056 1.7465316 1.2298368 0.0184677 0.0065095 2.0825428 0.0051953 0.0051953 0.0078185 2.3411389 0.0025908 2.2060796 2.0402650 1.9708921 2.0335148 2.0319008 2.0763387 2.0434333 2.2808947 2.2775598 1.7612286 2.2796850 2.1918147 2.2773010 2.1626635 2.9836386 
Wuhan_Mosquito_Virus_4_F1413C102F1413                    1.2313864 1.2413364 1.1103160 1.2313864 0.0000000 0.0032075 1.9501797 1.9993541 1.9972965 1.9884082 1.9872612 1.8418251 2.0968075 2.0904366 2.0542967 2.4642053 2.1771224 1.9861715 2.1594093 1.2323475 0.1229102 2.0741853 1.2362969 1.2289179 1.2301219 1.2324181 1.2305734 1.2294579 1.2309136 1.2351074 1.2328846 1.2335064 1.2320012 1.2358071 1.2076923 2.1061258 1.7703703 0.0226965 1.7584438 1.8238465 1.9512740 2.1751813 1.7780260 0.6586489 1.2653119 1.2450430 1.9847903 1.2377214 1.2377214 1.2439392 2.0585948 1.2409511 1.9574155 1.8319264 1.7212661 1.6696646 1.8980421 1.9839033 1.8440147 2.0783615 2.1212224 1.6028685 2.1201744 2.1660688 2.1209556 2.1234078 2.9692943 
Wuhan_Mosquito_Virus_4_F1413C102F1245                    1.3543015 1.3830293 1.1356960 1.3543015 0.0032075 0.0000000 2.1994014 2.2139043 2.2083963 2.2023780 2.1994014 2.0755460 2.4194198 1.6353693 2.0658478 1.7051941 1.9180305 2.2983681 1.8869318 1.3434839 0.1061853 2.2006622 1.3543015 1.3528160 1.3559465 1.3543015 1.3543015 1.3543015 1.3543015 1.3543015 1.3546449 1.3543015 1.3543015 1.3543015 1.3904470 2.4352243 2.2458025 0.0129538 2.0025603 1.7941272 2.3267298 2.5923052 2.2884839 0.7332878 1.3680063 1.3444774 2.2611953 1.3444774 1.3444774 1.3413957 2.2043597 1.3667892 2.1292438 1.9083971 1.6879351 1.6075063 1.9895520 2.1851285 2.1294792 2.3669070 2.4542248 2.1452644 2.4555527 2.6410291 2.4542248 2.3211040 3.0031652 
Palmetto_orthomyxo_like_virus_F1398C269F1551             2.1621681 2.1638559 2.0947606 2.1621681 1.9501797 2.1994014 0.0000000 0.0051754 0.0038675 0.0025780 0.0012862 0.0033437 0.1798934 1.7988577 1.8820155 2.0215948 1.8781822 1.7146711 1.7534706 2.1706664 1.9295591 0.1964126 2.1656524 2.1481730 2.1405779 2.1551629 2.1636982 2.1524023 2.1455638 2.1627497 2.1673881 2.1594367 2.1615615 2.1629477 2.0885564 0.1799270 1.3133018 1.9643084 1.3312012 1.3875461 1.3821566 0.1789802 0.7021547 2.0333418 2.1796898 2.1910280 0.6584868 2.1821589 2.1821589 2.1879869 0.1625553 2.1664924 1.0023216 1.2454117 1.3504942 1.2925950 1.3984154 1.6047569 1.3297126 0.1870227 0.1764076 0.1267907 0.1768155 0.1860356 0.1762560 0.2643501 2.7433816 
Palmetto_orthomyxo_like_virus_F1398C269F1540             2.1605638 2.1622325 2.1272390 2.1605638 1.9993541 2.2139043 0.0051754 0.0000000 0.0012829 0.0051495 0.0038540 0.0000010 0.1841766 1.8216699 1.8741479 2.0190572 1.9026280 1.7447430 1.7660370 2.1689920 1.9791803 0.2010510 2.1640198 2.1466806 2.1391474 2.1536142 2.1620815 2.1508767 2.1440928 2.1611402 2.1657418 2.1578541 2.1599619 2.1613379 2.0654020 0.1842108 1.3360911 2.0138637 1.3470116 1.4063515 1.4080087 0.1834405 0.7076020 2.0429783 2.1737563 2.1891904 0.6629098 2.1803940 2.1803940 2.1861739 0.1670109 2.1648527 0.9947464 1.2638654 1.3576202 1.2983369 1.4167540 1.6050111 1.3507507 0.1909182 0.1806921 0.1299892 0.1811098 0.1890848 0.1805383 0.2595052 2.7404081 
Palmetto_orthomyxo_like_virus_F1398C269F1398             2.1734074 2.1751318 2.1272390 2.1734074 1.9972965 2.2083963 0.0038675 0.0012829 0.0000000 0.0038488 0.0025604 0.0000010 0.1819799 1.8172145 1.8707747 2.0190572 1.8953740 1.7388892 1.7617446 2.1819065 1.9725836 0.2010510 2.1768892 2.1594318 2.1518353 2.1664153 2.1749357 2.1636508 2.1568208 2.1739918 2.1786208 2.1706806 2.1728031 2.1741807 2.0775320 0.1820135 1.3344462 2.0117894 1.3544659 1.4014672 1.4054345 0.1834405 0.7076020 2.0347054 2.1866708 2.2022298 0.6627962 2.1933681 2.1933681 2.1991935 0.1670109 2.1777305 0.9939935 1.2558829 1.3652624 1.2967249 1.4153235 1.6011526 1.3482591 0.1884527 0.1785107 0.1299892 0.1789215 0.1864607 0.1783587 0.2618975 2.7385287 
Palmetto_orthomyxo_like_virus_F1398C269F1396             2.1589341 2.1605965 2.1123003 2.1589341 1.9884082 2.2023780 0.0025780 0.0051495 0.0038488 0.0000000 0.0012800 0.0033497 0.1818391 1.8109353 1.8777661 2.0304980 1.8958527 1.7369492 1.7568055 2.1673567 1.9636134 0.1989861 2.1623882 2.1450572 2.1568225 2.1519872 2.1604512 2.1492521 2.1424713 2.1595098 2.1641097 2.1562256 2.1583323 2.1597086 2.0774453 0.1818729 1.3325067 2.0028131 1.3500947 1.4176099 1.4055643 0.1812544 0.7035612 2.0316653 2.1721229 2.1875474 0.6582296 2.1787556 2.1787556 2.1845321 0.1650652 2.1632204 1.0019482 1.2563724 1.3664738 1.3056890 1.4222228 1.6070994 1.3527925 0.1883165 0.1783605 0.1267907 0.1787721 0.1863087 0.1782082 0.2624941 2.7589056 
Palmetto_orthomyxo_like_virus_F1398C269F1387             2.1684215 2.1701249 2.1272390 2.1684215 1.9872612 2.1994014 0.0012862 0.0038540 0.0025604 0.0012800 0.0000000 0.0016702 0.1820176 1.8109353 1.8759142 2.0274118 1.8940063 1.7341304 1.7568055 2.1768963 1.9624472 0.1986168 2.1718946 2.1544765 2.1469017 2.1614433 2.1699463 2.1586882 2.1518735 2.1690030 2.1736232 2.1657004 2.1678179 2.1691954 2.0762788 0.1820513 1.3315652 2.0016598 1.3486229 1.4110352 1.4024412 0.1814643 0.7024600 2.0305013 2.1816625 2.1971790 0.6576898 2.1883392 2.1883392 2.1941492 0.1647702 2.1727330 1.0011563 1.2549519 1.3655155 1.3036630 1.4155859 1.6060544 1.3513109 0.1884977 0.1785469 0.1267907 0.1789580 0.1865077 0.1783949 0.2619830 2.7554029 
Palmetto_orthomyxo_like_virus_F1398C269F1230             1.9823072 1.9724548 2.2462292 1.9823072 1.8418251 2.0755460 0.0033437 0.0000010 0.0000010 0.0033497 0.0016702 0.0000000 0.1839575 1.5991067 1.5826227 2.0037481 1.6688909 1.4360842 1.5735914 1.9976942 1.8399540 0.1719902 1.9865186 1.9885428 1.9697583 1.9917973 1.9841758 1.9885428 1.9801554 1.9992140 1.9885428 1.9970997 1.9996999 2.0015288 1.8887917 0.1817856 1.1172465 1.8923014 1.1206729 1.2195818 1.1759904 0.1840514 0.6134274 1.9946643 1.9954833 1.9931422 0.5533787 1.9931422 1.9931422 1.9894528 0.1493298 1.9874972 0.8425859 1.1153260 1.1916038 1.1188569 1.1509544 1.3414907 1.1396464 0.1935463 0.1794217 0.1347260 0.1799641 0.1916708 0.1792217 0.2270709 2.3058419 
OL343761_Palmetto_orthomyxo-like_virus                   2.2773747 2.2795404 2.2376420 2.2773747 2.0968075 2.4194198 0.1798934 0.1841766 0.1819799 0.1818391 0.1820176 0.1839575 0.0000000 1.8448445 1.8518236 1.9666466 1.9635997 1.8068134 1.7679265 2.2872361 2.1074030 0.2222285 2.2819005 2.2654988 2.2632327 2.2667960 2.2722256 2.2698602 2.2627248 2.2655907 2.2760580 2.2689427 2.2794679 2.2834391 2.2103347 0.0025621 1.3430354 2.1037061 1.3650230 1.4366745 1.3614334 0.0090168 0.6856456 2.0484426 2.3038019 2.3037778 0.6727634 2.2944937 2.2944937 2.2956156 0.2003836 2.2828021 1.0244234 1.3020545 1.3669345 1.2922860 1.4742813 1.6215755 1.3870836 0.0084762 0.0090134 0.0078975 0.0103380 0.0075814 0.0077199 0.2463998 2.7726041 
MW784032_Yunnan_sediment_orthomyxo-like_virus            2.3915528 2.4119431 2.4771727 2.3915528 2.0904366 1.6353693 1.7988577 1.8216699 1.8172145 1.8109353 1.8109353 1.5991067 1.8448445 0.0000000 1.7942702 1.6951500 1.7343137 1.9497742 0.6399422 2.3949985 2.1086986 2.0691334 2.4005307 2.3938179 2.4082057 2.3912379 2.4001506 2.3978730 2.3974107 2.4026037 2.4011303 2.3961484 2.4000845 2.3940270 2.2549411 1.8496537 1.7887323 2.0854967 1.5344235 1.6024168 1.6382425 1.9330040 1.4050662 2.1889920 2.4214934 2.4058917 1.5994003 2.4075347 2.4075347 2.4058917 1.9868307 2.4060776 1.6911590 1.7879493 1.6295422 1.5138755 1.4651475 1.9449978 1.4772016 1.8796675 1.8494880 1.6143133 1.8515501 1.8998880 1.8492008 1.8227544 2.4887971 
MW784029_Heilongjiang_sediment_orthomyxo-like_virus      2.3579650 2.3774288 2.3015824 2.3579650 2.0542967 2.0658478 1.8820155 1.8741479 1.8707747 1.8777661 1.8759142 1.5826227 1.8518236 1.7942702 0.0000000 0.3592427 0.6235535 1.8161878 1.5655323 2.3696781 2.0459729 1.9217008 2.3666101 2.3675951 2.3456069 2.3534970 2.3594381 2.3603556 2.3598957 2.3592946 2.3671127 2.3582257 2.3601643 2.3718112 2.2468142 1.8521731 1.9212678 2.1046223 1.6756817 1.7530526 1.8259119 1.8315103 1.6926443 2.0077919 2.4113035 2.3856521 1.7926242 2.3719133 2.3719133 2.3823713 1.8524698 2.3638246 1.8952331 1.7842740 1.6372832 1.5797511 1.6054427 1.9919453 1.7027982 1.8475898 1.8592569 1.4788450 1.8647250 1.8454694 1.8593885 1.9104745 2.5834069 
MW784026_Xinjiang_sediment_orthomyxo-like_virus_2        2.5923941 2.6288527 3.0554695 2.5923941 2.4642053 1.7051941 2.0215948 2.0190572 2.0190572 2.0304980 2.0274118 2.0037481 1.9666466 1.6951500 0.3592427 0.0000000 0.6402324 1.8696751 1.6619138 2.6076461 2.3765725 2.0691097 2.6076461 2.6076461 2.5943202 2.5963883 2.5992127 2.6076461 2.6002541 2.6114936 2.6076461 2.6046857 2.6073890 2.6023730 2.6245346 1.9643392 1.9700294 2.5125037 1.6027746 1.8265917 1.6796997 1.9648639 1.6910230 2.4594120 2.6303834 2.5974631 1.7947908 2.5974631 2.5974631 2.5974631 2.0938846 2.6076461 1.8956539 1.7869834 1.6004731 1.5730434 1.5172606 2.1416335 1.5805033 1.8857836 1.9588397 1.3009626 1.9726467 1.8743628 1.9673168 1.9893554 2.7861349 
MW784025_Henan_sediment_orthomyxo-like_virus             2.3628348 2.3825500 2.4119542 2.3628348 2.1771224 1.9180305 1.8781822 1.9026280 1.8953740 1.8958527 1.8940063 1.6688909 1.9635997 1.7343137 0.6235535 0.6402324 0.0000000 2.0037566 1.4888160 2.3746891 2.1241324 1.8496892 2.3715800 2.3629820 2.3507494 2.3471359 2.3644644 2.3556877 2.3623970 2.3541096 2.3685170 2.3493863 2.3554939 2.3643814 2.2516833 1.9590440 1.8687766 2.1693411 1.5848080 1.6683720 1.6826575 1.9709441 1.7228554 2.0440224 2.3914620 2.3811920 1.8071293 2.3770602 2.3770602 2.3789173 1.8813166 2.3645081 1.9033494 1.7485347 1.5503359 1.4853666 1.5303594 2.0631736 1.6688513 1.9493156 1.9533024 1.4204859 1.9624567 1.9207492 1.9585382 1.8794564 2.8540779 
MW784019_Xinjiang_sediment_orthomyxo-like_virus_5        2.0371752 2.0523737 1.9509847 2.0371752 1.9861715 2.2983681 1.7146711 1.7447430 1.7388892 1.7369492 1.7341304 1.4360842 1.8068134 1.9497742 1.8161878 1.8696751 2.0037566 0.0000000 1.7953247 2.0277007 2.1112646 1.8962038 2.0361511 2.0433031 2.0248903 2.0322633 2.0351498 2.0371711 2.0366594 2.0519104 2.0471025 2.0363662 2.0456898 2.0470540 2.3092426 1.8166053 1.7028068 1.9947903 1.4331576 1.4970171 1.3949030 1.8322578 1.4478323 2.1989768 2.0516504 2.0399384 1.5899933 2.0408112 2.0408112 2.0376188 1.8031123 2.0429385 1.6234967 1.5352547 1.4700843 1.4534884 1.3779109 1.6883922 1.4383947 1.8188471 1.8120399 1.3391853 1.8170463 1.8237277 1.8117517 1.8657856 2.7609124 
MW784015_Xinjiang_sediment_orthomyxo-like_virus_4        2.5980035 2.6210877 2.6706732 2.5980035 2.1594093 1.8869318 1.7534706 1.7660370 1.7617446 1.7568055 1.7568055 1.5735914 1.7679265 0.6399422 1.5655323 1.6619138 1.4888160 1.7953247 0.0000000 2.6200716 2.1505016 1.8476304 2.6076902 2.5996855 2.6143999 2.5997974 2.6205315 2.6046478 2.6042416 2.6189402 2.6123877 2.6022827 2.6070281 2.6174477 2.3011764 1.7729744 1.7417579 2.1791226 1.5461640 1.4688132 1.5866040 1.7920681 1.3874981 2.2417284 2.6516095 2.6388786 1.6353203 2.6278245 2.6278245 2.6363593 1.7853102 2.6164590 1.6735965 1.6677859 1.6551999 1.6089290 1.4510279 2.1226982 1.4704082 1.8207562 1.7813230 1.4943439 1.7838973 1.7793650 1.7810309 1.8324415 2.5228559 
MW520424_Culex_pipiens_orthomyxo-like_virus              0.0038987 0.0039158 0.0062836 0.0038987 1.2323475 1.3434839 2.1706664 2.1689920 2.1819065 2.1673567 2.1768963 1.9976942 2.2872361 2.3949985 2.3696781 2.6076461 2.3746891 2.0277007 2.6200716 0.0000000 1.2430874 2.2290348 0.0025958 0.0065199 0.0104545 0.0078289 0.0051993 0.0052121 0.0078591 0.0078528 0.0052110 0.0065192 0.0065304 0.0065323 0.9120565 2.2819593 2.0904707 1.2205896 1.9925629 2.0445898 2.0677583 2.4508576 1.7590074 1.2339162 0.0198562 0.0078399 2.0925651 0.0065176 0.0065176 0.0091535 2.3510217 0.0038997 2.2089588 2.0489883 1.9760590 2.0384797 2.0450061 2.0915953 2.0555226 2.2917722 2.2874133 1.7767115 2.2895503 2.2028676 2.2871550 2.1603845 2.9995364 
MW520421_Culex_modestus_orthomyxo-like_virus             1.2421140 1.2523283 1.1642912 1.2421140 0.1229102 0.1061853 1.9295591 1.9791803 1.9725836 1.9636134 1.9624472 1.8399540 2.1074030 2.1086986 2.0459729 2.3765725 2.1241324 2.1112646 2.1505016 1.2430874 0.0000000 2.1451693 1.2471288 1.2338469 1.2350709 1.2374114 1.2412848 1.2343975 1.2358788 1.2280622 1.2436432 1.2385228 1.2369857 1.2408684 1.1941929 2.1169600 1.7557422 0.1259444 1.7313096 1.8237198 1.9554239 2.2155247 1.8144193 0.6650980 1.2784514 1.2677450 1.9869711 1.2602113 1.2602113 1.2665978 2.1542940 1.2518795 2.0244073 1.8003412 1.7471965 1.6769814 1.8793078 1.9377639 1.8733683 2.0898291 2.1296908 1.6680218 2.1313621 2.1918937 2.1321616 2.0648663 2.9180943 
MW520417_Aedes_detritus_orthomyxo-like_virus             2.2207515 2.2227628 2.1982160 2.2207515 2.0741853 2.2006622 0.1964126 0.2010510 0.2010510 0.1989861 0.1986168 0.1719902 0.2222285 2.0691334 1.9217008 2.0691097 1.8496892 1.8962038 1.8476304 2.2290348 2.1451693 0.0000000 2.2186452 2.1990395 2.2059315 2.2102971 2.2264017 2.2035071 2.1962453 2.2146127 2.2194400 2.2109991 2.2132572 2.2173159 2.1525677 0.2184977 1.3315379 2.1149373 1.4084699 1.4405304 1.3979695 0.2110025 0.7209396 1.9908579 2.2255928 2.2438263 0.7045347 2.2343826 2.2343826 2.2355245 0.1089621 2.2198790 1.0048308 1.3532315 1.4287025 1.3700237 1.4985080 1.7196595 1.4130578 0.2280108 0.2143379 0.1347438 0.2207783 0.2322770 0.2162388 0.3037098 2.7652988 
MW452277_Wuhan_Mosquito_Virus_6                          0.0012934 0.0012991 0.0041837 0.0012934 1.2362969 1.3543015 2.1656524 2.1640198 2.1768892 2.1623882 2.1718946 1.9865186 2.2819005 2.4005307 2.3666101 2.6076461 2.3715800 2.0361511 2.6076902 0.0025958 1.2471288 2.2186452 0.0000000 0.0038928 0.0078024 0.0051937 0.0025874 0.0025938 0.0052143 0.0052092 0.0025932 0.0038923 0.0038989 0.0039000 0.9096838 2.2766407 2.0760160 1.2245164 1.9839423 2.0302479 2.0631846 2.4375982 1.7590074 1.2289339 0.0171259 0.0052009 2.0901510 0.0038915 0.0038915 0.0065060 2.3404994 0.0012937 2.2141335 2.0477657 1.9706410 2.0327984 2.0393279 2.0839816 2.0509330 2.2858821 2.2820818 1.7612286 2.2842104 2.1969778 2.2818234 2.1616115 2.9836386 
MW434432_Wuhan_Mosquito_Virus_6                          0.0051971 0.0052198 0.0062850 0.0051971 1.2289179 1.3528160 2.1481730 2.1466806 2.1594318 2.1450572 2.1544765 1.9885428 2.2654988 2.3938179 2.3675951 2.6076461 2.3629820 2.0433031 2.5996855 0.0065199 1.2338469 2.1990395 0.0038928 0.0000000 0.0064786 0.0038813 0.0038919 0.0012922 0.0038959 0.0038929 0.0039006 0.0025856 0.0025899 0.0025906 0.9103302 2.2602711 2.0879807 1.2214778 1.9846895 2.0351829 2.0760417 2.4246013 1.7590074 1.2304694 0.0198367 0.0091442 2.0837889 0.0078191 0.0078191 0.0104585 2.3237716 0.0051983 2.2255216 2.0522366 1.9803542 2.0438171 2.0503253 2.0733638 2.0587387 2.2726079 2.2656932 1.7537220 2.2678043 2.1785089 2.2654340 2.1442751 2.9761017 
MW434431_Wuhan_Mosquito_Virus_6                          0.0091157 0.0091558 0.0147271 0.0091157 1.2301219 1.3559465 2.1405779 2.1391474 2.1518353 2.1568225 2.1469017 1.9697583 2.2632327 2.4082057 2.3456069 2.5943202 2.3507494 2.0248903 2.6143999 0.0104545 1.2350709 2.2059315 0.0078024 0.0064786 0.0000000 0.0077794 0.0078007 0.0051801 0.0078087 0.0078026 0.0078193 0.0064779 0.0064888 0.0064907 0.9106820 2.2580132 2.0742804 1.2226835 1.9957796 2.0361765 2.0786338 2.4215953 1.7476241 1.2288346 0.0238550 0.0130915 2.0913227 0.0117541 0.0117541 0.0144118 2.3152576 0.0091179 2.2215702 2.0455683 1.9770889 2.0434675 2.0475842 2.0763928 2.0645135 2.2653030 2.2634288 1.7520435 2.2655359 2.1719182 2.2631696 2.1385617 2.9748269 
MW434430_Wuhan_Mosquito_Virus_6                          0.0065006 0.0065291 0.0104944 0.0065006 1.2324181 1.3543015 2.1551629 2.1536142 2.1664153 2.1519872 2.1614433 1.9917973 2.2667960 2.3912379 2.3534970 2.5963883 2.3471359 2.0322633 2.5997974 0.0078289 1.2374114 2.2102971 0.0051937 0.0038813 0.0077794 0.0000000 0.0051925 0.0025861 0.0051979 0.0051938 0.0052042 0.0012919 0.0038874 0.0038885 0.9097501 2.2615679 2.0869806 1.2249743 1.9807339 2.0288714 2.0666829 2.4261715 1.7418071 1.2223794 0.0211730 0.0104574 2.0822264 0.0091282 0.0091282 0.0117735 2.3307649 0.0065021 2.2133094 2.0516447 1.9742475 2.0364065 2.0386227 2.0691623 2.0491374 2.2692305 2.2669894 1.7612286 2.2691010 2.1810300 2.2667303 2.1421133 2.9598080 
MW434429_Wuhan_Mosquito_Virus_6                          0.0038861 0.0039031 0.0083870 0.0038861 1.2305734 1.3543015 2.1636982 2.1620815 2.1749357 2.1604512 2.1699463 1.9841758 2.2722256 2.4001506 2.3594381 2.5992127 2.3644644 2.0351498 2.6205315 0.0051993 1.2412848 2.2264017 0.0025874 0.0038919 0.0078007 0.0051925 0.0000000 0.0025932 0.0052121 0.0052080 0.0025926 0.0038915 0.0038980 0.0038991 0.9066039 2.2669866 2.0757245 1.2188115 1.9805366 2.0223249 2.0652534 2.4253202 1.7590074 1.2292556 0.0197901 0.0078139 2.0980537 0.0064954 0.0064954 0.0091232 2.3496711 0.0038870 2.2095486 2.0440073 1.9709071 2.0298838 2.0491040 2.0750587 2.0479062 2.2752147 2.2724146 1.7612286 2.2745321 2.1903081 2.2721558 2.1596671 2.9698436 
MW434428_Wuhan_Mosquito_Virus_6                          0.0038957 0.0039127 0.0062850 0.0038957 1.2294579 1.3543015 2.1524023 2.1508767 2.1636508 2.1492521 2.1586882 1.9885428 2.2698602 2.3978730 2.3603556 2.6076461 2.3556877 2.0371711 2.6046478 0.0052121 1.2343975 2.2035071 0.0025938 0.0012922 0.0051801 0.0025861 0.0025932 0.0000000 0.0025959 0.0025938 0.0025990 0.0012921 0.0012943 0.0012946 0.9072625 2.2646254 2.0826428 1.2220162 1.9854767 2.0300108 2.0698390 2.4300707 1.7590074 1.2272429 0.0185046 0.0078337 2.0775063 0.0065124 0.0065124 0.0091463 2.3257698 0.0038966 2.2197664 2.0469746 1.9753401 2.0376365 2.0441544 2.0767988 2.0525139 2.2726079 2.2700511 1.7612286 2.2721663 2.1834441 2.2697922 2.1484249 2.9664369 
MW434426_Wuhan_Mosquito_Virus_6                          0.0065264 0.0065551 0.0084208 0.0065264 1.2309136 1.3543015 2.1455638 2.1440928 2.1568208 2.1424713 2.1518735 1.9801554 2.2627248 2.3974107 2.3598957 2.6002541 2.3623970 2.0366594 2.6042416 0.0078591 1.2358788 2.1962453 0.0052143 0.0038959 0.0078087 0.0051979 0.0052121 0.0025959 0.0000000 0.0052144 0.0052250 0.0038955 0.0039020 0.0039031 0.9129709 2.2575053 2.0884371 1.2234720 1.9736670 2.0294969 2.0693342 2.4210002 1.7528529 1.2287046 0.0212542 0.0104976 2.0739463 0.0091633 0.0091633 0.0118188 2.3182195 0.0065279 2.2191050 2.0432252 1.9634826 2.0433188 2.0498279 2.0785913 2.0582371 2.2647440 2.2629214 1.7612286 2.2650284 2.1834441 2.2626621 2.1416176 2.9661382 
MW434425_Wuhan_Mosquito_Virus_6                          0.0065211 0.0065498 0.0084122 0.0065211 1.2351074 1.3543015 2.1627497 2.1611402 2.1739918 2.1595098 2.1690030 1.9992140 2.2655907 2.4026037 2.3592946 2.6114936 2.3541096 2.0519104 2.6189402 0.0078528 1.2280622 2.2146127 0.0052092 0.0038929 0.0078026 0.0051938 0.0052080 0.0025938 0.0052144 0.0000000 0.0052208 0.0038924 0.0038990 0.0039001 0.9007613 2.2603632 2.0734068 1.2276502 1.9909638 2.0473662 2.0667005 2.4247077 1.7782890 1.2289766 0.0199148 0.0104893 2.0874123 0.0091560 0.0091560 0.0118095 2.3434934 0.0065227 2.2309273 2.0592454 1.9804255 2.0429486 2.0351123 2.0835003 2.0623192 2.2679030 2.2657850 1.7612286 2.2678961 2.1799326 2.2655258 2.1465108 2.9822384 
MW434424_Wuhan_Mosquito_Virus_6                          0.0038948 0.0039119 0.0062850 0.0038948 1.2328846 1.3546449 2.1673881 2.1657418 2.1786208 2.1641097 2.1736232 1.9885428 2.2760580 2.4011303 2.3671127 2.6076461 2.3685170 2.0471025 2.6123877 0.0052110 1.2436432 2.2194400 0.0025932 0.0039006 0.0078193 0.0052042 0.0025926 0.0025990 0.0052250 0.0052208 0.0000000 0.0039002 0.0039067 0.0039078 0.9067361 2.2708109 2.0765103 1.2211170 1.9811171 2.0288952 2.0687167 2.4301794 1.7590074 1.2255214 0.0198353 0.0078318 2.0884239 0.0065099 0.0065099 0.0091441 2.3423859 0.0038958 2.2167105 2.0446487 1.9709550 2.0331481 2.0396795 2.0751805 2.0480082 2.2794397 2.2762439 1.7612286 2.2783658 2.1904197 2.2759853 2.1633397 2.9722738 
MW434423_Wuhan_Mosquito_Virus_6                          0.0051965 0.0052193 0.0083855 0.0051965 1.2335064 1.3543015 2.1594367 2.1578541 2.1706806 2.1562256 2.1657004 1.9970997 2.2689427 2.3961484 2.3582257 2.6046857 2.3493863 2.0363662 2.6022827 0.0065192 1.2385228 2.2109991 0.0038923 0.0025856 0.0064779 0.0012919 0.0038915 0.0012921 0.0038955 0.0038924 0.0039002 0.0000000 0.0025896 0.0025904 0.9104120 2.2637102 2.0893657 1.2260568 1.9826033 2.0308007 2.0690230 2.4288891 1.7590074 1.2268039 0.0198345 0.0091432 2.0842084 0.0078182 0.0078182 0.0104574 2.3336137 0.0051977 2.2177596 2.0536107 1.9761263 2.0383538 2.0427483 2.0759661 2.0510954 2.2715963 2.2691344 1.7612286 2.2712483 2.1834441 2.2688754 2.1464623 2.9642404 
MW434422_Wuhan_Mosquito_Virus_6                          0.0052052 0.0052280 0.0084086 0.0052052 1.2320012 1.3543015 2.1615615 2.1599619 2.1728031 2.1583323 2.1678179 1.9996999 2.2794679 2.4000845 2.3601643 2.6073890 2.3554939 2.0456898 2.6070281 0.0065304 1.2369857 2.2132572 0.0038989 0.0025899 0.0064888 0.0038874 0.0038980 0.0012943 0.0039020 0.0038990 0.0039067 0.0025896 0.0000000 0.0025947 0.9113683 2.2742102 2.0836512 1.2245594 1.9864163 2.0385174 2.0784593 2.4423805 1.7731663 1.2297965 0.0198685 0.0091589 2.0862384 0.0078316 0.0078316 0.0104753 2.3359624 0.0052064 2.2291463 2.0556227 1.9836051 2.0462228 2.0527281 2.0855934 2.0611633 2.2832020 2.2796512 1.7612286 2.2817783 2.1941871 2.2793926 2.1575400 2.9797958 
MW434421_Wuhan_Mosquito_Virus_6                          0.0052067 0.0052295 0.0084127 0.0052067 1.2358071 1.3543015 2.1629477 2.1613379 2.1741807 2.1597086 2.1691954 2.0015288 2.2834391 2.3940270 2.3718112 2.6023730 2.3643814 2.0470540 2.6174477 0.0065323 1.2408684 2.2173159 0.0039000 0.0025906 0.0064907 0.0038885 0.0038991 0.0012946 0.0039031 0.0039001 0.0039078 0.0025904 0.0025947 0.0000000 0.9132132 2.2781741 2.0950997 1.2283514 1.9924343 2.0381878 2.0798178 2.4473955 1.7590074 1.2350220 0.0198751 0.0091617 2.0858793 0.0078340 0.0078340 0.0104785 2.3401524 0.0052079 2.2330435 2.0592905 1.9823181 2.0498686 2.0540965 2.0805587 2.0530031 2.2726079 2.2836192 1.7612286 2.2857504 2.1834441 2.2833608 2.1514576 2.9787652 
MW434314_Usinis_virus                                    0.9057502 0.9123428 0.8297763 0.9057502 1.2076923 1.3904470 2.0885564 2.0654020 2.0775320 2.0774453 2.0762788 1.8887917 2.2103347 2.2549411 2.2468142 2.6245346 2.2516833 2.3092426 2.3011764 0.9120565 1.1941929 2.1525677 0.9096838 0.9103302 0.9106820 0.9097501 0.9066039 0.9072625 0.9129709 0.9007613 0.9067361 0.9104120 0.9113683 0.9132132 0.0000000 2.2113707 2.1184015 1.2067766 1.8787766 1.9972575 1.9456495 2.2720761 1.7449056 1.2823483 0.9318649 0.9165982 1.9570090 0.9109532 0.9109532 0.9209033 2.1493327 0.9119036 1.9936984 2.0211258 1.9116361 1.8986144 1.9211602 2.0842657 1.9363739 2.2241882 2.2038558 1.7170184 2.1975354 2.2563242 2.2064015 2.1560009 2.9740741 
MW434249_Guadeloupe_mosquito_quaranja-like_virus_1       2.2721204 2.2742633 2.2293452 2.2721204 2.1061258 2.4352243 0.1799270 0.1842108 0.1820135 0.1818729 0.1820513 0.1817856 0.0025621 1.8496537 1.8521731 1.9643392 1.9590440 1.8166053 1.7729744 2.2819593 2.1169600 0.2184977 2.2766407 2.2602711 2.2580132 2.2615679 2.2669866 2.2646254 2.2575053 2.2603632 2.2708109 2.2637102 2.2742102 2.2781741 2.2113707 0.0000000 1.3437965 2.1130725 1.3672034 1.4398975 1.3639155 0.0060005 0.6856456 2.0536543 2.2984962 2.2984655 0.6731817 2.2892039 2.2892039 2.2903231 0.2040685 2.2775392 1.0278219 1.3051043 1.3690340 1.2953315 1.4782783 1.6247038 1.3916805 0.0056412 0.0064284 0.0052567 0.0077416 0.0060597 0.0051388 0.2453553 2.7755103 
MW434229_Astopletus_virus                                2.0684515 2.0697413 1.8225081 2.0684515 1.7703703 2.2458025 1.3133018 1.3360911 1.3344462 1.3325067 1.3315652 1.1172465 1.3430354 1.7887323 1.9212678 1.9700294 1.8687766 1.7028068 1.7417579 2.0904707 1.7557422 1.3315379 2.0760160 2.0879807 2.0742804 2.0869806 2.0757245 2.0826428 2.0884371 2.0734068 2.0765103 2.0893657 2.0836512 2.0950997 2.1184015 1.3437965 0.0000000 1.7778831 1.1766816 1.2711951 1.2082066 1.3931970 0.9661494 1.7470596 2.0809094 2.0836967 1.1683292 2.0856604 2.0856604 2.0937522 1.3392961 2.0829570 1.1851360 0.7942315 1.4408595 1.3298775 1.3020113 1.6726102 1.2050222 1.3367933 1.3420339 1.0139486 1.3381400 1.4014625 1.3383438 1.3584960 2.4140148 
MW317143_Orthomyxoviridae_sp.                            1.2196230 1.2294828 1.1230885 1.2196230 0.0226965 0.0129538 1.9643084 2.0138637 2.0117894 2.0028131 2.0016598 1.8923014 2.1037061 2.0854967 2.1046223 2.5125037 2.1693411 1.9947903 2.1791226 1.2205896 0.1259444 2.1149373 1.2245164 1.2214778 1.2226835 1.2249743 1.2188115 1.2220162 1.2234720 1.2276502 1.2211170 1.2260568 1.2245594 1.2283514 1.2067766 2.1130725 1.7778831 0.0000000 1.7606097 1.8230696 1.9448912 2.2341765 1.8115487 0.6802342 1.2517111 1.2332086 2.0025937 1.2259199 1.2259199 1.2321158 2.0996162 1.2291574 1.9490644 1.8298074 1.7190216 1.6892008 1.9283035 1.9974161 1.8533352 2.0953813 2.1282398 1.6405001 2.1271886 2.1975277 2.1279727 2.1376111 2.9406180 
MT153481_Dipteran_orthomyxo-related_virus_OKIAV193       1.9767731 1.9829065 2.0012136 1.9767731 1.7584438 2.0025603 1.3312012 1.3470116 1.3544659 1.3500947 1.3486229 1.1206729 1.3650230 1.5344235 1.6756817 1.6027746 1.5848080 1.4331576 1.5461640 1.9925629 1.7313096 1.4084699 1.9839423 1.9846895 1.9957796 1.9807339 1.9805366 1.9854767 1.9736670 1.9909638 1.9811171 1.9826033 1.9864163 1.9924343 1.8787766 1.3672034 1.1766816 1.7606097 0.0000000 0.8968072 0.8322355 1.3809910 1.1082955 1.7975397 1.9937075 1.9999629 1.2202201 1.9964604 1.9964604 1.9898931 1.4220980 1.9905380 1.3720089 1.2842109 0.9306830 0.9021595 0.9916392 1.4367274 0.8444673 1.3602982 1.3679789 1.1205081 1.3805023 1.4325332 1.3706506 1.3306566 2.4293567 
MT153448_Dipteran_orthomyxo-related_virus_OKIAV195       2.0228596 2.0293923 2.1181927 2.0228596 1.8238465 1.7941272 1.3875461 1.4063515 1.4014672 1.4176099 1.4110352 1.2195818 1.4366745 1.6024168 1.7530526 1.8265917 1.6683720 1.4970171 1.4688132 2.0445898 1.8237198 1.4405304 2.0302479 2.0351829 2.0361765 2.0288714 2.0223249 2.0300108 2.0294969 2.0473662 2.0288952 2.0308007 2.0385174 2.0381878 1.9972575 1.4398975 1.2711951 1.8230696 0.8968072 0.0000000 0.5945738 1.4984355 1.1088550 1.8011000 2.0160650 2.0400037 1.2613291 2.0318644 2.0318644 2.0371875 1.4088504 2.0346730 1.2655826 1.3351781 0.6861165 0.6482108 0.9769544 1.2479902 0.5075059 1.4188416 1.4495852 1.1385853 1.4530945 1.4791648 1.4492656 1.4333090 2.4311666 
MT129719_Splett_orthomyxo-like_virus                     2.0595734 2.0565066 2.1346141 2.0595734 1.9512740 2.3267298 1.3821566 1.4080087 1.4054345 1.4055643 1.4024412 1.1759904 1.3614334 1.6382425 1.8259119 1.6796997 1.6826575 1.3949030 1.5866040 2.0677583 1.9554239 1.3979695 2.0631846 2.0760417 2.0786338 2.0666829 2.0652534 2.0698390 2.0693342 2.0667005 2.0687167 2.0690230 2.0784593 2.0798178 1.9456495 1.3639155 1.2082066 1.9448912 0.8322355 0.5945738 0.0000000 1.3923251 0.9877186 2.0460435 2.1005127 2.0691201 1.2133995 2.0705955 2.0705955 2.0607033 1.3864397 2.0700240 1.2486806 1.3547280 0.7861563 0.7344164 0.8786931 1.2761694 0.5557966 1.3168186 1.3652005 1.0403383 1.3789125 1.4020435 1.3668812 1.3921891 2.4415200 
MN053838_Guadeloupe_mosquito_quaranja-like_virus_1       2.4320056 2.4354148 2.2832374 2.4320056 2.1751813 2.5923052 0.1789802 0.1834405 0.1834405 0.1812544 0.1814643 0.1840514 0.0090168 1.9330040 1.8315103 1.9648639 1.9709441 1.8322578 1.7920681 2.4508576 2.2155247 0.2110025 2.4375982 2.4246013 2.4215953 2.4261715 2.4253202 2.4300707 2.4210002 2.4247077 2.4301794 2.4288891 2.4423805 2.4473955 2.2720761 0.0060005 1.3931970 2.2341765 1.3809910 1.4984355 1.3923251 0.0000000 0.6842516 2.1118799 2.4652864 2.4656132 0.6551235 2.4537039 2.4537039 2.4656132 0.1941045 2.4375982 1.0720665 1.3760632 1.4390301 1.3712652 1.5639979 1.6705927 1.4552561 0.0065798 0.0074938 0.0027070 0.0090304 0.0053938 0.0059897 0.2646183 2.9309395 
MN053837_Guadeloupe_mosquito_quaranja-like_virus_2       1.7465316 1.7467336 1.7829213 1.7465316 1.7780260 2.2884839 0.7021547 0.7076020 0.7076020 0.7035612 0.7024600 0.6134274 0.6856456 1.4050662 1.6926443 1.6910230 1.7228554 1.4478323 1.3874981 1.7590074 1.8144193 0.7209396 1.7590074 1.7590074 1.7476241 1.7418071 1.7590074 1.7590074 1.7528529 1.7782890 1.7590074 1.7590074 1.7731663 1.7590074 1.7449056 0.6856456 0.9661494 1.8115487 1.1082955 1.1088550 0.9877186 0.6842516 0.0000000 1.9334618 1.7840638 1.7583467 0.5617491 1.7583467 1.7583467 1.7583467 0.6843327 1.7590074 0.6814818 0.8610726 1.1135139 1.1124167 1.0080521 1.2654239 1.0612077 0.6877809 0.6878845 0.4576650 0.6921900 0.7563601 0.6871878 0.6849137 2.2508860 
MN053836_Guadeloupe_mosquito_quaranja-like_virus_3       1.2298368 1.2398013 1.1405303 1.2298368 0.6586489 0.7332878 2.0333418 2.0429783 2.0347054 2.0316653 2.0305013 1.9946643 2.0484426 2.1889920 2.0077919 2.4594120 2.0440224 2.1989768 2.2417284 1.2339162 0.6650980 1.9908579 1.2289339 1.2304694 1.2288346 1.2223794 1.2292556 1.2272429 1.2287046 1.2289766 1.2255214 1.2268039 1.2297965 1.2350220 1.2823483 2.0536543 1.7470596 0.6802342 1.7975397 1.8011000 2.0460435 2.1118799 1.9334618 0.0000000 1.2478189 1.2468666 1.9514650 1.2417238 1.2417238 1.2441976 2.0722724 1.2335910 1.9900104 1.8741512 1.7254913 1.6382325 2.0964822 1.9669339 1.8791812 2.0519909 2.0477948 1.7089474 2.0425944 2.1120134 2.0424008 2.0075580 2.7571740 
MK440648_Wuhan_Mosquito_Virus_6                          0.0184677 0.0185498 0.0257351 0.0184677 1.2653119 1.3680063 2.1796898 2.1737563 2.1866708 2.1721229 2.1816625 1.9954833 2.3038019 2.4214934 2.4113035 2.6303834 2.3914620 2.0516504 2.6516095 0.0198562 1.2784514 2.2255928 0.0171259 0.0198367 0.0238550 0.0211730 0.0197901 0.0185046 0.0212542 0.0199148 0.0198353 0.0198345 0.0198685 0.0198751 0.9318649 2.2984962 2.0809094 1.2517111 1.9937075 2.0160650 2.1005127 2.4652864 1.7840638 1.2478189 0.0000000 0.0171266 2.1154394 0.0157709 0.0157709 0.0184583 2.3475506 0.0184719 2.2564272 2.0723947 1.9953281 2.0582955 2.0454706 2.0699798 2.0667763 2.3117931 2.2994127 1.7675587 2.3015606 2.2069330 2.2991552 2.1797726 3.0194283 
MF176360_Wuhan_Mosquito_Virus_6                          0.0065095 0.0065391 0.0105547 0.0065095 1.2450430 1.3444774 2.1910280 2.1891904 2.2022298 2.1875474 2.1971790 1.9931422 2.3037778 2.4058917 2.3856521 2.5974631 2.3811920 2.0399384 2.6388786 0.0078399 1.2677450 2.2438263 0.0052009 0.0091442 0.0130915 0.0104574 0.0078139 0.0078337 0.0104976 0.0104893 0.0078318 0.0091432 0.0091589 0.0091617 0.9165982 2.2984655 2.0836967 1.2332086 1.9999629 2.0400037 2.0691201 2.4656132 1.7583467 1.2468666 0.0171266 0.0000000 2.0940817 0.0012949 0.0012949 0.0012935 2.3654194 0.0065110 2.2123117 2.0427472 1.9827863 2.0500843 2.0406229 2.0995061 2.0721512 2.3100272 2.3039419 1.7612286 2.3060978 2.2214655 2.3036843 2.1774720 3.0074808 
MF176325_Aedes_alboannulatus_orthomyxo-like_virus        2.0825428 2.0838881 2.0104434 2.0825428 1.9847903 2.2611953 0.6584868 0.6629098 0.6627962 0.6582296 0.6576898 0.5533787 0.6727634 1.5994003 1.7926242 1.7947908 1.8071293 1.5899933 1.6353203 2.0925651 1.9869711 0.7045347 2.0901510 2.0837889 2.0913227 2.0822264 2.0980537 2.0775063 2.0739463 2.0874123 2.0884239 2.0842084 2.0862384 2.0858793 1.9570090 0.6731817 1.1683292 2.0025937 1.2202201 1.2613291 1.2133995 0.6551235 0.5617491 1.9514650 2.1154394 2.0940817 0.0000000 2.0988441 2.0988441 2.0867302 0.6736884 2.0909394 0.7502962 1.0916987 1.1614161 1.1261491 1.2358637 1.5118375 1.2035589 0.6707155 0.6728205 0.4976693 0.6731647 0.6726186 0.6704079 0.7082999 2.5712405 
MF176320_Wuhan_Mosquito_Virus_6                          0.0051953 0.0052181 0.0084113 0.0051953 1.2377214 1.3444774 2.1821589 2.1803940 2.1933681 2.1787556 2.1883392 1.9931422 2.2944937 2.4075347 2.3719133 2.5974631 2.3770602 2.0408112 2.6278245 0.0065176 1.2602113 2.2343826 0.0038915 0.0078191 0.0117541 0.0091282 0.0064954 0.0065124 0.0091633 0.0091560 0.0065099 0.0078182 0.0078316 0.0078340 0.9109532 2.2892039 2.0856604 1.2259199 1.9964604 2.0318644 2.0705955 2.4537039 1.7583467 1.2417238 0.0157709 0.0012949 2.0988441 0.0000000 0.0000010 0.0025918 2.3555447 0.0051965 2.2173538 2.0538760 1.9715932 2.0384306 2.0421043 2.0910424 2.0603793 2.2997772 2.2946651 1.7612286 2.2968094 2.2110696 2.2944072 2.1686815 2.9890393 
MF176271_Wuhan_Mosquito_Virus_6                          0.0051953 0.0052181 0.0084113 0.0051953 1.2377214 1.3444774 2.1821589 2.1803940 2.1933681 2.1787556 2.1883392 1.9931422 2.2944937 2.4075347 2.3719133 2.5974631 2.3770602 2.0408112 2.6278245 0.0065176 1.2602113 2.2343826 0.0038915 0.0078191 0.0117541 0.0091282 0.0064954 0.0065124 0.0091633 0.0091560 0.0065099 0.0078182 0.0078316 0.0078340 0.9109532 2.2892039 2.0856604 1.2259199 1.9964604 2.0318644 2.0705955 2.4537039 1.7583467 1.2417238 0.0157709 0.0012949 2.0988441 0.0000010 0.0000000 0.0025918 2.3555447 0.0051965 2.2173538 2.0538760 1.9715932 2.0384306 2.0421043 2.0910424 2.0603793 2.2997772 2.2946651 1.7612286 2.2968094 2.2110696 2.2944072 2.1686815 2.9890393 
MF176249_Wuhan_Mosquito_Virus_6                          0.0078185 0.0078529 0.0105547 0.0078185 1.2439392 1.3413957 2.1879869 2.1861739 2.1991935 2.1845321 2.1941492 1.9894528 2.2956156 2.4058917 2.3823713 2.5974631 2.3789173 2.0376188 2.6363593 0.0091535 1.2665978 2.2355245 0.0065060 0.0104585 0.0144118 0.0117735 0.0091232 0.0091463 0.0118188 0.0118095 0.0091441 0.0104574 0.0104753 0.0104785 0.9209033 2.2903231 2.0937522 1.2321158 1.9898931 2.0371875 2.0607033 2.4656132 1.7583467 1.2441976 0.0184583 0.0012935 2.0867302 0.0025918 0.0025918 0.0000000 2.3620749 0.0078203 2.2102136 2.0404037 1.9787675 2.0481245 2.0386814 2.0974953 2.0692792 2.3010156 2.2957861 1.7612286 2.2979318 2.2123273 2.2955282 2.1697477 3.0242182 
KX898491_Whidbey_virus                                   2.3411389 2.3436671 2.3252135 2.3411389 2.0585948 2.2043597 0.1625553 0.1670109 0.1670109 0.1650652 0.1647702 0.1493298 0.2003836 1.9868307 1.8524698 2.0938846 1.8813166 1.8031123 1.7853102 2.3510217 2.1542940 0.1089621 2.3404994 2.3237716 2.3152576 2.3307649 2.3496711 2.3257698 2.3182195 2.3434934 2.3423859 2.3336137 2.3359624 2.3401524 2.1493327 0.2040685 1.3392961 2.0996162 1.4220980 1.4088504 1.3864397 0.1941045 0.6843327 2.0722724 2.3475506 2.3654194 0.6736884 2.3555447 2.3555447 2.3620749 0.0000000 2.3417381 0.9917072 1.3061732 1.4155807 1.3439662 1.4959982 1.7212772 1.3582729 0.2005359 0.2037028 0.1337045 0.2062494 0.2061633 0.2019019 0.2911078 2.8300719 
KM817625_Wuhan_Mosquito_Virus_6                          0.0025908 0.0026022 0.0041837 0.0025908 1.2409511 1.3667892 2.1664924 2.1648527 2.1777305 2.1632204 2.1727330 1.9874972 2.2828021 2.4060776 2.3638246 2.6076461 2.3645081 2.0429385 2.6164590 0.0038997 1.2518795 2.2198790 0.0012937 0.0051983 0.0091179 0.0065021 0.0038870 0.0038966 0.0065279 0.0065227 0.0038958 0.0051977 0.0052064 0.0052079 0.9119036 2.2775392 2.0829570 1.2291574 1.9905380 2.0346730 2.0700240 2.4375982 1.7590074 1.2335910 0.0184719 0.0065110 2.0909394 0.0051965 0.0051965 0.0078203 2.3417381 0.0000000 2.2149948 2.0522660 1.9772568 2.0396343 2.0461498 2.0885827 2.0578192 2.2868774 2.2829827 1.7612286 2.2851128 2.1979686 2.2827243 2.1624466 2.9815356 
KM817624_Wuhan_Mosquito_Virus_5                          2.2060796 2.2079381 2.1800479 2.2060796 1.9574155 2.1292438 1.0023216 0.9947464 0.9939935 1.0019482 1.0011563 0.8425859 1.0244234 1.6911590 1.8952331 1.8956539 1.9033494 1.6234967 1.6735965 2.2089588 2.0244073 1.0048308 2.2141335 2.2255216 2.2215702 2.2133094 2.2095486 2.2197664 2.2191050 2.2309273 2.2167105 2.2177596 2.2291463 2.2330435 1.9936984 1.0278219 1.1851360 1.9490644 1.3720089 1.2655826 1.2486806 1.0720665 0.6814818 1.9900104 2.2564272 2.2123117 0.7502962 2.2173538 2.2173538 2.2102136 0.9917072 2.2149948 0.0000000 1.1244502 1.2137506 1.1908293 1.2134413 1.6387389 1.2402710 1.0206136 1.0253718 0.7662937 1.0282169 1.0148576 1.0250018 0.9730222 2.5513812 
KM817622_Wuhan_Mosquito_Virus_3                          2.0402650 2.0414483 1.8667195 2.0402650 1.8319264 1.9083971 1.2454117 1.2638654 1.2558829 1.2563724 1.2549519 1.1153260 1.3020545 1.7879493 1.7842740 1.7869834 1.7485347 1.5352547 1.6677859 2.0489883 1.8003412 1.3532315 2.0477657 2.0522366 2.0455683 2.0516447 2.0440073 2.0469746 2.0432252 2.0592454 2.0446487 2.0536107 2.0556227 2.0592905 2.0211258 1.3051043 0.7942315 1.8298074 1.2842109 1.3351781 1.3547280 1.3760632 0.8610726 1.8741512 2.0723947 2.0427472 1.0916987 2.0538760 2.0538760 2.0404037 1.3061732 2.0522660 1.1244502 0.0000000 1.3369781 1.2930220 1.2981496 1.5218106 1.3166819 1.3234033 1.3031869 1.0925223 1.2967959 1.2811396 1.2995696 1.3136426 2.3646848 
