8
MW434105_Wuhan_insect_virus_33     0.0000000 0.0608471 0.0382744 0.0465292 0.1256071 0.1936297 0.2378658 0.3228507 
KX884304_Wuhan_insect_virus_33     0.0608471 0.0000000 0.0458186 0.0539625 0.1224128 0.2055516 0.2575018 0.3068458 
NC_033722_Wuhan_insect_virus_33    0.0382744 0.0458186 0.0000000 0.0079318 0.0715678 0.1679060 0.2326985 0.3128841 
Wuhan_insect_virus_33_F1452C2F1452 0.0465292 0.0539625 0.0079318 0.0000000 0.0829784 0.1764913 0.2357312 0.3128841 
MW834591_Aphis_glycines_virus      0.1256071 0.1224128 0.0715678 0.0829784 0.0000000 0.2328000 0.2152609 1.0213330 
MZ209781_Wuhan_insect_virus_33     0.1936297 0.2055516 0.1679060 0.1764913 0.2328000 0.0000000 0.3362434 0.3918312 
MN784058_Wuhan_insect_virus_33     0.2378658 0.2575018 0.2326985 0.2357312 0.2152609 0.3362434 0.0000000 0.3222107 
JF423195_Big_Sioux_River_virus     0.3228507 0.3068458 0.3128841 0.3128841 1.0213330 0.3918312 0.3222107 0.0000000 
