15
NC_035071_Apis_flavivirus                              0.0000000 3.8863695 3.6168928 3.7538603 3.7959633 3.8936798 3.4257757 3.6592177 2.3161020 2.6878427 2.5732197 3.0807927 2.3078540 3.6330038 2.3768218 
NC_030228_Xinzhou_spider_virus_3                       3.8863695 0.0000000 4.1366008 4.2926967 4.2295340 4.2048893 4.3035606 4.4848649 3.9966449 4.0967320 3.9213882 4.4318299 3.8693020 4.3264781 3.8417747 
NC_028375_Shayang_fly_virus_4                          3.6168928 4.1366008 0.0000000 2.6119719 2.3643239 2.6476565 3.8120117 4.0528517 3.5783519 3.7286849 3.7054654 4.1450015 3.8063524 2.8972534 3.9423049 
NC_028374_Gamboa_mosquito_virus                        3.7538603 4.2926967 2.6119719 0.0000000 2.5709247 2.7924494 3.7093101 3.9593765 3.6469783 3.7074794 3.8383094 3.9036667 3.6949066 2.7104869 3.7561191 
NC_028373_Shuangao_lacewing_virus_2                    3.7959633 4.2295340 2.3643239 2.5709247 0.0000000 2.6674248 3.8129272 3.9460479 3.7078787 3.9030346 3.9570964 4.2312544 4.0183220 3.0365486 3.9031787 
NC_028370_Xingshan_cricket_virus                       3.8936798 4.2048893 2.6476565 2.7924494 2.6674248 0.0000000 4.0986951 4.2366755 4.0592734 3.7924806 4.0450538 4.2193378 3.9824440 3.1182612 3.9409939 
NC_028367_Tacheng_tick_virus_8                         3.4257757 4.3035606 3.8120117 3.7093101 3.8129272 4.0986951 0.0000000 3.6448998 3.4114031 3.6864654 3.6261204 4.0692326 3.5777345 3.5729784 3.6761779 
NC_024077_Soybean_cyst_nematode_virus_5                3.6592177 4.4848649 4.0528517 3.9593765 3.9460479 4.2366755 3.6448998 0.0000000 3.3882251 3.3462620 3.5561026 3.9448474 3.6216891 3.7528652 3.4252018 
MW314681_Odonatan_flavi-related_virus                  2.3161020 3.9966449 3.5783519 3.6469783 3.7078787 4.0592734 3.4114031 3.3882251 0.0000000 2.8433437 2.7275476 3.1001005 2.3442824 3.7054798 2.2400087 
Mummution_virus_F1187C1F1187                           2.6878427 4.0967320 3.7286849 3.7074794 3.9030346 3.7924806 3.6864654 3.3462620 2.8433437 0.0000000 2.9168943 3.2730253 2.9907290 3.5959355 2.8690864 
MN714664_Frankliniella_occidentalis_flavi-like_virus_1 2.5732197 3.9213882 3.7054654 3.8383094 3.9570964 4.0450538 3.6261204 3.5561026 2.7275476 2.9168943 0.0000000 3.2683540 2.7186034 3.7552951 2.5947369 
MN661082_Atrato_Flavi-like_virus_1                     3.0807927 4.4318299 4.1450015 3.9036667 4.2312544 4.2193378 4.0692326 3.9448474 3.1001005 3.2730253 3.2683540 0.0000000 3.2190672 3.7730654 3.3653971 
MH620810_Lampyris_noctiluca_flavivirus_1               2.3078540 3.8693020 3.8063524 3.6949066 4.0183220 3.9824440 3.5777345 3.6216891 2.3442824 2.9907290 2.7186034 3.2190672 0.0000000 3.5096421 2.3570446 
LC516844_Barley_aphid_RNA_virus_9                      3.6330038 4.3264781 2.8972534 2.7104869 3.0365486 3.1182612 3.5729784 3.7528652 3.7054798 3.5959355 3.7552951 3.7730654 3.5096421 0.0000000 3.5470396 
AB698918_Gentian_Kobu-sho-associated_virus             2.3768218 3.8417747 3.9423049 3.7561191 3.9031787 3.9409939 3.6761779 3.4252018 2.2400087 2.8690864 2.5947369 3.3653971 2.3570446 3.5470396 0.0000000 
