14
NC_035071_Apis_flavivirus                              0.0000000 3.5366080 3.6240296 3.8241418 3.7488650 3.6183997 3.6264379 2.1887426 2.4875095 2.5571042 3.1241330 2.2849966 3.7219158 0.7905781 
NC_028375_Shayang_fly_virus_4                          3.5366080 0.0000000 2.5153447 2.2768721 2.5522946 3.5621722 3.8121424 3.6665173 3.6417281 3.6261537 3.9001001 3.7490857 2.8404510 2.4006478 
NC_028374_Gamboa_mosquito_virus                        3.6240296 2.5153447 0.0000000 2.5040016 2.7543738 3.6954828 3.6300317 3.6511814 3.4616121 3.6266139 3.8952667 3.5126338 2.6934805 2.2467147 
NC_028373_Shuangao_lacewing_virus_2                    3.8241418 2.2768721 2.5040016 0.0000000 2.6108732 3.8272455 3.7886581 3.7845675 3.8335360 3.8864644 4.2970578 3.9672015 2.9904225 2.5265366 
NC_028370_Xingshan_cricket_virus                       3.7488650 2.5522946 2.7543738 2.6108732 0.0000000 3.9789856 4.0669631 3.8282418 3.4153090 3.8084393 4.0067567 3.7495020 3.0303173 2.5907090 
NC_028367_Tacheng_tick_virus_8                         3.6183997 3.5621722 3.6954828 3.8272455 3.9789856 0.0000000 3.3776417 3.4734983 3.4028215 3.4875691 3.8107524 3.5453987 3.8028696 2.2619215 
NC_024077_Soybean_cyst_nematode_virus_5                3.6264379 3.8121424 3.6300317 3.7886581 4.0669631 3.3776417 0.0000000 3.3308146 3.2922416 3.2266842 3.6921556 3.4060719 3.6378468 1.6784773 
MW314681_Odonatan_flavi-related_virus                  2.1887426 3.6665173 3.6511814 3.7845675 3.8282418 3.4734983 3.3308146 0.0000000 2.7537380 2.7293826 3.0604113 2.3520748 3.9593395 0.9334499 
Mummution_virus_F1187C1F1187                           2.4875095 3.6417281 3.4616121 3.8335360 3.4153090 3.4028215 3.2922416 2.7537380 0.0000000 2.7802370 3.2342614 2.9088522 3.5805244 1.4335914 
MN714664_Frankliniella_occidentalis_flavi-like_virus_1 2.5571042 3.6261537 3.6266139 3.8864644 3.8084393 3.4875691 3.2266842 2.7293826 2.7802370 0.0000000 3.1052437 2.6365173 3.7040143 1.0949883 
MN661082_Atrato_Flavi-like_virus_1                     3.1241330 3.9001001 3.8952667 4.2970578 4.0067567 3.8107524 3.6921556 3.0604113 3.2342614 3.1052437 0.0000000 3.1378712 3.8048304 1.8649448 
MH620810_Lampyris_noctiluca_flavivirus_1               2.2849966 3.7490857 3.5126338 3.9672015 3.7495020 3.5453987 3.4060719 2.3520748 2.9088522 2.6365173 3.1378712 0.0000000 3.6619578 1.0904976 
LC516844_Barley_aphid_RNA_virus_9                      3.7219158 2.8404510 2.6934805 2.9904225 3.0303173 3.8028696 3.6378468 3.9593395 3.5805244 3.7040143 3.8048304 3.6619578 0.0000000 2.5383071 
AB796398_Gentian_Kobu-sho-associated_virus             0.7905781 2.4006478 2.2467147 2.5265366 2.5907090 2.2619215 1.6784773 0.9334499 1.4335914 1.0949883 1.8649448 1.0904976 2.5383071 0.0000000 
