53
MN013386_Guadeloupe_Culex_rhabdovirus       0.0000000 0.0017483 0.0017483 0.0017483 0.0021901 0.0017483 0.0026343 0.0053020 0.0057611 0.0048387 0.0048379 0.0047355 0.0043938 0.0100603 0.0043924 0.0044001 0.0043945 0.0039525 0.0039525 0.0043938 0.0035104 0.0043936 0.0039503 0.0048361 0.0035104 0.0043942 0.3658091 0.0048361 0.0039547 0.0043987 0.0039547 0.0043948 0.0095501 0.0048374 0.0048404 0.0044752 0.0038768 0.0043956 0.0033369 1.2611385 2.2432255 2.2732113 2.3145162 2.1950188 3.6274485 2.1976424 2.2446037 2.2370885 0.8548929 2.2009821 2.1784637 2.2402124 2.6068902 
MN013387_Guadeloupe_Culex_rhabdovirus       0.0017483 0.0000000 0.0008738 0.0008738 0.0013136 0.0008738 0.0017556 0.0044167 0.0048730 0.0039574 0.0039568 0.0042623 0.0035137 0.0090985 0.0035126 0.0035188 0.0035143 0.0030730 0.0030730 0.0035137 0.0026318 0.0035136 0.0030713 0.0039553 0.0026318 0.0035141 0.3689092 0.0048356 0.0039543 0.0043983 0.0039543 0.0043944 0.0100844 0.0048369 0.0048399 0.0044747 0.0045241 0.0043952 0.0040054 1.2594950 2.2386986 2.2687016 2.3147749 2.1945682 3.6274485 2.1971911 2.2422164 2.2347149 0.8491167 2.2003005 2.1777970 2.2404262 2.6046669 
MN013390_Guadeloupe_Culex_rhabdovirus       0.0017483 0.0008738 0.0000000 0.0008738 0.0013134 0.0008738 0.0017553 0.0044161 0.0048724 0.0039569 0.0039562 0.0042616 0.0035132 0.0090972 0.0035121 0.0035183 0.0035138 0.0030726 0.0030726 0.0035132 0.0026314 0.0035131 0.0030709 0.0039548 0.0026314 0.0035136 0.3658091 0.0048349 0.0039537 0.0043977 0.0039537 0.0043938 0.0095491 0.0048362 0.0048392 0.0044741 0.0051728 0.0043946 0.0033355 1.2606387 2.2424439 2.2724244 2.3128564 2.1927376 3.6319384 2.1953592 2.2430365 2.2355318 0.8548929 2.1971175 2.1746299 2.2407244 2.6057650 
MN013393_Guadeloupe_Culex_rhabdovirus       0.0017483 0.0008738 0.0008738 0.0000000 0.0013133 0.0008738 0.0017552 0.0044159 0.0048721 0.0039567 0.0039560 0.0042614 0.0035130 0.0086154 0.0035119 0.0035181 0.0035136 0.0030724 0.0030724 0.0035130 0.0026313 0.0035129 0.0030707 0.0039546 0.0026313 0.0035134 0.3658091 0.0048347 0.0039535 0.0043974 0.0039535 0.0043936 0.0095487 0.0048360 0.0048390 0.0044739 0.0051724 0.0043944 0.0033355 1.2606387 2.2415102 2.2715004 2.3119271 2.1913658 3.6238904 2.1939865 2.2417723 2.2342711 0.8548929 2.1972009 2.1747167 2.2399826 2.6057650 
MN013389_Guadeloupe_Culex_rhabdovirus       0.0021901 0.0013136 0.0013134 0.0013133 0.0000000 0.0013136 0.0021983 0.0048669 0.0053253 0.0044049 0.0044042 0.0042652 0.0039599 0.0095957 0.0039586 0.0039656 0.0039605 0.0035182 0.0035182 0.0039599 0.0030759 0.0039597 0.0035163 0.0044026 0.0030759 0.0039603 0.3658091 0.0052845 0.0044014 0.0048466 0.0044014 0.0048424 0.0106375 0.0052859 0.0052892 0.0049310 0.0058357 0.0048433 0.0040093 1.2635534 2.2463924 2.2763688 2.3191324 2.1945562 3.6158891 2.1971798 2.2463005 2.2387827 0.8548929 2.2016513 2.1791295 2.2447779 2.6091411 
MN013388_Guadeloupe_Culex_rhabdovirus       0.0017483 0.0008738 0.0008738 0.0008738 0.0013136 0.0000000 0.0008770 0.0039624 0.0044159 0.0039575 0.0039569 0.0042624 0.0035138 0.0090988 0.0035127 0.0035189 0.0035144 0.0030731 0.0030731 0.0035138 0.0026319 0.0035137 0.0030714 0.0039554 0.0026319 0.0035142 0.3717454 0.0048357 0.0039544 0.0043984 0.0039544 0.0043945 0.0100848 0.0048370 0.0048400 0.0044749 0.0045241 0.0043953 0.0040056 1.2597813 2.2401954 2.2701884 2.3105931 2.1911424 3.6274485 2.1937622 2.2408159 2.2333169 0.8520172 2.1966683 2.1741820 2.2390275 2.6068634 
MN013392_Guadeloupe_Culex_rhabdovirus       0.0026343 0.0017556 0.0017553 0.0017552 0.0021983 0.0008770 0.0000000 0.0048626 0.0053206 0.0048567 0.0048559 0.0052322 0.0044102 0.0101018 0.0044088 0.0044165 0.0044108 0.0039672 0.0039672 0.0044102 0.0035235 0.0044100 0.0039650 0.0048541 0.0035235 0.0044106 0.3717454 0.0057382 0.0048528 0.0052995 0.0048528 0.0052949 0.0112004 0.0057397 0.0057433 0.0053920 0.0051783 0.0052959 0.0053738 1.2662681 2.2413816 2.2713694 2.3117920 2.1922878 3.6274485 2.1949083 2.2419874 2.2344852 0.8520172 2.1995358 2.1770414 2.2401972 2.6171563 
MG385079_Grenada_mosquito_rhabdovirus_1     0.0053020 0.0044167 0.0044161 0.0044159 0.0048669 0.0039624 0.0048626 0.0000000 0.0039675 0.0039680 0.0039674 0.0042745 0.0035232 0.0096169 0.0035220 0.0035282 0.0035237 0.0030813 0.0030813 0.0035232 0.0035251 0.0035230 0.0039668 0.0039659 0.0035251 0.0035235 0.3788063 0.0048486 0.0039649 0.0044101 0.0039649 0.0044062 0.0106626 0.0048499 0.0048529 0.0044869 0.0038684 0.0044070 0.0040190 1.2643635 2.2424096 2.2724057 2.3128580 2.1993649 3.6328021 2.2019941 2.2451367 2.2376225 0.8487097 2.1916613 2.1692140 2.2425955 2.6241994 
MH707450_Grenada_mosquito_rhabdovirus_1     0.0057611 0.0048730 0.0048724 0.0048721 0.0053253 0.0044159 0.0053206 0.0039675 0.0000000 0.0035330 0.0035325 0.0038063 0.0030879 0.0096417 0.0030869 0.0030923 0.0030884 0.0026455 0.0026455 0.0030879 0.0030896 0.0030878 0.0035319 0.0035312 0.0030896 0.0030882 0.3974950 0.0044151 0.0035302 0.0039757 0.0035302 0.0039722 0.0095824 0.0044163 0.0044190 0.0040451 0.0038710 0.0039729 0.0053953 1.2706780 2.2464934 2.2764723 2.3164366 2.2033217 3.6192280 2.2059536 2.2525907 2.2450487 0.8761524 2.1968116 2.1743225 2.2511071 2.6292814 
Grenada_mosquito_rhabdovirus_1_F1429C1F1422 0.0048387 0.0039574 0.0039569 0.0039567 0.0044049 0.0039575 0.0048567 0.0039680 0.0035330 0.0000000 0.0017502 0.0018847 0.0013113 0.0076370 0.0013109 0.0013132 0.0013115 0.0008730 0.0008730 0.0013113 0.0013121 0.0013113 0.0017499 0.0017495 0.0013121 0.0013115 0.3658091 0.0026250 0.0017491 0.0021886 0.0017491 0.0021867 0.0084685 0.0026257 0.0026273 0.0022265 0.0025754 0.0021871 0.0019915 1.2563046 2.2389708 2.2689427 2.3118443 2.1934825 3.6192280 2.1961050 2.2480338 2.2405163 0.8548929 2.1925802 2.1701368 2.2491836 2.6063645 
Grenada_mosquito_rhabdovirus_1_F1429C1F1426 0.0048379 0.0039568 0.0039562 0.0039560 0.0044042 0.0039569 0.0048559 0.0039674 0.0035325 0.0017502 0.0000000 0.0018843 0.0013111 0.0076357 0.0013098 0.0013130 0.0013113 0.0008730 0.0008730 0.0013111 0.0013118 0.0013111 0.0017496 0.0017492 0.0013118 0.0013113 0.3658091 0.0026246 0.0017488 0.0021883 0.0017488 0.0021864 0.0084668 0.0026253 0.0026269 0.0022262 0.0032212 0.0021867 0.0026600 1.2612101 2.2312666 2.2612367 2.3018257 2.1865684 3.5977386 2.1891821 2.2473805 2.2398630 0.8548929 2.1996108 2.1771200 2.2428009 2.6154060 
Grenada_mosquito_rhabdovirus_1_F1429C1F1420 0.0047355 0.0042623 0.0042616 0.0042614 0.0042652 0.0042624 0.0052322 0.0042745 0.0038063 0.0018847 0.0018843 0.0000000 0.0004699 0.0050798 0.0014113 0.0009407 0.0014120 0.0009407 0.0009407 0.0014118 0.0014126 0.0014117 0.0018840 0.0018836 0.0014126 0.0014119 0.3729273 0.0028262 0.0018831 0.0023565 0.0018831 0.0023543 0.0033198 0.0028270 0.0023565 0.0023964 0.0027465 0.0018831 0.0014048 1.1789350 2.1272819 2.1599525 2.1893790 2.0819671 3.4460921 2.0846786 2.1362988 2.1274718 0.8114124 2.0882660 2.0646018 2.1569197 2.5519513 
Grenada_mosquito_rhabdovirus_1_F1429C1F1423 0.0043938 0.0035137 0.0035132 0.0035130 0.0039599 0.0035138 0.0044102 0.0035232 0.0030879 0.0013113 0.0013111 0.0004699 0.0000000 0.0066706 0.0008730 0.0008745 0.0008730 0.0004364 0.0004364 0.0008730 0.0008730 0.0008730 0.0013109 0.0013098 0.0008730 0.0008730 0.3658091 0.0021850 0.0013098 0.0017489 0.0013098 0.0017468 0.0073958 0.0021856 0.0021870 0.0017792 0.0025742 0.0017468 0.0013272 1.2580612 2.2357115 2.2656768 2.3063509 2.1908440 3.6143738 2.1934622 2.2426919 2.2351948 0.8548929 2.1928789 2.1704366 2.2399012 2.6073836 
Grenada_mosquito_rhabdovirus_1_F1429C1F1428 0.0100603 0.0090985 0.0090972 0.0086154 0.0095957 0.0090988 0.0101018 0.0096169 0.0096417 0.0076370 0.0076357 0.0050798 0.0066706 0.0000000 0.0071484 0.0071620 0.0071521 0.0066706 0.0066706 0.0071508 0.0066706 0.0071505 0.0071492 0.0076326 0.0066706 0.0071517 0.3658091 0.0081056 0.0071479 0.0076330 0.0071479 0.0076258 0.0052957 0.0081079 0.0081133 0.0077772 0.0098358 0.0076273 0.0054453 1.2580612 2.0976933 2.1004191 2.1461525 2.0377474 2.9790133 2.0412538 2.0863787 2.0813478 0.8548929 2.0533503 2.0312983 2.0498394 2.5935151 
Grenada_mosquito_rhabdovirus_1_F1429C1F1042 0.0043924 0.0035126 0.0035121 0.0035119 0.0039586 0.0035127 0.0044088 0.0035220 0.0030869 0.0013109 0.0013098 0.0014113 0.0008730 0.0071484 0.0000000 0.0008742 0.0008730 0.0004364 0.0004364 0.0008730 0.0008730 0.0008730 0.0013098 0.0013098 0.0008730 0.0008730 0.3658091 0.0021840 0.0013098 0.0017484 0.0013098 0.0017468 0.0079254 0.0021840 0.0021863 0.0017786 0.0025721 0.0017468 0.0019915 1.2597923 2.2353642 2.2653436 2.3060302 2.1904901 3.6192280 2.1931090 2.2423508 2.2348516 0.8548929 2.1925222 2.1700730 2.2395597 2.6061549 
Grenada_mosquito_rhabdovirus_1_F1429C1F1572 0.0044001 0.0035188 0.0035183 0.0035181 0.0039656 0.0035189 0.0044165 0.0035282 0.0030923 0.0013132 0.0013130 0.0009407 0.0008745 0.0071620 0.0008742 0.0000000 0.0008746 0.0004364 0.0004364 0.0008745 0.0008750 0.0008745 0.0013128 0.0013125 0.0008750 0.0008746 0.3658091 0.0021882 0.0013122 0.0017514 0.0013122 0.0017499 0.0079423 0.0021888 0.0021901 0.0017818 0.0025788 0.0017502 0.0013272 1.2598236 2.2365193 2.2664762 2.3071550 2.1932310 3.6192280 2.1958512 2.2451432 2.2376382 0.8548929 2.1987410 2.1762511 2.2423473 2.6047702 
Grenada_mosquito_rhabdovirus_1_F1429C1F1579 0.0043945 0.0035143 0.0035138 0.0035136 0.0039605 0.0035144 0.0044108 0.0035237 0.0030884 0.0013115 0.0013113 0.0014120 0.0008730 0.0071521 0.0008730 0.0008746 0.0000000 0.0004364 0.0004364 0.0008730 0.0008730 0.0008730 0.0013111 0.0013108 0.0008730 0.0008730 0.3658091 0.0021853 0.0013098 0.0017492 0.0013098 0.0017468 0.0073958 0.0021859 0.0021873 0.0017794 0.0025742 0.0017480 0.0013272 1.2580612 2.2337362 2.2637055 2.3043457 2.1889428 3.6035696 2.1915590 2.2407343 2.2332441 0.8548929 2.1909581 2.1685325 2.2365711 2.6073836 
Grenada_mosquito_rhabdovirus_1_F1429C1F1040 0.0039525 0.0030730 0.0030726 0.0030724 0.0035182 0.0030731 0.0039672 0.0030813 0.0026455 0.0008730 0.0008730 0.0009407 0.0004364 0.0066706 0.0004364 0.0004364 0.0004364 0.0000000 0.0000010 0.0004364 0.0004364 0.0004364 0.0008730 0.0008730 0.0004364 0.0004364 0.3658091 0.0017468 0.0008730 0.0013110 0.0008730 0.0013098 0.0073958 0.0017468 0.0017487 0.0013337 0.0019286 0.0013098 0.0013272 1.2580612 2.2362092 2.2661788 2.3068694 2.1913160 3.6192280 2.1939350 2.2431864 2.2356863 0.8548929 2.1933560 2.1709062 2.2403941 2.6073836 
Grenada_mosquito_rhabdovirus_1_F1429C1F1432 0.0039525 0.0030730 0.0030726 0.0030724 0.0035182 0.0030731 0.0039672 0.0030813 0.0026455 0.0008730 0.0008730 0.0009407 0.0004364 0.0066706 0.0004364 0.0004364 0.0004364 0.0000010 0.0000000 0.0004364 0.0004364 0.0004364 0.0008730 0.0008730 0.0004364 0.0004364 0.3658091 0.0017468 0.0008730 0.0013110 0.0008730 0.0013098 0.0073958 0.0017468 0.0017487 0.0013337 0.0019286 0.0013098 0.0013272 1.2580612 2.2362092 2.2661788 2.3068694 2.1913160 3.6192280 2.1939350 2.2431864 2.2356863 0.8548929 2.1933560 2.1709062 2.2403941 2.6073836 
Grenada_mosquito_rhabdovirus_1_F1429C1F1575 0.0043938 0.0035137 0.0035132 0.0035130 0.0039599 0.0035138 0.0044102 0.0035232 0.0030879 0.0013113 0.0013111 0.0014118 0.0008730 0.0071508 0.0008730 0.0008745 0.0008730 0.0004364 0.0004364 0.0000000 0.0008730 0.0008730 0.0013109 0.0013098 0.0008730 0.0008730 0.3658091 0.0021840 0.0013098 0.0017489 0.0013098 0.0017468 0.0073958 0.0021856 0.0021870 0.0017791 0.0025742 0.0017468 0.0013272 1.2580612 2.2354313 2.2654095 2.3060965 2.1912349 3.6184955 2.1938537 2.2439331 2.2364295 0.8548929 2.1940833 2.1716251 2.2411389 2.6073836 
Grenada_mosquito_rhabdovirus_1_F1429C1F1573 0.0035104 0.0026318 0.0026314 0.0026313 0.0030759 0.0026319 0.0035235 0.0035251 0.0030896 0.0013121 0.0013118 0.0014126 0.0008730 0.0066706 0.0008730 0.0008750 0.0008730 0.0004364 0.0004364 0.0008730 0.0000000 0.0008730 0.0004364 0.0013114 0.0000010 0.0008730 0.3658091 0.0021862 0.0013110 0.0017499 0.0013110 0.0017483 0.0073958 0.0021868 0.0021882 0.0017801 0.0025753 0.0017486 0.0019937 1.2580612 2.2408866 2.2708457 2.3116183 2.1927904 3.6260619 2.1954100 2.2441419 2.2366402 0.8548929 2.1979084 2.1754228 2.2358794 2.6073836 
Grenada_mosquito_rhabdovirus_1_F1429C1F1431 0.0043936 0.0035136 0.0035131 0.0035129 0.0039597 0.0035137 0.0044100 0.0035230 0.0030878 0.0013113 0.0013111 0.0014117 0.0008730 0.0071505 0.0008730 0.0008745 0.0008730 0.0004364 0.0004364 0.0008730 0.0008730 0.0000000 0.0013109 0.0004364 0.0008730 0.0008730 0.3658091 0.0021840 0.0013098 0.0017488 0.0013098 0.0017468 0.0079281 0.0021855 0.0021869 0.0017791 0.0025731 0.0017468 0.0019915 1.2586605 2.2363198 2.2662887 2.3070417 2.1914776 3.6192280 2.1940968 2.2405990 2.2331055 0.8548929 2.1940057 2.1715450 2.2405186 2.6074941 
Grenada_mosquito_rhabdovirus_1_F1429C1F1570 0.0039503 0.0030713 0.0030709 0.0030707 0.0035163 0.0030714 0.0039650 0.0039668 0.0035319 0.0017499 0.0017496 0.0018840 0.0013109 0.0071492 0.0013098 0.0013128 0.0013111 0.0008730 0.0008730 0.0013109 0.0004364 0.0013109 0.0000000 0.0017490 0.0004364 0.0013111 0.3658091 0.0026242 0.0017485 0.0021880 0.0017485 0.0021860 0.0079265 0.0026249 0.0026265 0.0022258 0.0025753 0.0021864 0.0026594 1.2572297 2.2426865 2.2726399 2.3134409 2.1945229 3.6260619 2.1971441 2.2468749 2.2393641 0.8548929 2.2006001 2.1780946 2.2386000 2.6102201 
Grenada_mosquito_rhabdovirus_1_F1429C1F1427 0.0048361 0.0039553 0.0039548 0.0039546 0.0044026 0.0039554 0.0048541 0.0039659 0.0035312 0.0017495 0.0017492 0.0018836 0.0013098 0.0076326 0.0013098 0.0013125 0.0013108 0.0008730 0.0008730 0.0013098 0.0013114 0.0004364 0.0017490 0.0000000 0.0013114 0.0013098 0.3658091 0.0026236 0.0017481 0.0021875 0.0017481 0.0021855 0.0084630 0.0026243 0.0026259 0.0022253 0.0032188 0.0021859 0.0026585 1.2586605 2.2400342 2.2699937 2.3071513 2.1915852 3.6201013 2.1942045 2.2442759 2.2367701 0.8548929 2.1930147 2.1705528 2.2395325 2.6074941 
Grenada_mosquito_rhabdovirus_1_F1429C1F1571 0.0035104 0.0026318 0.0026314 0.0026313 0.0030759 0.0026319 0.0035235 0.0035251 0.0030896 0.0013121 0.0013118 0.0014126 0.0008730 0.0066706 0.0008730 0.0008750 0.0008730 0.0004364 0.0004364 0.0008730 0.0000010 0.0008730 0.0004364 0.0013114 0.0000000 0.0008730 0.3658091 0.0021862 0.0013110 0.0017499 0.0013110 0.0017483 0.0073958 0.0021868 0.0021882 0.0017801 0.0025753 0.0017486 0.0019937 1.2580612 2.2408866 2.2708457 2.3116183 2.1927904 3.6260619 2.1954100 2.2441419 2.2366402 0.8548929 2.1979084 2.1754228 2.2358794 2.6073836 
Grenada_mosquito_rhabdovirus_1_F1429C1F1429 0.0043942 0.0035141 0.0035136 0.0035134 0.0039603 0.0035142 0.0044106 0.0035235 0.0030882 0.0013115 0.0013113 0.0014119 0.0008730 0.0071517 0.0008730 0.0008746 0.0008730 0.0004364 0.0004364 0.0008730 0.0008730 0.0008730 0.0013111 0.0013098 0.0008730 0.0000000 0.3658091 0.0021852 0.0013098 0.0017491 0.0013098 0.0017468 0.0079296 0.0021858 0.0021872 0.0017793 0.0025742 0.0017479 0.0019915 1.2578430 2.2324980 2.2624737 2.3030961 2.1877431 3.6192280 2.1903587 2.2395083 2.2320212 0.8548929 2.1897465 2.1673266 2.2367244 2.6139917 
KY435948_Cururu_virus                       0.3658091 0.3689092 0.3658091 0.3658091 0.3658091 0.3717454 0.3717454 0.3788063 0.3974950 0.3658091 0.3658091 0.3729273 0.3658091 0.3658091 0.3658091 0.3658091 0.3658091 0.3658091 0.3658091 0.3658091 0.3658091 0.3658091 0.3658091 0.3658091 0.3658091 0.3658091 0.0000000 0.3658091 0.3658091 0.3658091 0.3658091 0.3658091 0.4159323 0.3658091 0.3658091 0.3732868 0.1291991 0.3658091 0.2971356 1.0244108 1.5864958 1.5841803 1.5498894 1.6376847 9.0000000 1.6376847 1.5035714 1.5035714 1.7623269 1.4885884 1.4716078 1.5146140 2.4070809 
Grenada_mosquito_rhabdovirus_1_F1429C1F1115 0.0048361 0.0048356 0.0048349 0.0048347 0.0052845 0.0048357 0.0057382 0.0048486 0.0044151 0.0026250 0.0026246 0.0028262 0.0021850 0.0081056 0.0021840 0.0021882 0.0021853 0.0017468 0.0017468 0.0021840 0.0021862 0.0021840 0.0026242 0.0026236 0.0021862 0.0021852 0.3658091 0.0000000 0.0008730 0.0013098 0.0008730 0.0013098 0.0079273 0.0017468 0.0017483 0.0013334 0.0006429 0.0013098 0.0013272 1.2604882 2.2353437 2.2653191 2.3066053 2.1914110 3.6214731 2.1940310 2.2429989 2.2354979 0.8548929 2.1922002 2.1697410 2.2406146 2.6033555 
Grenada_mosquito_rhabdovirus_1_F1429C1F1124 0.0039547 0.0039543 0.0039537 0.0039535 0.0044014 0.0039544 0.0048528 0.0039649 0.0035302 0.0017491 0.0017488 0.0018831 0.0013098 0.0071479 0.0013098 0.0013122 0.0013098 0.0008730 0.0008730 0.0013098 0.0013110 0.0013098 0.0017485 0.0017481 0.0013110 0.0013098 0.3658091 0.0008730 0.0000000 0.0004364 0.0000010 0.0004364 0.0068664 0.0008730 0.0008730 0.0004438 0.0006429 0.0004364 0.0006634 1.2597700 2.2349837 2.2649573 2.3066361 2.1910684 3.6214731 2.1936878 2.2429439 2.2354429 0.8548929 2.1894812 2.1670533 2.2410283 2.6032419 
Grenada_mosquito_rhabdovirus_1_F1429C1F1433 0.0043987 0.0043983 0.0043977 0.0043974 0.0048466 0.0043984 0.0052995 0.0044101 0.0039757 0.0021886 0.0021883 0.0023565 0.0017489 0.0076330 0.0017484 0.0017514 0.0017492 0.0013110 0.0013110 0.0017489 0.0017499 0.0017488 0.0021880 0.0021875 0.0017499 0.0017491 0.3658091 0.0013098 0.0004364 0.0000000 0.0004364 0.0008730 0.0074037 0.0013111 0.0013119 0.0008894 0.0012862 0.0008730 0.0013288 1.2603287 2.2343081 2.2642728 2.3045073 2.1890462 3.6214731 2.1916637 2.2408646 2.2333706 0.8548929 2.1882421 2.1658230 2.2425255 2.6032419 
Grenada_mosquito_rhabdovirus_1_F1429C1F1119 0.0039547 0.0039543 0.0039537 0.0039535 0.0044014 0.0039544 0.0048528 0.0039649 0.0035302 0.0017491 0.0017488 0.0018831 0.0013098 0.0071479 0.0013098 0.0013122 0.0013098 0.0008730 0.0008730 0.0013098 0.0013110 0.0013098 0.0017485 0.0017481 0.0013110 0.0013098 0.3658091 0.0008730 0.0000010 0.0004364 0.0000000 0.0004364 0.0068664 0.0008730 0.0008730 0.0004438 0.0006429 0.0004364 0.0006634 1.2597700 2.2349837 2.2649573 2.3066361 2.1910684 3.6214731 2.1936878 2.2429439 2.2354429 0.8548929 2.1894812 2.1670533 2.2410283 2.6032419 
Grenada_mosquito_rhabdovirus_1_F1429C1F1121 0.0043948 0.0043944 0.0043938 0.0043936 0.0048424 0.0043945 0.0052949 0.0044062 0.0039722 0.0021867 0.0021864 0.0023543 0.0017468 0.0076258 0.0017468 0.0017499 0.0017468 0.0013098 0.0013098 0.0017468 0.0017483 0.0017468 0.0021860 0.0021855 0.0017483 0.0017468 0.3658091 0.0013098 0.0004364 0.0008730 0.0004364 0.0000000 0.0073958 0.0013098 0.0013098 0.0008877 0.0006429 0.0008730 0.0013272 1.2600281 2.2325585 2.2625313 2.3041563 2.1887381 3.6214731 2.1913548 2.2405375 2.2330462 0.8548929 2.1871311 2.1647253 2.2434414 2.5991473 
Grenada_mosquito_rhabdovirus_1_F1429C1F1113 0.0095501 0.0100844 0.0095491 0.0095487 0.0106375 0.0100848 0.0112004 0.0106626 0.0095824 0.0084685 0.0084668 0.0033198 0.0073958 0.0052957 0.0079254 0.0079423 0.0073958 0.0073958 0.0073958 0.0073958 0.0073958 0.0079281 0.0079265 0.0084630 0.0073958 0.0079296 0.4159323 0.0079273 0.0068664 0.0074037 0.0068664 0.0073958 0.0000000 0.0074000 0.0074037 0.0075406 0.0076812 0.0073975 0.0050216 1.2968144 2.1789601 2.1803968 2.2113872 2.1266814 3.2624420 2.1301937 2.1465342 2.1407324 0.8792370 2.1176141 2.0964813 2.1288379 2.7336983 
Grenada_mosquito_rhabdovirus_1_F1429C1F1114 0.0048374 0.0048369 0.0048362 0.0048360 0.0052859 0.0048370 0.0057397 0.0048499 0.0044163 0.0026257 0.0026253 0.0028270 0.0021856 0.0081079 0.0021840 0.0021888 0.0021859 0.0017468 0.0017468 0.0021856 0.0021868 0.0021855 0.0026249 0.0026243 0.0021868 0.0021858 0.3658091 0.0017468 0.0008730 0.0013111 0.0008730 0.0013098 0.0074000 0.0000000 0.0017488 0.0013338 0.0012846 0.0013098 0.0013272 1.2611136 2.2410665 2.2710297 2.3128250 2.1938875 3.6214731 2.1965106 2.2457240 2.2382126 0.8548929 2.1922020 2.1697508 2.2389882 2.6091002 
Grenada_mosquito_rhabdovirus_1_F1429C1F1112 0.0048404 0.0048399 0.0048392 0.0048390 0.0052892 0.0048400 0.0057433 0.0048529 0.0044190 0.0026273 0.0026269 0.0023565 0.0021870 0.0081133 0.0021863 0.0021901 0.0021873 0.0017487 0.0017487 0.0021870 0.0021882 0.0021869 0.0026265 0.0026259 0.0021882 0.0021872 0.3658091 0.0017483 0.0008730 0.0013119 0.0008730 0.0013098 0.0074037 0.0017488 0.0000000 0.0013346 0.0012850 0.0013110 0.0019943 1.2557096 2.2388189 2.2687729 2.3098591 2.1957469 3.6402932 2.1983696 2.2458049 2.2382970 0.8548929 2.1918213 2.1693833 2.2457484 2.6127597 
Grenada_mosquito_rhabdovirus_1_F1429C1F1120 0.0044752 0.0044747 0.0044741 0.0044739 0.0049310 0.0044749 0.0053920 0.0044869 0.0040451 0.0022265 0.0022262 0.0023964 0.0017792 0.0077772 0.0017786 0.0017818 0.0017794 0.0013337 0.0013337 0.0017791 0.0017801 0.0017791 0.0022258 0.0022253 0.0017801 0.0017793 0.3732868 0.0013334 0.0004438 0.0008894 0.0004438 0.0008877 0.0075406 0.0013338 0.0013346 0.0000000 0.0013004 0.0008888 0.0013554 1.2915612 2.2592728 2.2896516 2.3261170 2.2077385 3.5781924 2.2104159 2.2612542 2.2535730 0.8292385 2.1963439 2.1735047 2.2470887 2.6522056 
Grenada_mosquito_rhabdovirus_1_F1429C1F1123 0.0038768 0.0045241 0.0051728 0.0051724 0.0058357 0.0045241 0.0051783 0.0038684 0.0038710 0.0025754 0.0032212 0.0027465 0.0025742 0.0098358 0.0025721 0.0025788 0.0025742 0.0019286 0.0019286 0.0025742 0.0025753 0.0025731 0.0025753 0.0032188 0.0025753 0.0025742 0.1291991 0.0006429 0.0006429 0.0012862 0.0006429 0.0006429 0.0076812 0.0012846 0.0012850 0.0013004 0.0000000 0.0006429 0.0009439 1.2624798 2.3476153 2.3750788 2.3896661 2.2263202 3.5585981 2.2306893 2.3337018 2.3213634 1.1917056 2.2286864 2.2024838 2.2186598 2.8023765 
Grenada_mosquito_rhabdovirus_1_F1429C1F1125 0.0043956 0.0043952 0.0043946 0.0043944 0.0048433 0.0043953 0.0052959 0.0044070 0.0039729 0.0021871 0.0021867 0.0018831 0.0017468 0.0076273 0.0017468 0.0017502 0.0017480 0.0013098 0.0013098 0.0017468 0.0017486 0.0017468 0.0021864 0.0021859 0.0017486 0.0017479 0.3658091 0.0013098 0.0004364 0.0008730 0.0004364 0.0008730 0.0073975 0.0013098 0.0013110 0.0008888 0.0006429 0.0000000 0.0006634 1.2597700 2.2360030 2.2659647 2.3097795 2.1940389 3.6466674 2.1966613 2.2426054 2.2351060 0.8548929 2.1891527 2.1667289 2.2406904 2.6032419 
Grenada_mosquito_rhabdovirus_1_F1429C1F1126 0.0033369 0.0040054 0.0033355 0.0033355 0.0040093 0.0040056 0.0053738 0.0040190 0.0053953 0.0019915 0.0026600 0.0014048 0.0013272 0.0054453 0.0019915 0.0013272 0.0013272 0.0013272 0.0013272 0.0013272 0.0019937 0.0019915 0.0026594 0.0026585 0.0019937 0.0019915 0.2971356 0.0013272 0.0006634 0.0013288 0.0006634 0.0013272 0.0050216 0.0013272 0.0019943 0.0013554 0.0009439 0.0006634 0.0000000 1.2432589 2.0922883 2.0917118 2.1032570 2.0478056 4.1702958 2.0523844 2.1337252 2.1301062 0.9613470 2.0528166 2.0318300 2.0671044 2.4532387 
MN661109_Atrato_Rhabdo-like_virus_2         1.2611385 1.2594950 1.2606387 1.2606387 1.2635534 1.2597813 1.2662681 1.2643635 1.2706780 1.2563046 1.2612101 1.1789350 1.2580612 1.2580612 1.2597923 1.2598236 1.2580612 1.2580612 1.2580612 1.2580612 1.2580612 1.2586605 1.2572297 1.2586605 1.2580612 1.2578430 1.0244108 1.2604882 1.2597700 1.2603287 1.2597700 1.2600281 1.2968144 1.2611136 1.2557096 1.2915612 1.2624798 1.2597700 1.2432589 0.0000000 2.0651970 2.0748179 2.0531976 1.9596288 2.2644811 1.9564882 1.9600693 1.9577047 0.8957094 1.9972087 2.0027417 2.1029206 2.8547661 
Ardicrand_virus_F1568C1F1277                2.2432255 2.2386986 2.2424439 2.2415102 2.2463924 2.2401954 2.2413816 2.2424096 2.2464934 2.2389708 2.2312666 2.1272819 2.2357115 2.0976933 2.2353642 2.2365193 2.2337362 2.2362092 2.2362092 2.2354313 2.2408866 2.2363198 2.2426865 2.2400342 2.2408866 2.2324980 1.5864958 2.2353437 2.2349837 2.2343081 2.2349837 2.2325585 2.1789601 2.2410665 2.2388189 2.2592728 2.3476153 2.2360030 2.0922883 2.0651970 0.0000000 0.0027159 0.2469407 0.5752051 1.0848602 0.5743481 0.7233068 0.7193002 0.3499191 0.7615145 0.7483022 0.8803862 2.8708059 
Ardicrand_virus_F1568C1F1568                2.2732113 2.2687016 2.2724244 2.2715004 2.2763688 2.2701884 2.2713694 2.2724057 2.2764723 2.2689427 2.2612367 2.1599525 2.2656768 2.1004191 2.2653436 2.2664762 2.2637055 2.2661788 2.2661788 2.2654095 2.2708457 2.2662887 2.2726399 2.2699937 2.2708457 2.2624737 1.5841803 2.2653191 2.2649573 2.2642728 2.2649573 2.2625313 2.1803968 2.2710297 2.2687729 2.2896516 2.3750788 2.2659647 2.0917118 2.0748179 0.0027159 0.0000000 0.2448652 0.5759980 1.0462362 0.5751522 0.7231346 0.7191908 0.3499191 0.7687455 0.7552208 0.8896536 2.8712957 
Antlested_virus_F1034C1F1034                2.3145162 2.3147749 2.3128564 2.3119271 2.3191324 2.3105931 2.3117920 2.3128580 2.3164366 2.3118443 2.3018257 2.1893790 2.3063509 2.1461525 2.3060302 2.3071550 2.3043457 2.3068694 2.3068694 2.3060965 2.3116183 2.3070417 2.3134409 2.3071513 2.3116183 2.3030961 1.5498894 2.3066053 2.3066361 2.3045073 2.3066361 2.3041563 2.2113872 2.3128250 2.3098591 2.3261170 2.3896661 2.3097795 2.1032570 2.0531976 0.2469407 0.2448652 0.0000000 0.5890147 0.9889319 0.5874105 0.7278436 0.7237350 0.3524691 0.7460034 0.7378968 0.8930971 2.8576407 
MW452302_Wuhan_Mosquito_Virus_9             2.1950188 2.1945682 2.1927376 2.1913658 2.1945562 2.1911424 2.1922878 2.1993649 2.2033217 2.1934825 2.1865684 2.0819671 2.1908440 2.0377474 2.1904901 2.1932310 2.1889428 2.1913160 2.1913160 2.1912349 2.1927904 2.1914776 2.1945229 2.1915852 2.1927904 2.1877431 1.6376847 2.1914110 2.1910684 2.1890462 2.1910684 2.1887381 2.1266814 2.1938875 2.1957469 2.2077385 2.2263202 2.1940389 2.0478056 1.9596288 0.5752051 0.5759980 0.5890147 0.0000000 0.0078376 0.0035493 0.7148960 0.7113493 0.2988188 0.7903832 0.7777435 0.9278762 2.9136484 
NC_031303_Wuhan_Mosquito_Virus_9            3.6274485 3.6274485 3.6319384 3.6238904 3.6158891 3.6274485 3.6274485 3.6328021 3.6192280 3.6192280 3.5977386 3.4460921 3.6143738 2.9790133 3.6192280 3.6192280 3.6035696 3.6192280 3.6192280 3.6184955 3.6260619 3.6192280 3.6260619 3.6201013 3.6260619 3.6192280 9.0000000 3.6214731 3.6214731 3.6214731 3.6214731 3.6214731 3.2624420 3.6214731 3.6402932 3.5781924 3.5585981 3.6466674 4.1702958 2.2644811 1.0848602 1.0462362 0.9889319 0.0078376 0.0000000 0.0178887 1.1661324 1.1521423 9.0000000 1.4444583 1.4314458 1.5926740 2.9587160 
OL700091_Wuhan_Mosquito_Virus_9             2.1976424 2.1971911 2.1953592 2.1939865 2.1971798 2.1937622 2.1949083 2.2019941 2.2059536 2.1961050 2.1891821 2.0846786 2.1934622 2.0412538 2.1931090 2.1958512 2.1915590 2.1939350 2.1939350 2.1938537 2.1954100 2.1940968 2.1971441 2.1942045 2.1954100 2.1903587 1.6376847 2.1940310 2.1936878 2.1916637 2.1936878 2.1913548 2.1301937 2.1965106 2.1983696 2.2104159 2.2306893 2.1966613 2.0523844 1.9564882 0.5743481 0.5751522 0.5874105 0.0035493 0.0178887 0.0000000 0.7129948 0.7094547 0.2988188 0.7884937 0.7758694 0.9245246 2.9138156 
MW434774_Stang_virus                        2.2446037 2.2422164 2.2430365 2.2417723 2.2463005 2.2408159 2.2419874 2.2451367 2.2525907 2.2480338 2.2473805 2.1362988 2.2426919 2.0863787 2.2423508 2.2451432 2.2407343 2.2431864 2.2431864 2.2439331 2.2441419 2.2405990 2.2468749 2.2442759 2.2441419 2.2395083 1.5035714 2.2429989 2.2429439 2.2408646 2.2429439 2.2405375 2.1465342 2.2457240 2.2458049 2.2612542 2.3337018 2.2426054 2.1337252 1.9600693 0.7233068 0.7231346 0.7278436 0.7148960 1.1661324 0.7129948 0.0000000 0.0053859 0.2244625 0.6955925 0.6874394 0.9000520 2.9285663 
MW434775_Stang_virus                        2.2370885 2.2347149 2.2355318 2.2342711 2.2387827 2.2333169 2.2344852 2.2376225 2.2450487 2.2405163 2.2398630 2.1274718 2.2351948 2.0813478 2.2348516 2.2376382 2.2332441 2.2356863 2.2356863 2.2364295 2.2366402 2.2331055 2.2393641 2.2367701 2.2366402 2.2320212 1.5035714 2.2354979 2.2354429 2.2333706 2.2354429 2.2330462 2.1407324 2.2382126 2.2382970 2.2535730 2.3213634 2.2351060 2.1301062 1.9577047 0.7193002 0.7191908 0.7237350 0.7113493 1.1521423 0.7094547 0.0053859 0.0000000 0.2244625 0.6976963 0.6894707 0.8979789 2.9308259 
MZ202303_Cimo_rhabdovirus_III               0.8548929 0.8491167 0.8548929 0.8548929 0.8548929 0.8520172 0.8520172 0.8487097 0.8761524 0.8548929 0.8548929 0.8114124 0.8548929 0.8548929 0.8548929 0.8548929 0.8548929 0.8548929 0.8548929 0.8548929 0.8548929 0.8548929 0.8548929 0.8548929 0.8548929 0.8548929 1.7623269 0.8548929 0.8548929 0.8548929 0.8548929 0.8548929 0.8792370 0.8548929 0.8548929 0.8292385 1.1917056 0.8548929 0.9613470 0.8957094 0.3499191 0.3499191 0.3524691 0.2988188 9.0000000 0.2988188 0.2244625 0.2244625 0.0000000 0.2225456 0.2294903 0.3720873 1.6051804 
MW434767_Elisy_virus                        2.2009821 2.2003005 2.1971175 2.1972009 2.2016513 2.1966683 2.1995358 2.1916613 2.1968116 2.1925802 2.1996108 2.0882660 2.1928789 2.0533503 2.1925222 2.1987410 2.1909581 2.1933560 2.1933560 2.1940833 2.1979084 2.1940057 2.2006001 2.1930147 2.1979084 2.1897465 1.4885884 2.1922002 2.1894812 2.1882421 2.1894812 2.1871311 2.1176141 2.1922020 2.1918213 2.1963439 2.2286864 2.1891527 2.0528166 1.9972087 0.7615145 0.7687455 0.7460034 0.7903832 1.4444583 0.7884937 0.6955925 0.6976963 0.2225456 0.0000000 0.0223586 0.8444136 2.9295936 
MW434768_Elisy_virus                        2.1784637 2.1777970 2.1746299 2.1747167 2.1791295 2.1741820 2.1770414 2.1692140 2.1743225 2.1701368 2.1771200 2.0646018 2.1704366 2.0312983 2.1700730 2.1762511 2.1685325 2.1709062 2.1709062 2.1716251 2.1754228 2.1715450 2.1780946 2.1705528 2.1754228 2.1673266 1.4716078 2.1697410 2.1670533 2.1658230 2.1670533 2.1647253 2.0964813 2.1697508 2.1693833 2.1735047 2.2024838 2.1667289 2.0318300 2.0027417 0.7483022 0.7552208 0.7378968 0.7777435 1.4314458 0.7758694 0.6874394 0.6894707 0.2294903 0.0223586 0.0000000 0.8430264 2.9143212 
OL700136_XiangYun_mono-chu-like_virus_11    2.2402124 2.2404262 2.2407244 2.2399826 2.2447779 2.2390275 2.2401972 2.2425955 2.2511071 2.2491836 2.2428009 2.1569197 2.2399012 2.0498394 2.2395597 2.2423473 2.2365711 2.2403941 2.2403941 2.2411389 2.2358794 2.2405186 2.2386000 2.2395325 2.2358794 2.2367244 1.5146140 2.2406146 2.2410283 2.2425255 2.2410283 2.2434414 2.1288379 2.2389882 2.2457484 2.2470887 2.2186598 2.2406904 2.0671044 2.1029206 0.8803862 0.8896536 0.8930971 0.9278762 1.5926740 0.9245246 0.9000520 0.8979789 0.3720873 0.8444136 0.8430264 0.0000000 2.9969374 
MZ771217_Rhabdoviridae_sp_                  2.6068902 2.6046669 2.6057650 2.6057650 2.6091411 2.6068634 2.6171563 2.6241994 2.6292814 2.6063645 2.6154060 2.5519513 2.6073836 2.5935151 2.6061549 2.6047702 2.6073836 2.6073836 2.6073836 2.6073836 2.6073836 2.6074941 2.6102201 2.6074941 2.6073836 2.6139917 2.4070809 2.6033555 2.6032419 2.6032419 2.6032419 2.5991473 2.7336983 2.6091002 2.6127597 2.6522056 2.8023765 2.6032419 2.4532387 2.8547661 2.8708059 2.8712957 2.8576407 2.9136484 2.9587160 2.9138156 2.9285663 2.9308259 1.6051804 2.9295936 2.9143212 2.9969374 0.0000000 
