91
MN053740_Aedes_aegypti_anphevirus                 0.0000000 0.0034881 0.0029892 0.0044880 0.0039880 0.0039943 0.0070269 0.0054903 0.0050016 0.0055045 0.0090487 0.0068874 0.0095271 0.0075114 0.0100387 0.0085201 0.0075442 0.0248543 0.0264466 0.0243274 0.0253751 0.0300021 0.0248584 0.0253528 0.0271983 0.0424832 0.0254760 0.0238158 0.0264173 0.0238870 0.0234152 0.0224839 0.0197165 0.7995577 1.8134816 1.8122410 1.8154325 1.8119543 1.8165947 1.8077144 1.8335396 1.5276537 1.5253519 1.5250577 1.5260355 1.5190563 1.5156882 1.5180732 2.0309460 2.0152212 1.9954165 1.9928501 1.9930722 2.0788192 2.0626673 2.0525286 1.7898579 1.7762322 1.8846480 2.8574974 2.8593978 2.9274418 2.7829635 1.2992702 2.0481415 2.2347681 2.3604209 2.0387813 3.0467822 2.6102340 2.6043417 2.5651538 2.2172280 2.4026005 2.4066450 2.4018698 2.3956628 2.3987281 2.4024041 2.4089457 2.4089224 2.4635216 2.3458028 2.2498873 2.4205431 2.3944255 2.7134562 2.6838044 2.6931247 2.6844909 2.7602107 
MN053741_Aedes_aegypti_anphevirus                 0.0034881 0.0000000 0.0004953 0.0019832 0.0014869 0.0014892 0.0044908 0.0029775 0.0024864 0.0029852 0.0064967 0.0039912 0.0069798 0.0049789 0.0074851 0.0059797 0.0060121 0.0232433 0.0248255 0.0227196 0.0227073 0.0268215 0.0221944 0.0237405 0.0254956 0.0416412 0.0238563 0.0222102 0.0247979 0.0212239 0.0218040 0.0208716 0.0181297 0.8014946 1.8152668 1.8140257 1.8172180 1.8137387 1.8183823 1.8094957 1.8353380 1.5310102 1.5287052 1.5284103 1.5293896 1.5227826 1.5194089 1.5217978 2.0295334 2.0138201 1.9940800 1.9906670 1.9908906 2.0740558 2.0579333 2.0535390 1.7878837 1.7742624 1.8870814 2.8508020 2.8526925 2.9259321 2.7729759 1.3001543 2.0481415 2.2451639 2.3467204 2.0479605 3.0379678 2.5967945 2.5909207 2.5539719 2.2100175 2.4006424 2.4046833 2.3999120 2.3937096 2.3967742 2.4004469 2.4069820 2.4069602 2.4628182 2.3445759 2.2486268 2.4170063 2.3944580 2.7077682 2.6781846 2.6888019 2.6801829 2.7576543 
MN053739_Aedes_aegypti_anphevirus                 0.0029892 0.0004953 0.0000000 0.0014871 0.0009911 0.0009926 0.0039910 0.0024807 0.0019887 0.0024871 0.0059957 0.0034202 0.0064799 0.0044800 0.0069847 0.0054803 0.0055099 0.0227334 0.0243141 0.0222103 0.0221982 0.0262193 0.0216856 0.0232307 0.0249591 0.0416412 0.0233443 0.0217010 0.0242869 0.0207145 0.0212927 0.0203590 0.0176226 0.8014946 1.8136766 1.8124364 1.8156269 1.8121497 1.8167889 1.8079109 1.8337295 1.5296832 1.5273795 1.5270848 1.5280636 1.5210807 1.5177092 1.5200965 2.0277589 2.0120536 1.9923313 1.9884652 1.9886904 2.0748214 2.0586969 2.0517252 1.7859029 1.7722955 1.8867689 2.8528246 2.8547176 2.9232141 2.7749647 1.3001543 2.0481415 2.2451639 2.3467204 2.0479605 3.0376257 2.6001481 2.5942709 2.5572817 2.2109586 2.4003244 2.4043653 2.3995940 2.3933917 2.3964565 2.4001291 2.4066639 2.4066424 2.4624996 2.3453829 2.2494834 2.4187747 2.3951397 2.7099644 2.6803596 2.6896651 2.6810451 2.7596671 
MN053738_Aedes_aegypti_anphevirus                 0.0044880 0.0019832 0.0014871 0.0000000 0.0004953 0.0024839 0.0054927 0.0039729 0.0034835 0.0039832 0.0075018 0.0045635 0.0079828 0.0059790 0.0084894 0.0069815 0.0070192 0.0232448 0.0248272 0.0227211 0.0227087 0.0262178 0.0221958 0.0237420 0.0265784 0.0433798 0.0248892 0.0232368 0.0258290 0.0222508 0.0218054 0.0208730 0.0181309 0.8041248 1.8120583 1.8108182 1.8140087 1.8105318 1.8151691 1.8062949 1.8321033 1.5299886 1.5276846 1.5273898 1.5283687 1.5212401 1.5178683 1.5202559 2.0271756 2.0114702 1.9917505 1.9907343 1.9909579 2.0739063 2.0577843 2.0508054 1.7866898 1.7730757 1.8841341 2.8556792 2.8575768 2.9260443 2.7728070 1.3001543 2.0414402 2.2415735 2.3538416 2.0447060 3.0423923 2.5988925 2.5930138 2.5529806 2.2166264 2.4024950 2.4065390 2.4017644 2.3955581 2.3986232 2.4022987 2.4088395 2.4088163 2.4647152 2.3476896 2.2518900 2.4211273 2.3952622 2.7126788 2.6830445 2.6935099 2.6847218 2.7581995 
MN053744_Aedes_aegypti_anphevirus                 0.0039880 0.0014869 0.0009911 0.0004953 0.0000000 0.0019864 0.0049918 0.0034752 0.0029849 0.0034842 0.0069994 0.0045635 0.0074815 0.0054790 0.0079874 0.0064807 0.0065158 0.0227322 0.0243128 0.0222091 0.0221970 0.0262178 0.0216845 0.0232295 0.0260381 0.0433798 0.0243737 0.0227244 0.0253145 0.0217382 0.0212916 0.0203580 0.0176217 0.8041248 1.8132260 1.8119855 1.8151767 1.8116988 1.8163386 1.8074597 1.8332810 1.5298324 1.5275284 1.5272336 1.5282125 1.5212287 1.5178567 1.5202444 2.0273144 2.0116085 1.9918875 1.9908723 1.9910958 2.0741013 2.0579783 2.0510006 1.7878464 1.7742257 1.8860638 2.8558776 2.8577754 2.9253072 2.7744691 1.3001543 2.0414402 2.2415735 2.3538416 2.0447060 3.0422492 2.6014010 2.5955205 2.5554586 2.2166264 2.4002947 2.4043361 2.3995642 2.3933610 2.3964263 2.4000993 2.4066350 2.4066134 2.4624777 2.3455285 2.2496263 2.4189297 2.3951092 2.7128781 2.6832446 2.6935520 2.6849217 2.7598803 
MH037149_Gylbovirus_aagae                         0.0039943 0.0014892 0.0009926 0.0024839 0.0019864 0.0000000 0.0029869 0.0024814 0.0019893 0.0024878 0.0059974 0.0034213 0.0064817 0.0044813 0.0069866 0.0054818 0.0055115 0.0227397 0.0243208 0.0222164 0.0222044 0.0262279 0.0216917 0.0232372 0.0260805 0.0425543 0.0244118 0.0227598 0.0253538 0.0207203 0.0212986 0.0203647 0.0176275 0.8056079 1.8150314 1.8137904 1.8169825 1.8135034 1.8181465 1.8092610 1.8351003 1.5340722 1.5317647 1.5314691 1.5324497 1.5254600 1.5220819 1.5244740 2.0312157 2.0154970 1.9957426 1.9918977 1.9921205 2.0780554 2.0619075 2.0557780 1.7884738 1.7748485 1.8894759 2.8578239 2.8597238 2.9283369 2.7807944 1.3001543 2.0481415 2.2451639 2.3610363 2.0479605 3.0440090 2.6048245 2.5989438 2.5575103 2.2172044 2.3989700 2.4030076 2.3982400 2.3920422 2.3951058 2.3987753 2.4053043 2.4052838 2.4623964 2.3479141 2.2521097 2.4212575 2.3977295 2.7081365 2.6785641 2.6878593 2.6792490 2.7578108 
MH430663_Gylbovirus_aagae                         0.0070269 0.0044908 0.0039910 0.0054927 0.0049918 0.0029869 0.0000000 0.0054874 0.0049989 0.0055015 0.0070085 0.0068833 0.0095223 0.0075075 0.0100336 0.0085157 0.0085630 0.0259073 0.0275050 0.0253787 0.0253650 0.0299890 0.0248484 0.0264063 0.0294364 0.0462503 0.0276066 0.0259303 0.0285462 0.0238772 0.0244696 0.0235396 0.0207579 0.8056079 1.8156621 1.8144203 1.8176144 1.8141330 1.8187797 1.8098873 1.8427207 1.5350801 1.5327731 1.5324774 1.5334579 1.5264705 1.5230928 1.5254846 2.0312022 2.0154686 1.9956955 1.9895153 1.9897398 2.0802223 2.0640517 2.0603519 1.7923022 1.7800653 1.8967852 2.8564939 2.8583927 2.9341723 2.7845817 1.3001543 2.0481415 2.2451639 2.3734061 2.0479605 3.0464104 2.6069490 2.6010660 2.5604202 2.2269566 2.4046347 2.4092715 2.4044929 2.3982822 2.4013474 2.4050264 2.4115740 2.4115487 2.4663681 2.3513971 2.2557285 2.4232219 2.3978376 2.7162574 2.6865928 2.6959172 2.6872795 2.7492214 
MN053737_Aedes_aegypti_anphevirus                 0.0054903 0.0029775 0.0024807 0.0039729 0.0034752 0.0024814 0.0054874 0.0000000 0.0034801 0.0039793 0.0074945 0.0045584 0.0079750 0.0059732 0.0084811 0.0069746 0.0070124 0.0232230 0.0248039 0.0226998 0.0226874 0.0261888 0.0221750 0.0237198 0.0276679 0.0437551 0.0259281 0.0242691 0.0268663 0.0222289 0.0228123 0.0218830 0.0191322 0.8038181 1.8131502 1.8119097 1.8151012 1.8116229 1.8162631 1.8073833 1.8332073 1.5317237 1.5294180 1.5291229 1.5301026 1.5231160 1.5197412 1.5221309 2.0316301 2.0159043 1.9961392 1.9922955 1.9925180 2.0787157 2.0626575 2.0578803 1.7906335 1.7769913 1.8917645 2.8576159 2.8595157 2.9200189 2.7816536 1.3001543 2.0429200 2.2450590 2.3562935 2.0441157 3.0424910 2.5981182 2.5913671 2.5518362 2.2140686 2.3982628 2.4022999 2.3975327 2.3913353 2.3943992 2.3980683 2.4045964 2.4045764 2.4598170 2.3499811 2.2549536 2.4212615 2.3987272 2.7039184 2.6743654 2.6836545 2.6750501 2.7579258 
MN053742_Aedes_aegypti_anphevirus                 0.0050016 0.0024864 0.0019887 0.0034835 0.0029849 0.0019893 0.0049989 0.0034801 0.0000000 0.0024850 0.0070094 0.0045710 0.0074922 0.0054868 0.0079989 0.0064900 0.0065251 0.0237934 0.0253802 0.0232683 0.0232557 0.0274786 0.0227417 0.0242914 0.0266571 0.0443702 0.0254747 0.0238145 0.0264160 0.0217703 0.0223533 0.0214208 0.0186685 0.8045446 1.8217149 1.8204702 1.8236698 1.8201815 1.8248434 1.8159215 1.8418617 1.5347234 1.5324150 1.5321191 1.5331002 1.5261081 1.5227283 1.5251216 2.0271572 2.0114590 1.9917484 1.9878799 1.9881256 2.0866012 2.0703871 2.0633521 1.7935335 1.7798709 1.8954376 2.8656096 2.8675212 2.9350483 2.7793691 1.3001543 2.0481415 2.2451639 2.3724240 2.0479605 3.0456745 2.6078983 2.6020114 2.5605133 2.2207917 2.4008929 2.4049328 2.4001627 2.3939621 2.3970256 2.4006973 2.4072309 2.4072089 2.4630522 2.3498049 2.2540909 2.4222597 2.4097757 2.7105609 2.6803012 2.6896044 2.6809866 2.7637591 
MN053743_Aedes_aegypti_anphevirus                 0.0055045 0.0029852 0.0024871 0.0039832 0.0034842 0.0024878 0.0055015 0.0039793 0.0024850 0.0000000 0.0075138 0.0051453 0.0079956 0.0059886 0.0085030 0.0069926 0.0070305 0.0243118 0.0259006 0.0237860 0.0237731 0.0280924 0.0232586 0.0248098 0.0277448 0.0462185 0.0259969 0.0243333 0.0269374 0.0222876 0.0228727 0.0219412 0.0191826 0.8045446 1.8190788 1.8178349 1.8210332 1.8175467 1.8222036 1.8132914 1.8392055 1.5378512 1.5355386 1.5352419 1.5362249 1.5292236 1.5258369 1.5282351 2.0334247 2.0176948 1.9979164 1.9939388 1.9941602 2.0862901 2.0700719 2.0656524 1.7979259 1.7842253 1.8941661 2.8736051 2.8755299 2.9446286 2.7828642 1.3001543 2.0481415 2.2451639 2.3797662 2.0479605 3.0515252 2.6172036 2.6113039 2.5696507 2.2329443 2.3959166 2.3999498 2.3951869 2.3889945 2.3920577 2.3957232 2.4022440 2.4022258 2.4579795 2.3435449 2.2476016 2.4167631 2.4011356 2.7131697 2.6835257 2.6928436 2.6842121 2.7722471 
MH237595_Aedes_aegypti_anphevirus                 0.0090487 0.0064967 0.0059957 0.0075018 0.0069994 0.0059974 0.0070085 0.0074945 0.0070094 0.0075138 0.0000000 0.0080338 0.0115461 0.0095243 0.0120592 0.0105368 0.0105945 0.0279831 0.0295888 0.0274520 0.0274372 0.0312016 0.0269190 0.0284822 0.0316295 0.0480103 0.0296970 0.0280081 0.0306335 0.0259498 0.0265503 0.0256243 0.0228189 0.8014946 1.8325990 1.8313489 1.8345592 1.8310576 1.8357479 1.8267708 1.8544566 1.5319697 1.5296645 1.5293694 1.5303489 1.5233639 1.5199896 1.5223789 2.0484607 2.0333912 2.0134495 2.0043839 2.0045978 2.0903339 2.0740875 2.0669293 1.8098815 1.7975148 1.9089785 2.8743278 2.8762536 2.9441503 2.7916529 1.3001543 2.0481415 2.2439354 2.3957327 2.0479605 3.0762238 2.6159193 2.6136965 2.5741898 2.2396127 2.4152767 2.4193433 2.4145438 2.4083079 2.4112981 2.4149948 2.4216566 2.4215441 2.4780516 2.3454101 2.2539148 2.4179046 2.4002565 2.7140325 2.6841830 2.6935059 2.6848697 2.7668254 
MG012486_Aedes_aegypti_anphevirus                 0.0068874 0.0039912 0.0034202 0.0045635 0.0045635 0.0034213 0.0068833 0.0045584 0.0045710 0.0051453 0.0080338 0.0000000 0.0017048 0.0000010 0.0022757 0.0005671 0.0051654 0.0178900 0.0202573 0.0184741 0.0178787 0.0184095 0.0178779 0.0196394 0.0211227 0.0192168 0.0203617 0.0184968 0.0202642 0.0178888 0.0173525 0.0168996 0.0144085 0.7969523 1.6661080 1.6647842 1.6682380 1.6675306 1.6693355 1.6570463 1.6686279 1.3761985 1.3752442 1.3749472 1.3744695 1.3681335 1.3652420 1.3670934 1.7340124 1.7318248 1.7195939 1.7107857 1.7088072 1.8333537 1.8212901 1.8103944 1.5477577 1.5322692 1.6511311 2.6038845 2.6031510 2.6332519 2.5211517 1.3083043 2.0533002 2.2479277 2.3083543 2.0517577 2.7855080 2.3825764 2.3754669 2.3392707 2.2168566 2.1145065 2.1185875 2.1137243 2.1142130 2.1145613 2.1145613 2.1209026 2.1209656 2.1639589 2.0996642 1.9806459 2.1653169 2.2066993 2.3996807 2.3755573 2.3671607 2.3757604 2.5286763 
MH430650_Gylbovirus_aagae                         0.0095271 0.0069798 0.0064799 0.0079828 0.0074815 0.0064817 0.0095223 0.0079750 0.0074922 0.0079956 0.0115461 0.0017048 0.0000000 0.0019846 0.0044755 0.0029795 0.0080293 0.0217224 0.0243410 0.0222348 0.0222227 0.0262216 0.0217096 0.0232564 0.0255497 0.0423583 0.0244321 0.0227786 0.0253749 0.0212108 0.0228417 0.0219113 0.0191567 0.8013577 1.8069777 1.8057402 1.8089257 1.8054549 1.8100791 1.7983758 1.8240785 1.5323107 1.5300040 1.5297087 1.5306888 1.5236997 1.5203232 1.5227141 2.0358303 2.0205954 2.0007915 1.9954423 1.9956624 2.0807744 2.0635480 2.0525104 1.7856500 1.7737855 1.8814733 2.8635641 2.8654720 2.9274688 2.7797489 1.3083043 2.0533002 2.2410909 2.3540514 2.0517577 3.0462052 2.6027036 2.5968262 2.5683070 2.2168566 2.3988697 2.4029064 2.3981398 2.3919432 2.3950062 2.3986750 2.4052027 2.4051822 2.4552106 2.3404279 2.2469159 2.4135822 2.4029051 2.7060035 2.6805067 2.6894805 2.6808707 2.7381846 
MH430648_Gylbovirus_aagae                         0.0075114 0.0049789 0.0044800 0.0059790 0.0054790 0.0044813 0.0075075 0.0059732 0.0054868 0.0059886 0.0095243 0.0000010 0.0019846 0.0000000 0.0024830 0.0009918 0.0060139 0.0201690 0.0227770 0.0206800 0.0206687 0.0244087 0.0201571 0.0216990 0.0239057 0.0408115 0.0228628 0.0212202 0.0238077 0.0196588 0.0207836 0.0198486 0.0171173 0.8013577 1.8096865 1.8084482 1.8116349 1.8081624 1.8127915 1.8010764 1.8268054 1.5341481 1.5318401 1.5315444 1.5325252 1.5255339 1.5221549 1.5245476 2.0350908 2.0193544 1.9995604 1.9932491 1.9934709 2.0810601 2.0638321 2.0502803 1.7828562 1.7710076 1.8840202 2.8656871 2.8675976 2.9277065 2.7829528 1.3083043 2.0533002 2.2479277 2.3540514 2.0517577 3.0489261 2.6025530 2.5966757 2.5649337 2.2168566 2.4016399 2.4056808 2.4009096 2.3947077 2.3977713 2.4014440 2.4079795 2.4079569 2.4580323 2.3432097 2.2472515 2.4164202 2.4068418 2.7052179 2.6760067 2.6849689 2.6763707 2.7412907 
MW435012_Gylbovirus_aagae                         0.0100387 0.0074851 0.0069847 0.0084894 0.0079874 0.0069866 0.0100336 0.0084811 0.0079989 0.0085030 0.0120592 0.0022757 0.0044755 0.0024830 0.0000000 0.0014885 0.0085389 0.0217095 0.0243267 0.0222217 0.0222097 0.0250101 0.0216968 0.0232428 0.0244289 0.0418349 0.0233633 0.0227652 0.0253600 0.0211983 0.0218131 0.0208443 0.0181372 0.8012836 1.8155000 1.8142586 1.8174515 1.8139714 1.8186163 1.8068630 1.8326768 1.5306261 1.5283232 1.5280285 1.5290069 1.5220274 1.5186567 1.5210435 2.0350949 2.0193654 1.9995800 1.9926374 1.9928596 2.0842389 2.0669880 2.0562761 1.7858939 1.7740269 1.8854812 2.8681611 2.8700747 2.9346535 2.7861272 1.3054188 2.0569379 2.2498027 2.3517604 2.0544358 3.0455870 2.6054631 2.5995843 2.5636934 2.2114227 2.3979857 2.4020186 2.3972564 2.3910652 2.3941262 2.3977916 2.4043128 2.4042930 2.4508878 2.3391885 2.2434164 2.4138647 2.4114923 2.6998417 2.6706888 2.6799536 2.6713718 2.7380440 
MW435013_Gylbovirus_aagae                         0.0085201 0.0059797 0.0054803 0.0069815 0.0064807 0.0054818 0.0085157 0.0069746 0.0064900 0.0069926 0.0105368 0.0005671 0.0029795 0.0009918 0.0014885 0.0000000 0.0070222 0.0201665 0.0227742 0.0206775 0.0206662 0.0237998 0.0201546 0.0216963 0.0239026 0.0409594 0.0228600 0.0212176 0.0238047 0.0196564 0.0207811 0.0198461 0.0171152 0.8024189 1.8136992 1.8124592 1.8156491 1.8121725 1.8168109 1.8050734 1.8308521 1.5326578 1.5303516 1.5300563 1.5310363 1.5240489 1.5206730 1.5230635 2.0377808 2.0220360 2.0022194 1.9959223 1.9961422 2.0833198 2.0660781 2.0539841 1.7811873 1.7693542 1.8804852 2.8718193 2.8737382 2.9328602 2.7861143 1.3083043 2.0533002 2.2479277 2.3540514 2.0517577 3.0507566 2.6054245 2.5995448 2.5678590 2.2118394 2.3990762 2.4031122 2.3983465 2.3921511 2.3952134 2.3988815 2.4054080 2.4053874 2.4559194 2.3388632 2.2427509 2.4119612 2.4107751 2.6998169 2.6706599 2.6799260 2.6713430 2.7441845 
MH430658_Gylbovirus_aagae                         0.0075442 0.0060121 0.0055099 0.0070192 0.0065158 0.0055115 0.0085630 0.0070124 0.0065251 0.0070305 0.0105945 0.0051654 0.0080293 0.0060139 0.0085389 0.0070222 0.0000000 0.0233535 0.0249436 0.0228272 0.0238741 0.0282055 0.0233574 0.0238530 0.0256452 0.0428382 0.0239900 0.0228481 0.0254526 0.0223588 0.0219078 0.0205363 0.0182155 0.8013975 1.8149499 1.8137037 1.8169091 1.8134155 1.8180779 1.8091555 1.8351024 1.5352105 1.5328937 1.5325967 1.5335814 1.5232291 1.5198433 1.5222408 2.0272275 2.0114746 1.9916954 1.9846243 1.9848530 2.0703978 2.0531968 2.0499931 1.7920255 1.7800622 1.8965371 2.8739721 2.8759010 2.9246499 2.7809094 1.3238577 2.0533002 2.2615570 2.3859207 2.0425643 3.0526165 2.6083184 2.6024138 2.5646732 2.2005902 2.4204642 2.4245480 2.4197290 2.4134689 2.4165469 2.4202593 2.4268711 2.4268342 2.4688622 2.3580535 2.2602907 2.4346258 2.4057425 2.6979450 2.6683716 2.6776669 2.6690569 2.7577863 
Aedes_anphevirus_F1058C3F1058                     0.0248543 0.0232433 0.0227334 0.0232448 0.0227322 0.0227397 0.0259073 0.0232230 0.0237934 0.0243118 0.0279831 0.0178900 0.0217224 0.0201690 0.0217095 0.0201665 0.0233535 0.0000000 0.0034837 0.0014878 0.0034785 0.0094039 0.0019857 0.0024808 0.0110093 0.0340351 0.0115552 0.0089848 0.0115100 0.0094896 0.0227545 0.0218274 0.0221675 0.8104911 1.8150889 1.8138509 1.8170353 1.8135645 1.8181966 1.8104458 1.8320856 1.5413095 1.5389988 1.5387020 1.5396844 1.5326922 1.5293073 1.5317042 2.0288150 2.0144530 1.9946403 1.9911726 1.9913955 2.0919802 2.0749816 2.0572837 1.7816916 1.7689602 1.8734996 2.8834636 2.8853965 2.9418623 2.8003242 1.3212697 2.0533742 2.2255220 2.3578947 2.0338671 3.0406093 2.6058339 2.5997700 2.5530224 2.2397128 2.3771460 2.3811489 2.3764190 2.3702655 2.3706065 2.3742400 2.3834260 2.3834217 2.4294857 2.3315842 2.2427059 2.4029746 2.4046782 2.6929463 2.6646571 2.6767028 2.6681268 2.7340737 
MH430655_Gylbovirus_aagae                         0.0264466 0.0248255 0.0243141 0.0248272 0.0243128 0.0243208 0.0275050 0.0248039 0.0253802 0.0259006 0.0295888 0.0202573 0.0243410 0.0227770 0.0243267 0.0227742 0.0249436 0.0034837 0.0000000 0.0019877 0.0049827 0.0099914 0.0034843 0.0029830 0.0131538 0.0349121 0.0130973 0.0105104 0.0130471 0.0110174 0.0233070 0.0223797 0.0227169 0.8137650 1.8094556 1.8082195 1.8114007 1.8079343 1.8125550 1.8048232 1.8264114 1.5381930 1.5370589 1.5367625 1.5365692 1.5295793 1.5261980 1.5285924 2.0290868 2.0147196 1.9957884 1.9882778 1.9885028 2.0975357 2.0805054 2.0595572 1.7806488 1.7679253 1.8749008 2.8827847 2.8847161 2.9392990 2.7890113 1.3212697 2.0533742 2.2396187 2.3587323 2.0449645 3.0414219 2.6081251 2.6020575 2.5527798 2.2397128 2.3786212 2.3826262 2.3778941 2.3717380 2.3720779 2.3757134 2.3849045 2.3848991 2.4256347 2.3330324 2.2418123 2.3975494 2.4033692 2.6919034 2.6632963 2.6756601 2.6670844 2.7429387 
MH430666_Gylbovirus_aagae                         0.0243274 0.0227196 0.0222103 0.0227211 0.0222091 0.0222164 0.0253787 0.0226998 0.0232683 0.0237860 0.0274520 0.0184741 0.0222348 0.0206800 0.0222217 0.0206775 0.0228272 0.0014878 0.0019877 0.0000000 0.0029792 0.0094036 0.0014880 0.0009909 0.0110089 0.0340332 0.0110440 0.0084788 0.0110007 0.0089830 0.0212063 0.0202762 0.0206257 0.8104911 1.8124181 1.8111811 1.8143637 1.8108953 1.8155216 1.8077805 1.8293940 1.5375454 1.5364117 1.5361155 1.5359223 1.5289341 1.5255540 1.5279475 2.0271259 2.0127679 1.9929693 1.9854460 1.9856731 2.0917557 2.0747617 2.0565117 1.7781363 1.7654257 1.8718651 2.8810394 2.8829690 2.9375348 2.7959638 1.3212697 2.0533742 2.2290187 2.3578947 2.0338671 3.0347939 2.6014167 2.5953559 2.5490523 2.2397128 2.3786899 2.3826950 2.3779627 2.3718065 2.3721464 2.3757820 2.3849734 2.3849679 2.4263402 2.3330995 2.2418815 2.4020237 2.4015571 2.6907698 2.6621769 2.6745343 2.6659629 2.7330189 
Aedes_anphevirus_F1058C3F1059                     0.0253751 0.0227073 0.0221982 0.0227087 0.0221970 0.0222044 0.0253650 0.0226874 0.0232557 0.0237731 0.0274372 0.0178787 0.0222227 0.0206687 0.0222097 0.0206662 0.0238741 0.0034785 0.0049827 0.0029792 0.0000000 0.0099888 0.0024804 0.0039742 0.0126035 0.0366736 0.0130778 0.0104950 0.0130271 0.0089780 0.0232726 0.0223465 0.0226835 0.8119440 1.8164321 1.8151931 1.8183796 1.8149064 1.8195430 1.8117846 1.8334455 1.5414750 1.5391635 1.5388665 1.5398493 1.5328547 1.5294685 1.5318663 2.0304535 2.0160827 1.9962496 1.9929143 1.9931361 2.0981030 2.0810641 2.0623738 1.7851361 1.7723806 1.8750866 2.8888379 2.8907780 2.9468240 2.8059804 1.3212697 2.0560436 2.2365450 2.3636814 2.0449748 3.0452431 2.6116044 2.6055348 2.5528032 2.2397128 2.3854273 2.3894432 2.3846992 2.3785291 2.3788646 2.3825102 2.3917276 2.3917172 2.4386541 2.3372898 2.2486449 2.4103300 2.4126840 2.6959537 2.6673137 2.6837660 2.6751695 2.7353770 
Aedes_anphevirus_F1058C3F1060                     0.0300021 0.0268215 0.0262193 0.0262178 0.0262178 0.0262279 0.0299890 0.0261888 0.0274786 0.0280924 0.0312016 0.0184095 0.0262216 0.0244087 0.0250101 0.0237998 0.0282055 0.0094039 0.0099914 0.0094036 0.0099888 0.0000000 0.0088064 0.0105860 0.0184293 0.0141713 0.0178542 0.0153725 0.0153814 0.0171428 0.0250260 0.0250255 0.0249891 0.8020943 1.6488905 1.6475534 1.6510477 1.6503239 1.6521396 1.6439821 1.6508674 1.3649192 1.3639492 1.3636491 1.3631637 1.3588785 1.3559428 1.3578221 1.7162240 1.7148157 1.7023679 1.6873067 1.6853268 1.8490290 1.8316683 1.8142100 1.5366384 1.5246336 1.6389419 2.6109351 2.6101848 2.6586666 2.5107004 1.3212697 2.0533742 2.2385278 2.2878740 2.0348661 2.7762592 2.3926682 2.3878005 2.3199080 2.2582074 2.0879092 2.0919196 2.0871141 2.0876047 2.0852235 2.0852235 2.0938268 2.0933630 2.1382046 2.0751668 1.9588326 2.1346451 2.2023887 2.4500311 2.4280790 2.4197143 2.4251432 2.5465324 
MH430653_Gylbovirus_aagae                         0.0248584 0.0221944 0.0216856 0.0221958 0.0216845 0.0216917 0.0248484 0.0221750 0.0227417 0.0232586 0.0269190 0.0178779 0.0217096 0.0201571 0.0216968 0.0201546 0.0233574 0.0019857 0.0034843 0.0014880 0.0024804 0.0088064 0.0000000 0.0024813 0.0115449 0.0349359 0.0115572 0.0089863 0.0115119 0.0084761 0.0227583 0.0218311 0.0221712 0.8146201 1.8167678 1.8155286 1.8187156 1.8152417 1.8198796 1.8121191 1.8333845 1.5399932 1.5376825 1.5373858 1.5383682 1.5346738 1.5312860 1.5336850 2.0334468 2.0190697 1.9992126 1.9923583 1.9925804 2.0958631 2.0788350 2.0620368 1.7854481 1.7726918 1.8759696 2.8865611 2.8884983 2.9446399 2.7993330 1.3212697 2.0533742 2.2374740 2.3578947 2.0430162 3.0414670 2.6078235 2.6017565 2.5538549 2.2397128 2.3805827 2.3845915 2.3798552 2.3736942 2.3740329 2.3776719 2.3868719 2.3868650 2.4329947 2.3349470 2.2447167 2.4064247 2.4082691 2.6957560 2.6671183 2.6794961 2.6709111 2.7384540 
MH430651_Gylbovirus_aagae                         0.0253528 0.0237405 0.0232307 0.0237420 0.0232295 0.0232372 0.0264063 0.0237198 0.0242914 0.0248098 0.0284822 0.0196394 0.0232564 0.0216990 0.0232428 0.0216963 0.0238530 0.0024808 0.0029830 0.0009909 0.0039742 0.0105860 0.0024813 0.0000000 0.0120635 0.0357535 0.0120534 0.0094809 0.0120065 0.0099858 0.0222265 0.0212989 0.0216420 0.8088426 1.8105401 1.8093037 1.8124852 1.8090183 1.8136408 1.8059060 1.8275024 1.5358903 1.5347570 1.5344610 1.5342678 1.5272804 1.5239020 1.5262943 2.0270843 2.0127299 1.9929364 1.9844628 1.9846905 2.0890664 2.0720872 2.0531854 1.7781561 1.7654485 1.8754637 2.8849831 2.8869180 2.9415531 2.7979299 1.3212697 2.0533742 2.2353200 2.3595113 2.0425222 3.0400596 2.6049610 2.5988974 2.5508747 2.2407733 2.3785299 2.3825357 2.3778027 2.3716454 2.3719855 2.3756217 2.3848144 2.3848090 2.4261876 2.3329331 2.2416874 2.4018683 2.4048116 2.6954959 2.6668689 2.6792421 2.6706602 2.7379372 
Aedes_anphevirus_F1058C3F1067                     0.0271983 0.0254956 0.0249591 0.0265784 0.0260381 0.0260805 0.0294364 0.0276679 0.0266571 0.0277448 0.0316295 0.0211227 0.0255497 0.0239057 0.0244289 0.0239026 0.0256452 0.0110093 0.0131538 0.0110089 0.0126035 0.0184293 0.0115449 0.0120635 0.0000000 0.0249926 0.0031408 0.0046962 0.0094281 0.0137071 0.0271172 0.0267082 0.0270795 0.8150005 1.8016330 1.8003393 1.8036712 1.8000417 1.8048720 1.7966315 1.8181712 1.5534093 1.5506595 1.5506595 1.5516957 1.5492491 1.5460673 1.5482052 2.0053256 1.9885559 1.9687071 1.9584771 1.9587353 2.0980115 2.0786996 2.0595426 1.7685987 1.7574729 1.8467124 2.8431199 2.8450839 2.9287429 2.8010223 1.3377123 2.0200413 2.2222259 2.4169289 2.0179244 2.9764675 2.6026646 2.5963983 2.5335922 2.2533301 2.3863520 2.3905704 2.3855873 2.3791071 2.3794589 2.3832878 2.3929702 2.3904819 2.4281821 2.3134660 2.2189421 2.3905854 2.3967427 2.6796617 2.6455617 2.6683484 2.6659094 2.7204712 
Aedes_anphevirus_F1058C3F1068                     0.0424832 0.0416412 0.0416412 0.0433798 0.0433798 0.0425543 0.0462503 0.0437551 0.0443702 0.0462185 0.0480103 0.0192168 0.0423583 0.0408115 0.0418349 0.0409594 0.0428382 0.0340351 0.0349121 0.0340332 0.0366736 0.0141713 0.0349359 0.0357535 0.0249926 0.0000000 0.0270632 0.0279288 0.0305188 0.0393325 0.0461980 0.0461965 0.0452284 0.7451299 1.5700107 1.5682466 1.5654324 1.5712930 1.5726828 1.5601553 1.5757580 1.2923139 1.2910072 1.2906188 1.2899661 1.2949798 1.2929714 1.2935730 1.6694114 1.6331566 1.6340367 1.5989028 1.5935685 1.7289517 1.7125015 1.7625877 1.4434089 1.4408092 1.5565781 2.6444708 2.6434334 2.6602861 2.4146440 1.1193069 1.9027846 2.1930045 2.5205566 1.8641729 2.7362265 2.4112895 2.3969965 2.3570320 2.1272042 2.1896411 2.1936546 2.1885199 2.1892447 2.1898887 2.1898887 2.1894349 2.1969559 2.2294015 2.1386438 2.0004045 2.2274808 2.3266949 2.4958698 2.4877885 2.4808409 2.4796004 2.5231012 
Aedes_anphevirus_F1058C3F1062                     0.0254760 0.0238563 0.0233443 0.0248892 0.0243737 0.0244118 0.0276066 0.0259281 0.0254747 0.0259969 0.0296970 0.0203617 0.0244321 0.0228628 0.0233633 0.0228600 0.0239900 0.0115552 0.0130973 0.0110440 0.0130778 0.0178542 0.0115572 0.0120534 0.0031408 0.0270632 0.0000000 0.0034930 0.0080118 0.0126028 0.0259718 0.0250066 0.0253697 0.8061726 1.8074817 1.8062481 1.8094234 1.8059636 1.8105736 1.8029090 1.8255504 1.5331326 1.5308296 1.5305347 1.5315133 1.5240451 1.5210477 1.5230612 2.0346179 2.0185060 1.9986512 1.9921129 1.9923352 2.0862681 2.0643822 2.0609174 1.7739944 1.7613190 1.8748014 2.8886325 2.8905723 2.9522166 2.7796361 1.3240605 2.0624773 2.2349690 2.3502585 2.0374296 3.0330967 2.6084262 2.6024398 2.5623009 2.2235503 2.3821194 2.3861299 2.3813918 2.3752286 2.3755663 2.3792069 2.3884113 2.3884033 2.4281962 2.3305515 2.2438112 2.4017476 2.4025041 2.7026035 2.6739000 2.6830070 2.6744120 2.7354916 
Aedes_anphevirus_F1058C3F1061                     0.0238158 0.0222102 0.0217010 0.0232368 0.0227244 0.0227598 0.0259303 0.0242691 0.0238145 0.0243333 0.0280081 0.0184968 0.0227786 0.0212202 0.0227652 0.0212176 0.0228481 0.0089848 0.0105104 0.0084788 0.0104950 0.0153725 0.0089863 0.0094809 0.0046962 0.0279288 0.0034930 0.0000000 0.0054726 0.0105045 0.0238025 0.0228769 0.0232109 0.8094799 1.8113051 1.8100695 1.8132487 1.8097842 1.8144042 1.8066737 1.8286399 1.5398204 1.5375096 1.5372130 1.5381953 1.5312014 1.5278169 1.5302135 2.0275765 2.0132071 1.9933906 1.9871399 1.9873659 2.0898321 2.0678966 2.0665723 1.7705646 1.7579093 1.8721979 2.8891078 2.8910497 2.9478967 2.7899689 1.3240605 2.0774352 2.2375974 2.3460108 2.0482726 3.0404020 2.6011155 2.5951294 2.5598594 2.2246449 2.3880319 2.3920564 2.3873026 2.3811205 2.3814546 2.3851081 2.3943457 2.3943333 2.4342158 2.3258864 2.2367569 2.3995888 2.4036268 2.7072074 2.6784347 2.6908734 2.6822473 2.7411902 
MH430654_Gylbovirus_aagae                         0.0264173 0.0247979 0.0242869 0.0258290 0.0253145 0.0253538 0.0285462 0.0268663 0.0264160 0.0269374 0.0306335 0.0202642 0.0253749 0.0238077 0.0253600 0.0238047 0.0254526 0.0115100 0.0130471 0.0110007 0.0130271 0.0153814 0.0115119 0.0120065 0.0094281 0.0305188 0.0080118 0.0054726 0.0000000 0.0130388 0.0264023 0.0254811 0.0258001 0.8094818 1.8090312 1.8077976 1.8109723 1.8075130 1.8121239 1.8044086 1.8263320 1.5365363 1.5342261 1.5339299 1.5349118 1.5279163 1.5245334 1.5269288 2.0254195 2.0136195 1.9938052 1.9817841 1.9820139 2.0984387 2.0764331 2.0733050 1.7831630 1.7704130 1.8778315 2.9052393 2.9072061 2.9545241 2.7835945 1.3269220 2.0624773 2.2342441 2.3656179 2.0374296 3.0327480 2.6142852 2.6082803 2.5667741 2.2327727 2.3922861 2.3963152 2.3915566 2.3853691 2.3869918 2.3906514 2.3986072 2.3985916 2.4419761 2.3314396 2.2429859 2.4032735 2.4007827 2.6988773 2.6687415 2.6811443 2.6725421 2.7436964 
MH430652_Gylbovirus_aagae                         0.0238870 0.0212239 0.0207145 0.0222508 0.0217382 0.0207203 0.0238772 0.0222289 0.0217703 0.0222876 0.0259498 0.0178888 0.0212108 0.0196588 0.0211983 0.0196564 0.0223588 0.0094896 0.0110174 0.0089830 0.0089780 0.0171428 0.0084761 0.0099858 0.0137071 0.0393325 0.0126028 0.0105045 0.0130388 0.0000000 0.0227909 0.0218625 0.0221856 0.8114846 1.8151680 1.8139293 1.8171154 1.8136428 1.8182774 1.8105224 1.8352563 1.5399656 1.5376544 1.5373576 1.5383402 1.5307241 1.5273398 1.5297363 2.0294279 2.0170067 1.9952254 1.9801843 1.9804151 2.0889591 2.0671245 2.0678766 1.7860942 1.7733284 1.8775628 2.8852630 2.8872010 2.9474553 2.7954788 1.3007413 2.0544923 2.2260178 2.3647378 2.0484851 3.0491919 2.5964084 2.5903530 2.5446214 2.2334825 2.3815095 2.3855227 2.3807813 2.3746139 2.3778831 2.3815306 2.3878056 2.3877980 2.4173055 2.3228601 2.2335395 2.3984104 2.3979561 2.6871652 2.6585937 2.6709410 2.6623763 2.7407346 
MH430656_Gylbovirus_aagae                         0.0234152 0.0218040 0.0212927 0.0218054 0.0212916 0.0212986 0.0244696 0.0228123 0.0223533 0.0228727 0.0265503 0.0173525 0.0228417 0.0207836 0.0218131 0.0207811 0.0219078 0.0227545 0.0233070 0.0212063 0.0232726 0.0250260 0.0227583 0.0222265 0.0271172 0.0461980 0.0259718 0.0238025 0.0264023 0.0227909 0.0000000 0.0035027 0.0044857 0.8012475 1.8026729 1.8014403 1.8046144 1.8011567 1.8057593 1.7980580 1.8207794 1.5193759 1.5157859 1.5154932 1.5153005 1.5109407 1.5075776 1.5099590 2.0380693 2.0211240 2.0018836 2.0023456 2.0025609 2.0604809 2.0388885 2.0399606 1.7587266 1.7461181 1.8692379 2.8551801 2.8570772 2.9202708 2.7724731 1.3075293 2.0387374 2.2112604 2.3516311 2.0146521 3.0269010 2.5873976 2.5815323 2.5454721 2.2195680 2.3891294 2.3931491 2.3884012 2.3822268 2.3846073 2.3882581 2.3954357 2.3954225 2.4194866 2.3222034 2.2308585 2.3890875 2.3777467 2.7004194 2.6705417 2.6812737 2.6773288 2.7265617 
MH430657_Gylbovirus_aagae                         0.0224839 0.0208716 0.0203590 0.0208730 0.0203580 0.0203647 0.0235396 0.0218830 0.0214208 0.0219412 0.0256243 0.0168996 0.0219113 0.0198486 0.0208443 0.0198461 0.0205363 0.0218274 0.0223797 0.0202762 0.0223465 0.0250255 0.0218311 0.0212989 0.0267082 0.0461965 0.0250066 0.0228769 0.0254811 0.0218625 0.0035027 0.0000000 0.0039970 0.8012475 1.8072849 1.8060499 1.8092288 1.8057652 1.8103801 1.8026581 1.8254372 1.5201022 1.5165123 1.5162196 1.5160269 1.5116686 1.5083055 1.5106868 2.0351689 2.0182369 1.9990252 2.0021341 2.0023495 2.0732153 2.0514937 2.0494099 1.7629153 1.7502873 1.8739079 2.8529555 2.8548480 2.9271920 2.7821759 1.3075293 2.0387374 2.2127338 2.3470124 2.0146521 3.0400680 2.5793437 2.5723777 2.5353761 2.2209254 2.3954301 2.3994616 2.3947006 2.3885107 2.3908903 2.3945520 2.4017549 2.4017370 2.4349153 2.3195587 2.2254219 2.3903883 2.3694311 2.7001268 2.6702728 2.6838475 2.6752515 2.7324883 
MH430665_Gylbovirus_aagae                         0.0197165 0.0181297 0.0176226 0.0181309 0.0176217 0.0176275 0.0207579 0.0191322 0.0186685 0.0191826 0.0228189 0.0144085 0.0191567 0.0171173 0.0181372 0.0171152 0.0182155 0.0221675 0.0227169 0.0206257 0.0226835 0.0249891 0.0221712 0.0216420 0.0270795 0.0452284 0.0253697 0.0232109 0.0258001 0.0221856 0.0044857 0.0039970 0.0000000 0.8008543 1.7991233 1.7978932 1.8010618 1.7976105 1.8022012 1.7945200 1.8172091 1.5152237 1.5116422 1.5113506 1.5111581 1.5068568 1.5035017 1.5058774 2.0286664 2.0123180 1.9926396 1.9903044 1.9905280 2.0647407 2.0431087 2.0456914 1.7537469 1.7411825 1.8735161 2.8628065 2.8647140 2.9213321 2.7688917 1.3022538 2.0387374 2.2198519 2.3462051 2.0134403 3.0393455 2.5811118 2.5752548 2.5430827 2.2202481 2.3969551 2.4009876 2.3962257 2.3900350 2.3930966 2.3967614 2.4032814 2.4032624 2.4324381 2.3264320 2.2332586 2.3942986 2.3800452 2.6990452 2.6697228 2.6816683 2.6730769 2.7304794 
ON955256_Enontekio_anphevirus_2                   0.7995577 0.8014946 0.8014946 0.8041248 0.8041248 0.8056079 0.8056079 0.8038181 0.8045446 0.8045446 0.8014946 0.7969523 0.8013577 0.8013577 0.8012836 0.8024189 0.8013975 0.8104911 0.8137650 0.8104911 0.8119440 0.8020943 0.8146201 0.8088426 0.8150005 0.7451299 0.8061726 0.8094799 0.8094818 0.8114846 0.8012475 0.8012475 0.8008543 0.0000000 1.1511984 1.1511984 1.1548263 1.1520196 1.1594469 1.1504013 1.1582706 0.9829581 0.9840947 0.9840947 0.9831590 0.9856097 0.9856097 0.9839841 1.2314265 1.2417394 1.2237919 1.1977162 1.1894064 1.3032146 1.2905605 1.3167909 1.1771624 1.1784318 1.2397080 1.6657993 1.6657993 1.7978217 1.7973684 1.3554139 1.9582972 1.7689476 1.5930793 2.0446065 1.9922881 1.5629859 1.5702451 1.5949232 1.3702632 1.5073462 1.5122838 1.5073375 1.5066766 1.5086874 1.5086874 1.5067357 1.5039517 1.4940461 1.4764634 1.4790524 1.5176533 1.5066847 1.6812106 1.6666676 1.6473296 1.6414409 1.9228122 
MF176245_Culex_mononega-like_virus_1              1.8134816 1.8152668 1.8136766 1.8120583 1.8132260 1.8150314 1.8156621 1.8131502 1.8217149 1.8190788 1.8325990 1.6661080 1.8069777 1.8096865 1.8155000 1.8136992 1.8149499 1.8150889 1.8094556 1.8124181 1.8164321 1.6488905 1.8167678 1.8105401 1.8016330 1.5700107 1.8074817 1.8113051 1.8090312 1.8151680 1.8026729 1.8072849 1.7991233 1.1511984 0.0000000 0.0009937 0.0014930 0.0014930 0.0024880 0.0059848 0.0509429 1.6757534 1.6733501 1.6706940 1.6713068 1.6671876 1.6670822 1.6673088 2.1729611 2.1674336 2.1625552 2.1767265 2.1642724 2.4407107 2.4199047 2.3931227 2.3434453 2.3467624 2.4311869 3.0088546 3.0109191 2.9603963 2.9721868 1.7070895 1.8203314 2.2452749 2.8127975 2.0542633 3.2177012 2.7438083 2.7370678 2.7982354 2.4938904 2.7947120 2.7948560 2.7902753 2.7914999 2.7794745 2.7837770 2.7993911 2.7957347 2.8269464 2.5716191 2.4655962 2.6195188 2.6964757 2.7436983 2.7497559 2.7673855 2.7729064 2.8076392 
MF176316_Culex_mononega-like_virus_1              1.8122410 1.8140257 1.8124364 1.8108182 1.8119855 1.8137904 1.8144203 1.8119097 1.8204702 1.8178349 1.8313489 1.6647842 1.8057402 1.8084482 1.8142586 1.8124592 1.8137037 1.8138509 1.8082195 1.8111811 1.8151931 1.6475534 1.8155286 1.8093037 1.8003393 1.5682466 1.8062481 1.8100695 1.8077976 1.8139293 1.8014403 1.8060499 1.7978932 1.1511984 0.0009937 0.0000000 0.0024896 0.0024924 0.0014903 0.0059860 0.0514724 1.6736214 1.6712219 1.6685692 1.6691797 1.6699914 1.6698849 1.6701131 2.1749498 2.1620492 2.1645330 2.1787272 2.1662588 2.4447306 2.4185922 2.3901476 2.3473137 2.3506361 2.4371017 3.0039895 3.0060474 2.9642726 2.9748516 1.7070895 1.8203314 2.2568101 2.8114943 2.0542633 3.2165709 2.7456523 2.7389071 2.7994318 2.4877882 2.8021546 2.8023007 2.7977028 2.7989339 2.7868640 2.7911813 2.8068475 2.8031839 2.8345378 2.5812264 2.4721738 2.6293178 2.7088863 2.7419923 2.7480459 2.7656702 2.7711869 2.8037207 
MF176296_Culex_mononega-like_virus_1              1.8154325 1.8172180 1.8156269 1.8140087 1.8151767 1.8169825 1.8176144 1.8151012 1.8236698 1.8210332 1.8345592 1.6682380 1.8089257 1.8116349 1.8174515 1.8156491 1.8169091 1.8170353 1.8114007 1.8143637 1.8183796 1.6510477 1.8187156 1.8124852 1.8036712 1.5654324 1.8094234 1.8132487 1.8109723 1.8171154 1.8046144 1.8092288 1.8010618 1.1548263 0.0014930 0.0024896 0.0000000 0.0029941 0.0039905 0.0074992 0.0521184 1.6782490 1.6758403 1.6731795 1.6737952 1.6696678 1.6695614 1.6697895 2.1806008 2.1750489 2.1701590 2.1844102 2.1719082 2.4457101 2.4248593 2.3974769 2.3479913 2.3513143 2.4359159 3.0191417 3.0212195 2.9699926 2.9676433 1.6852879 1.8203314 2.2452749 2.8352031 2.0542633 3.2244342 2.7432533 2.7365154 2.7968647 2.4876865 2.7973327 2.7974774 2.7928902 2.7941172 2.7820749 2.7863831 2.8020171 2.7983577 2.8294317 2.5764426 2.4706001 2.6253711 2.7034114 2.7452202 2.7554731 2.7731380 2.7786787 2.8148581 
MF176356_Culex_mononega-like_virus_1              1.8119543 1.8137387 1.8121497 1.8105318 1.8116988 1.8135034 1.8141330 1.8116229 1.8201815 1.8175467 1.8310576 1.6675306 1.8054549 1.8081624 1.8139714 1.8121725 1.8134155 1.8135645 1.8079343 1.8108953 1.8149064 1.6503239 1.8152417 1.8090183 1.8000417 1.5712930 1.8059636 1.8097842 1.8075130 1.8136428 1.8011567 1.8057652 1.7976105 1.1520196 0.0014930 0.0024924 0.0029941 0.0000000 0.0039939 0.0075054 0.0526823 1.6801641 1.6777544 1.6750931 1.6757103 1.6718888 1.6717816 1.6720107 2.1752609 2.1697265 2.1648449 2.1798424 2.1673723 2.4407485 2.4199400 2.3931549 2.3457238 2.3490434 2.4312238 3.0126578 3.0147267 2.9675708 2.9746835 1.7113921 1.8203314 2.2489538 2.8152259 2.0542633 3.2213128 2.7463597 2.7396172 2.8008500 2.4942245 2.7954826 2.7956269 2.7910434 2.7922689 2.7802365 2.7845414 2.8001641 2.7965062 2.8316723 2.5749979 2.4674257 2.6216532 2.6961578 2.7452650 2.7520308 2.7696719 2.7751998 2.8060975 
MF176375_Culex_mononega-like_virus_1              1.8165947 1.8183823 1.8167889 1.8151691 1.8163386 1.8181465 1.8187797 1.8162631 1.8248434 1.8222036 1.8357479 1.6693355 1.8100791 1.8127915 1.8186163 1.8168109 1.8180779 1.8181966 1.8125550 1.8155216 1.8195430 1.6521396 1.8198796 1.8136408 1.8048720 1.5726828 1.8105736 1.8144042 1.8121239 1.8182774 1.8057593 1.8103801 1.8022012 1.1594469 0.0024880 0.0014903 0.0039905 0.0039939 0.0000000 0.0074935 0.0519803 1.6755666 1.6731646 1.6705100 1.6711224 1.6719352 1.6718280 1.6720572 2.1796996 2.1667676 2.1692630 2.1778925 2.1654335 2.4454674 2.4185565 2.3936857 2.3518472 2.3551746 2.4391526 3.0077900 3.0098524 2.9693056 2.9752666 1.7070895 1.8128448 2.2523508 2.8161231 2.0481237 3.2198980 2.7421188 2.7353751 2.7958218 2.4848710 2.8074703 2.8076178 2.8030103 2.8042454 2.7921505 2.7964760 2.8121704 2.8085038 2.8418891 2.5875592 2.4787399 2.6357555 2.7024419 2.7382209 2.7442641 2.7694846 2.7750138 2.8021901 
MK440643_Culex_mononega-like_virus_1              1.8077144 1.8094957 1.8079109 1.8062949 1.8074597 1.8092610 1.8098873 1.8073833 1.8159215 1.8132914 1.8267708 1.6570463 1.7983758 1.8010764 1.8068630 1.8050734 1.8091555 1.8104458 1.8048232 1.8077805 1.8117846 1.6439821 1.8121191 1.8059060 1.7966315 1.5601553 1.8029090 1.8066737 1.8044086 1.8105224 1.7980580 1.8026581 1.7945200 1.1504013 0.0059848 0.0059860 0.0074992 0.0075054 0.0074935 0.0000000 0.0502902 1.6732241 1.6708265 1.6681757 1.6687856 1.6696920 1.6695856 1.6698136 2.1870465 2.1750270 2.1780143 2.1799203 2.1674480 2.4438278 2.4177078 2.3910338 2.3415890 2.3449045 2.4320374 2.9981376 3.0001887 2.9617163 2.9703395 1.7070895 1.8246154 2.2624965 2.8205432 2.0525225 3.2076323 2.7525712 2.7458227 2.8019046 2.5006566 2.7848594 2.7850008 2.7804354 2.7816532 2.7696672 2.7739570 2.7895278 2.7858748 2.8202252 2.5691406 2.4596159 2.6130614 2.7057296 2.7416409 2.7545247 2.7735200 2.7790568 2.8088159 
OL700050_Culex_mononega-like_virus_1              1.8335396 1.8353380 1.8337295 1.8321033 1.8332810 1.8351003 1.8427207 1.8332073 1.8418617 1.8392055 1.8544566 1.6686279 1.8240785 1.8268054 1.8326768 1.8308521 1.8351024 1.8320856 1.8264114 1.8293940 1.8334455 1.6508674 1.8333845 1.8275024 1.8181712 1.5757580 1.8255504 1.8286399 1.8263320 1.8352563 1.8207794 1.8254372 1.8172091 1.1582706 0.0509429 0.0514724 0.0521184 0.0526823 0.0519803 0.0502902 0.0000000 1.6625245 1.6601690 1.6575404 1.6581198 1.6567663 1.6566647 1.6568857 2.1663469 2.1498943 2.1592118 2.1705474 2.1581310 2.4656508 2.4385119 2.3933030 2.3600583 2.3617517 2.4362140 2.9773817 2.9794065 2.9342836 3.0178007 1.7014750 1.8374656 2.2818011 2.7980901 2.0664146 3.1991830 2.7585907 2.7533743 2.8248848 2.5024297 2.7560383 2.7550858 2.7503034 2.7514986 2.7418358 2.7460821 2.7534580 2.7489623 2.8077807 2.5755330 2.4622941 2.6026856 2.7438620 2.7324591 2.7356514 2.7587092 2.7641911 2.7923663 
