18
MT240825_Almendravirus_menghai                   0.0000000 0.0125027 0.0105144 0.0217400 0.0227850 0.0459302 0.0524737 0.4334324 0.9834754 2.0083030 2.0119340 1.8356676 1.9977616 2.4188894 2.4237092 2.3574791 2.3070738 4.5808617 
MT240827_Almendravirus_menghai                   0.0125027 0.0000000 0.0084631 0.0124817 0.0145104 0.0372220 0.0486911 0.4232389 0.9874078 2.0124895 2.0161279 1.8430425 2.0014695 2.4475887 2.4524684 2.3775694 2.3360931 4.6102098 
MT240824_Almendravirus_menghai                   0.0105144 0.0084631 0.0000000 0.0109416 0.0119542 0.0344328 0.0514831 0.4225552 0.9937673 2.0199533 2.0236093 1.8421314 2.0001882 2.4439267 2.4487996 2.3811139 2.3392346 4.5965051 
MT240828_Almendravirus_menghai                   0.0217400 0.0124817 0.0109416 0.0000000 0.0099332 0.0323292 0.0535898 0.4177257 0.9903873 2.0095476 2.0131821 1.8452968 2.0084148 2.4317405 2.4292657 2.3705817 2.3252112 4.6007016 
NC_040602_Almendravirus_menghai                  0.0227850 0.0145104 0.0119542 0.0099332 0.0000000 0.0318776 0.0527322 0.4226543 0.9884212 2.0110946 2.0147306 1.8445838 2.0048520 2.4309960 2.4356846 2.3694589 2.3309575 4.5975807 
LC270812_Almendravirus_menghai                   0.0459302 0.0372220 0.0344328 0.0323292 0.0318776 0.0000000 0.0580952 0.4286553 0.9935453 2.0152229 2.0188658 1.8320221 2.0190799 2.4381133 2.4429694 2.3963331 2.3251035 4.6632460 
OP264923_Almendravirus_menghai                   0.0524737 0.0486911 0.0514831 0.0535898 0.0527322 0.0580952 0.0000000 0.4833291 1.2662654 2.6978395 2.7017961 2.7645839 2.8383254 3.1759527 3.1791084 3.1158981 3.1737747 5.3613238 
Poterfers_virus_F1543C2F1543                     0.4334324 0.4232389 0.4225552 0.4177257 0.4226543 0.4286553 0.4833291 0.0000000 0.9816268 1.9770122 1.9756588 1.8842817 1.9957173 2.3329102 2.3370580 2.2899570 2.2506920 4.7243201 
NC_031957_Almendravirus_cootbay                  0.9834754 0.9874078 0.9937673 0.9903873 0.9884212 0.9935453 1.2662654 0.9816268 0.0000000 2.0128639 2.0122386 1.7778833 1.9860733 2.2664579 2.2690331 2.2623604 2.1735843 4.7536091 
MW890016_Shanxi_Armigeres_subalbatus_rhabdovirus 2.0083030 2.0124895 2.0199533 2.0095476 2.0110946 2.0152229 2.6978395 1.9770122 2.0128639 0.0000000 0.0029614 0.6943554 1.3105394 1.8319648 1.8350231 1.8113703 1.7447007 4.3109967 
OK491499_Xiangshan_rhabdo-like_virus_1           2.0119340 2.0161279 2.0236093 2.0131821 2.0147306 2.0188658 2.7017961 1.9756588 2.0122386 0.0029614 0.0000000 0.6943354 1.3141100 1.8414773 1.8445517 1.8108355 1.7465589 4.3115663 
NC_031958_Almendravirus_chico                    1.8356676 1.8430425 1.8421314 1.8452968 1.8445838 1.8320221 2.7645839 1.8842817 1.7778833 0.6943554 0.6943354 0.0000000 1.1721486 1.6896896 1.6903036 1.6730421 1.6772400 3.8292904 
NC_039200_Almendravirus_balsa                    1.9977616 2.0014695 2.0001882 2.0084148 2.0048520 2.0190799 2.8383254 1.9957173 1.9860733 1.3105394 1.3141100 1.1721486 0.0000000 1.9445324 1.9425073 1.9172872 1.8632275 4.5000063 
MW890015_Shanxi_Arboretum_virus                  2.4188894 2.4475887 2.4439267 2.4317405 2.4309960 2.4381133 3.1759527 2.3329102 2.2664579 1.8319648 1.8414773 1.6896896 1.9445324 0.0000000 0.0014899 0.1092379 0.7118022 4.0720670 
OK491516_Almendravirus_arboretum                 2.4237092 2.4524684 2.4487996 2.4292657 2.4356846 2.4429694 3.1791084 2.3370580 2.2690331 1.8350231 1.8445517 1.6903036 1.9425073 0.0014899 0.0000000 0.1086232 0.7139532 4.0674157 
NC_025393_Almendravirus_arboretum                2.3574791 2.3775694 2.3811139 2.3705817 2.3694589 2.3963331 3.1158981 2.2899570 2.2623604 1.8113703 1.8108355 1.6730421 1.9172872 0.1092379 0.1086232 0.0000000 0.7233086 4.2081488 
NC_025395_Almendravirus_almendras                2.3070738 2.3360931 2.3392346 2.3252112 2.3309575 2.3251035 3.1737747 2.2506920 2.1735843 1.7447007 1.7465589 1.6772400 1.8632275 0.7118022 0.7139532 0.7233086 0.0000000 4.2164831 
OP589941_Rhabdoviridae_sp_                       4.5808617 4.6102098 4.5965051 4.6007016 4.5975807 4.6632460 5.3613238 4.7243201 4.7536091 4.3109967 4.3115663 3.8292904 4.5000063 4.0720670 4.0674157 4.2081488 4.2164831 0.0000000 
