23
MW434102_Culicidavirus_quitotaense 0.0000000 0.0018642 0.0037417 0.0018615 0.0023292 0.0027946 0.0432887 0.1303260 0.5223571 0.2590558 0.2244936 0.2251458 2.7668995 2.7665463 1.9978814 2.7648333 1.7543139 2.7440147 2.9112449 2.9330979 2.7941388 2.9054404 1.8221997 
MW434103_Culicidavirus_quitotaense 0.0018642 0.0000000 0.0037467 0.0018640 0.0023323 0.0027983 0.0433165 0.1297224 0.5160682 0.2583933 0.2253693 0.2264821 2.7575274 2.7571766 2.0003177 2.7554708 1.7568317 2.7337607 2.9043119 2.9262184 2.7897410 2.8989088 1.8247994 
MH188031_Culicidavirus_quitotaense 0.0037417 0.0037467 0.0000000 0.0028039 0.0032742 0.0037404 0.0449220 0.1269485 0.5194407 0.2619531 0.2271380 0.2282584 2.7817171 2.7813606 2.0185079 2.7796382 1.7747416 2.7576918 2.9240476 2.9457977 2.8107485 2.9156435 1.8464227 
MW434101_Culicidavirus_quitotaense 0.0018615 0.0018640 0.0028039 0.0000000 0.0013962 0.0018613 0.0427576 0.1285137 0.5173612 0.2569709 0.2236409 0.2247463 2.7601570 2.7598054 1.9941040 2.7580970 1.7505117 2.7363510 2.9036806 2.9284568 2.7889220 2.9028698 1.8227664 
MW434104_Culicidavirus_quitotaense 0.0023292 0.0023323 0.0032742 0.0013962 0.0000000 0.0023290 0.0432867 0.1293495 0.5202441 0.2578302 0.2244550 0.2255637 2.7541845 2.7538341 1.9941040 2.7521290 1.7505117 2.7304305 2.9001726 2.9221075 2.7856088 2.8980072 1.8227664 
MW434100_Culicidavirus_quitotaense 0.0027946 0.0027983 0.0037404 0.0018613 0.0023290 0.0000000 0.0437654 0.1308494 0.5194407 0.2582339 0.2249987 0.2261088 2.7621764 2.7618243 1.9985904 2.7601141 1.7549095 2.7383435 2.9088009 2.9306726 2.7926158 2.9028602 1.8196563 
MK440640_Culicidavirus_quitotaense 0.0432887 0.0433165 0.0449220 0.0427576 0.0432867 0.0437654 0.0000000 0.1430701 0.4865976 0.2486848 0.2223209 0.2221331 2.7736242 2.7732685 1.9993540 2.7715465 1.7471714 2.7457016 2.9063429 2.9258854 2.7659027 2.8591366 1.8013046 
MH188036_Culicidavirus_culicis     0.1303260 0.1297224 0.1269485 0.1285137 0.1293495 0.1308494 0.1430701 0.0000000 0.1184544 0.1221263 0.2536361 0.2551568 2.7625527 2.7621986 2.0461306 2.7604790 1.8046073 2.7446417 2.9166571 2.9477196 2.7992413 2.9154309 1.9263723 
MW452291_Culicidavirus_culicidae   0.5223571 0.5160682 0.5194407 0.5173612 0.5202441 0.5194407 0.4865976 0.1184544 0.0000000 0.0053265 0.4524636 0.4704789 6.0373178 6.0454756 7.1888935 6.0336957 9.0000000 5.9502198 5.9024258 5.8944973 6.2081876 6.6246817 9.0000000 
NC_028265_Culicidavirus_culicidae  0.2590558 0.2583933 0.2619531 0.2569709 0.2578302 0.2582339 0.2486848 0.1221263 0.0053265 0.0000000 0.2159610 0.2187790 2.8314608 2.8310910 2.1073971 2.8293280 1.8445100 2.8199725 2.8588739 2.8966262 2.7769477 2.8772866 1.9212532 
Imjin_River_virus_1_F1051C1F1051   0.2244936 0.2253693 0.2271380 0.2236409 0.2244550 0.2249987 0.2223209 0.2536361 0.4524636 0.2159610 0.0000000 0.0214537 2.8022628 2.8019010 2.0136443 2.8001629 1.7633120 2.7680611 2.8040359 2.8379359 2.7007125 2.8906558 1.8110626 
NC_028482_Culicidavirus_imjinense  0.2251458 0.2264821 0.2282584 0.2247463 0.2255637 0.2261088 0.2221331 0.2551568 0.4704789 0.2187790 0.0214537 0.0000000 2.7944972 2.7941372 1.9951469 2.7924040 1.7561728 2.7668779 2.7950107 2.8289204 2.7050032 2.8911664 1.8108711 
ON955149_Hattula_chuvirus          2.7668995 2.7575274 2.7817171 2.7601570 2.7541845 2.7621764 2.7736242 2.7625527 6.0373178 2.8314608 2.8022628 2.7944972 0.0000000 0.0009606 0.0014013 0.0009597 0.0072947 0.0493308 0.6694891 0.6751836 0.6575582 1.6672249 1.7394994 
ON955153_Hattula_chuvirus          2.7665463 2.7571766 2.7813606 2.7598054 2.7538341 2.7618243 2.7732685 2.7621986 6.0454756 2.8310910 2.8019010 2.7941372 0.0009606 0.0000000 0.0006998 0.0009600 0.0064757 0.0493456 0.6684392 0.6741448 0.6563600 1.6602670 1.7377291 
ON955154_Hattula_chuvirus          1.9978814 2.0003177 2.0185079 1.9941040 1.9941040 1.9985904 1.9993540 2.0461306 7.1888935 2.1073971 2.0136443 1.9951469 0.0014013 0.0006998 0.0000000 0.0006998 0.0072893 0.0452898 0.4311230 0.4317563 0.4391604 1.0808339 1.7341483 
ON955148_Hattula_chuvirus          2.7648333 2.7554708 2.7796382 2.7580970 2.7521290 2.7601141 2.7715465 2.7604790 6.0336957 2.8293280 2.8001629 2.7924040 0.0009597 0.0009600 0.0006998 0.0000000 0.0064757 0.0487573 0.6671450 0.6728674 0.6560780 1.6641518 1.7377291 
ON955147_Hattula_chuvirus          1.7543139 1.7568317 1.7747416 1.7505117 1.7505117 1.7549095 1.7471714 1.8046073 9.0000000 1.8445100 1.7633120 1.7561728 0.0072947 0.0064757 0.0072893 0.0064757 0.0000000 0.0403187 0.4160048 0.4174950 0.4496538 1.0216876 1.7453236 
ON955152_Hattula_chuvirus          2.7440147 2.7337607 2.7576918 2.7363510 2.7304305 2.7383435 2.7457016 2.7446417 5.9502198 2.8199725 2.7680611 2.7668779 0.0493308 0.0493456 0.0452898 0.0487573 0.0403187 0.0000000 0.6641483 0.6669653 0.6541877 1.6599344 1.6987361 
MN661024_Atrato_Chu-like_virus_1   2.9112449 2.9043119 2.9240476 2.9036806 2.9001726 2.9088009 2.9063429 2.9166571 5.9024258 2.8588739 2.8040359 2.7950107 0.6694891 0.6684392 0.4311230 0.6671450 0.4160048 0.6641483 0.0000000 0.0088484 0.7932969 1.6408339 1.8752452 
MN661026_Atrato_Chu-like_virus_1   2.9330979 2.9262184 2.9457977 2.9284568 2.9221075 2.9306726 2.9258854 2.9477196 5.8944973 2.8966262 2.8379359 2.8289204 0.6751836 0.6741448 0.4317563 0.6728674 0.4174950 0.6669653 0.0088484 0.0000000 0.8047396 1.6697936 1.8858937 
KX924630_Doliuvirus_culisetae      2.7941388 2.7897410 2.8107485 2.7889220 2.7856088 2.7926158 2.7659027 2.7992413 6.2081876 2.7769477 2.7007125 2.7050032 0.6575582 0.6563600 0.4391604 0.6560780 0.4496538 0.6541877 0.7932969 0.8047396 0.0000000 1.6858808 1.8454543 
MZ078292_Turkana_Chu-like_virus    2.9054404 2.8989088 2.9156435 2.9028698 2.8980072 2.9028602 2.8591366 2.9154309 6.6246817 2.8772866 2.8906558 2.8911664 1.6672249 1.6602670 1.0808339 1.6641518 1.0216876 1.6599344 1.6408339 1.6697936 1.6858808 0.0000000 1.6475330 
KM817612_Shuangao_Fly_Virus_1      1.8221997 1.8247994 1.8464227 1.8227664 1.8227664 1.8196563 1.8013046 1.9263723 9.0000000 1.9212532 1.8110626 1.8108711 1.7394994 1.7377291 1.7341483 1.7377291 1.7453236 1.6987361 1.8752452 1.8858937 1.8454543 1.6475330 0.0000000 
