35
Preculath_virus_F1097C1F1526            0.0000000 0.0000010 0.0004733 0.0004732 0.0009468 0.0018961 0.0009468 0.0018983 0.0009474 0.0007656 0.0028918 0.0009465 0.0009478 0.0004732 0.0009467 0.0028472 0.0033281 0.0018978 0.2103030 0.2103252 0.2110388 1.2374168 1.2151365 1.2167916 1.2146450 1.2186111 1.2126927 1.2234826 1.2170221 1.1784951 1.2469832 1.2724320 1.6206160 0.4940925 2.1085777 
Preculath_virus_F1097C1F1537            0.0000010 0.0000000 0.0004733 0.0004732 0.0009468 0.0018961 0.0009468 0.0018983 0.0009474 0.0007656 0.0028918 0.0009465 0.0009478 0.0004732 0.0009467 0.0028472 0.0033281 0.0018978 0.2103030 0.2103252 0.2110388 1.2374168 1.2151365 1.2167916 1.2146450 1.2186111 1.2126927 1.2234826 1.2170221 1.1784951 1.2469832 1.2724320 1.6206160 0.4940925 2.1085777 
Preculath_virus_F1097C1F1533            0.0004733 0.0004733 0.0000000 0.0009468 0.0014207 0.0023710 0.0014207 0.0023737 0.0014216 0.0015322 0.0033758 0.0014203 0.0014222 0.0009467 0.0014206 0.0033229 0.0038045 0.0023732 0.2109937 0.2110161 0.2117303 1.2393970 1.2170812 1.2187392 1.2165893 1.2205605 1.2146354 1.2254410 1.2189695 1.1803771 1.2447108 1.2701089 1.6231707 0.4940925 2.1047336 
Preculath_virus_F1097C1F1527            0.0004732 0.0004732 0.0009468 0.0000000 0.0014206 0.0023707 0.0004732 0.0023734 0.0014214 0.0007656 0.0028918 0.0014202 0.0014220 0.0009466 0.0014205 0.0033226 0.0038045 0.0023729 0.2106342 0.2106566 0.2113712 1.2374168 1.2151365 1.2167916 1.2146450 1.2186111 1.2126927 1.2234826 1.2170221 1.1784951 1.2469832 1.2724320 1.6223259 0.4940925 2.1085777 
Preculath_virus_F1097C1F1525            0.0009468 0.0009468 0.0014207 0.0014206 0.0000000 0.0009476 0.0018948 0.0028493 0.0018960 0.0015321 0.0038591 0.0018943 0.0018968 0.0014205 0.0018947 0.0037987 0.0042811 0.0028486 0.2108613 0.2108836 0.2115973 1.2370221 1.2147594 1.2164132 1.2142683 1.2182315 1.2123172 1.2230989 1.2166436 1.1775603 1.2462338 1.2721944 1.6190992 0.4940925 2.1075475 
Preculath_virus_F1097C1F1532            0.0018961 0.0018961 0.0023710 0.0023707 0.0009476 0.0000000 0.0028460 0.0038045 0.0028478 0.0015321 0.0048303 0.0028452 0.0028489 0.0023706 0.0028458 0.0047546 0.0052397 0.0038031 0.2124124 0.2124350 0.2131507 1.2393589 1.2170502 1.2187076 1.2165584 1.2205283 1.2146052 1.2254073 1.2189379 1.1797699 1.2477086 1.2737069 1.6256804 0.4940925 2.1127485 
Preculath_virus_F1097C1F1536            0.0009468 0.0009468 0.0014207 0.0004732 0.0018948 0.0028460 0.0000000 0.0028492 0.0018960 0.0007656 0.0033758 0.0018943 0.0018968 0.0014205 0.0018947 0.0037987 0.0042811 0.0028486 0.2113053 0.2113277 0.2120428 1.2374160 1.2151350 1.2167903 1.2146436 1.2186098 1.2126912 1.2234815 1.2170207 1.1784925 1.2469827 1.2728059 1.6227438 0.4940925 2.1085903 
Preculath_virus_F1097C1F1531            0.0018983 0.0018983 0.0023737 0.0023734 0.0028493 0.0038045 0.0028492 0.0000000 0.0018997 0.0007663 0.0028918 0.0018980 0.0009477 0.0014233 0.0018984 0.0038060 0.0042896 0.0028541 0.2104138 0.2104361 0.2111501 1.2403858 1.2180587 1.2197176 1.2175667 1.2215393 1.2156126 1.2264229 1.2199479 1.1813322 1.2506051 1.2732902 1.6184400 0.4940925 2.1135457 
Preculath_virus_F1097C1F1098            0.0009474 0.0009474 0.0014216 0.0014214 0.0018960 0.0028478 0.0018960 0.0018997 0.0000000 0.0000010 0.0028946 0.0009472 0.0009485 0.0004736 0.0009474 0.0028493 0.0033297 0.0018992 0.2091266 0.2091487 0.2098607 1.2401545 1.2178193 1.2194788 1.2173271 1.2213013 1.2153721 1.2261865 1.2179118 1.1805259 1.2497180 1.2759043 1.6212113 0.4968265 2.1129585 
Preculath_virus_F1097C1F1099            0.0007656 0.0007656 0.0015322 0.0007656 0.0015321 0.0015321 0.0007656 0.0007663 0.0000010 0.0000000 0.0015343 0.0000010 0.0000010 0.0000010 0.0007657 0.0030694 0.0030769 0.0023058 0.2158200 0.2146507 0.2146507 1.4443011 1.4118137 1.4163913 1.4118137 1.4166130 1.4107664 1.4218158 1.4092931 1.4166324 1.4695817 1.5464343 2.0247456 0.8236103 2.6267838 
Preculath_virus_F1097C1F1021            0.0028918 0.0028918 0.0033758 0.0028918 0.0038591 0.0048303 0.0033758 0.0028918 0.0028946 0.0015343 0.0000000 0.0028918 0.0019253 0.0024092 0.0028918 0.0048329 0.0053261 0.0038657 0.1939434 0.1938978 0.1945977 1.2366508 1.2080041 1.2096558 1.2075123 1.2114760 1.2055575 1.2163348 1.2098875 1.1677206 1.2544228 1.2799090 1.5694571 0.5001031 2.1226660 
Preculath_virus_F1097C1F1089            0.0009465 0.0009465 0.0014203 0.0014202 0.0018943 0.0028452 0.0018943 0.0018980 0.0009472 0.0000010 0.0028918 0.0000000 0.0009476 0.0004731 0.0009466 0.0028467 0.0033281 0.0018975 0.2102419 0.2102641 0.2109775 1.2370971 1.2148186 1.2164736 1.2143272 1.2182931 1.2123747 1.2231641 1.2167042 1.1784408 1.2469561 1.2724145 1.6175348 0.4940925 2.1093678 
Preculath_virus_F1097C1F1019            0.0009478 0.0009478 0.0014222 0.0014220 0.0018968 0.0028489 0.0018968 0.0009477 0.0009485 0.0000010 0.0019253 0.0009476 0.0000000 0.0004747 0.0009478 0.0028504 0.0033316 0.0019003 0.2096463 0.2096685 0.2103816 1.2384768 1.2161734 1.2178303 1.2156816 1.2196511 1.2137280 1.2245284 1.2180608 1.1794912 1.2480546 1.2735324 1.6183662 0.4940925 2.1103335 
Preculath_virus_F1097C1F1097            0.0004732 0.0004732 0.0009467 0.0009466 0.0014205 0.0023706 0.0014205 0.0014233 0.0004736 0.0000010 0.0024092 0.0004731 0.0004747 0.0000000 0.0004732 0.0023719 0.0028519 0.0014229 0.2096463 0.2096685 0.2103816 1.2384768 1.2161734 1.2178303 1.2156816 1.2196511 1.2137280 1.2245284 1.2180608 1.1794912 1.2480546 1.2735324 1.6183662 0.4940925 2.1103335 
Preculath_virus_F1097C1F1090            0.0009467 0.0009467 0.0014206 0.0014205 0.0018947 0.0028458 0.0018947 0.0018984 0.0009474 0.0007657 0.0028918 0.0009466 0.0009478 0.0004732 0.0000000 0.0018961 0.0033281 0.0018979 0.2095877 0.2096099 0.2103227 1.2381573 1.2158568 1.2175136 1.2153651 1.2193343 1.2134115 1.2242107 1.2177440 1.1791807 1.2477334 1.2732074 1.6180256 0.4940925 2.1099798 
Preculath_virus_F1097C1F1534            0.0028472 0.0028472 0.0033229 0.0033226 0.0037987 0.0047546 0.0037987 0.0038060 0.0028493 0.0030694 0.0048329 0.0028467 0.0028504 0.0023719 0.0018961 0.0000000 0.0052425 0.0038045 0.2102597 0.2102820 0.2109953 1.2407578 1.2184142 1.2190634 1.2179219 1.2218972 1.2159667 1.2267846 1.2203047 1.1802822 1.2494000 1.2749171 1.6182204 0.4940925 2.1092343 
Preculath_virus_F1097C1F1371            0.0033281 0.0033281 0.0038045 0.0038045 0.0042811 0.0052397 0.0042811 0.0042896 0.0033297 0.0030769 0.0053261 0.0033281 0.0033316 0.0028519 0.0033281 0.0052425 0.0000000 0.0014223 0.2107094 0.2107317 0.2114446 1.2377755 1.2154793 1.2171357 1.2149876 1.2189563 1.2130341 1.2238315 1.2173663 1.1810228 1.2586459 1.2755241 1.6170359 0.4954571 2.1185094 
Preculath_virus_F1097C1F1380            0.0018978 0.0018978 0.0023732 0.0023729 0.0028486 0.0038031 0.0028486 0.0028541 0.0018992 0.0023058 0.0038657 0.0018975 0.0019003 0.0014229 0.0018979 0.0038045 0.0014223 0.0000000 0.2094963 0.2095184 0.2102305 1.2360823 1.2138175 1.2154714 1.2133262 1.2172903 1.2113741 1.2221576 1.2157020 1.1779459 1.2537034 1.2714013 1.6166052 0.4954571 2.1080787 
Reloonsia_virus_F1535C4F1020            0.2103030 0.2103030 0.2109937 0.2106342 0.2108613 0.2124124 0.2113053 0.2104138 0.2091266 0.2158200 0.1939434 0.2102419 0.2096463 0.2096463 0.2095877 0.2102597 0.2107094 0.2094963 0.0000000 0.0019006 0.0023770 1.2272362 1.2119225 1.2156319 1.2117613 1.2152833 1.2084448 1.2167018 1.2110083 1.1773549 1.2315088 1.2307855 1.5795841 0.5184694 2.1775699 
Reloonsia_virus_F1535C4F1535            0.2103252 0.2103252 0.2110161 0.2106566 0.2108836 0.2124350 0.2113277 0.2104361 0.2091487 0.2146507 0.1938978 0.2102641 0.2096685 0.2096685 0.2096099 0.2102820 0.2107317 0.2095184 0.0019006 0.0000000 0.0004740 1.2272887 1.2119701 1.2156808 1.2118089 1.2153320 1.2084914 1.2167510 1.2110556 1.1739953 1.2331480 1.2324270 1.5804070 0.5184694 2.1746766 
Reloonsia_virus_F1535C4F1524            0.2110388 0.2110388 0.2117303 0.2113712 0.2115973 0.2131507 0.2120428 0.2111501 0.2098607 0.2146507 0.1945977 0.2109775 0.2103816 0.2103816 0.2103227 0.2109953 0.2114446 0.2102305 0.0023770 0.0004740 0.0000000 1.2290015 1.2136654 1.2173805 1.2135041 1.2170302 1.2101844 1.2184539 1.2127491 1.1756437 1.2348732 1.2344463 1.5829298 0.5184694 2.1774152 
BK059423_San_Gabriel_mononegavirus      1.2374168 1.2374168 1.2393970 1.2374168 1.2370221 1.2393589 1.2374160 1.2403858 1.2401545 1.4443011 1.2366508 1.2370971 1.2384768 1.2384768 1.2381573 1.2407578 1.2377755 1.2360823 1.2272362 1.2272887 1.2290015 0.0000000 0.0148644 0.0148852 0.0148627 0.0158769 0.0158786 0.0180407 0.0174897 0.6767746 0.8411251 0.8459910 1.7499113 0.5393908 2.3984638 
San_Gabriel_mononegavirus_F1076C1F1350  1.2151365 1.2151365 1.2170812 1.2151365 1.2147594 1.2170502 1.2151350 1.2180587 1.2178193 1.4118137 1.2080041 1.2148186 1.2161734 1.2161734 1.2158568 1.2184142 1.2154793 1.2138175 1.2119225 1.2119701 1.2136654 0.0148644 0.0000000 0.0009787 0.0004885 0.0034285 0.0019564 0.0039538 0.0034495 0.6635238 0.8356596 0.8336406 1.7538986 0.5282033 2.3776813 
San_Gabriel_mononegavirus_F1076C1F1168  1.2167916 1.2167916 1.2187392 1.2167916 1.2164132 1.2187076 1.2167903 1.2197176 1.2194788 1.4163913 1.2096558 1.2164736 1.2178303 1.2178303 1.2175136 1.2190634 1.2171357 1.2154714 1.2156319 1.2156808 1.2173805 0.0148852 0.0009787 0.0000000 0.0004889 0.0034315 0.0019581 0.0039573 0.0034526 0.6654832 0.8364660 0.8356747 1.7498784 0.5282033 2.3802069 
San_Gabriel_mononegavirus_F1076C1F1518  1.2146450 1.2146450 1.2165893 1.2146450 1.2142683 1.2165584 1.2146436 1.2175667 1.2173271 1.4118137 1.2075123 1.2143272 1.2156816 1.2156816 1.2153651 1.2179219 1.2149876 1.2133262 1.2117613 1.2118089 1.2135041 0.0148627 0.0004885 0.0004889 0.0000000 0.0029361 0.0014660 0.0034565 0.0029532 0.6631892 0.8349554 0.8329353 1.7537696 0.5282033 2.3776304 
San_Gabriel_mononegavirus_F1076C1F1076  1.2186111 1.2186111 1.2205605 1.2186111 1.2182315 1.2205283 1.2186098 1.2215393 1.2213013 1.4166130 1.2114760 1.2182931 1.2196511 1.2196511 1.2193343 1.2218972 1.2189563 1.2172903 1.2152833 1.2153320 1.2170302 0.0158769 0.0034285 0.0034315 0.0029361 0.0000000 0.0044097 0.0064358 0.0059235 0.6632064 0.8340318 0.8322366 1.7544973 0.5282033 2.3652742 
San_Gabriel_mononegavirus_F1076C1F1016  1.2126927 1.2126927 1.2146354 1.2126927 1.2123172 1.2146052 1.2126912 1.2156126 1.2153721 1.4107664 1.2055575 1.2123747 1.2137280 1.2137280 1.2134115 1.2159667 1.2130341 1.2113741 1.2084448 1.2084914 1.2101844 0.0158786 0.0019564 0.0019581 0.0014660 0.0044097 0.0000000 0.0039526 0.0034485 0.6600751 0.8314609 0.8294380 1.7519496 0.5282033 2.3814556 
San_Gabriel_mononegavirus_F1076C1F1197  1.2234826 1.2234826 1.2254410 1.2234826 1.2230989 1.2254073 1.2234815 1.2264229 1.2261865 1.4218158 1.2163348 1.2231641 1.2245284 1.2245284 1.2242107 1.2267846 1.2238315 1.2221576 1.2167018 1.2167510 1.2184539 0.0180407 0.0039538 0.0039573 0.0034565 0.0064358 0.0039526 0.0000000 0.0024533 0.6631712 0.8396843 0.8334974 1.7514489 0.5237202 2.4005624 
San_Gabriel_mononegavirus_F1076C1F1345  1.2170221 1.2170221 1.2189695 1.2170221 1.2166436 1.2189379 1.2170207 1.2199479 1.2179118 1.4092931 1.2098875 1.2167042 1.2180608 1.2180608 1.2177440 1.2203047 1.2173663 1.2157020 1.2110083 1.2110556 1.2127491 0.0174897 0.0034495 0.0034526 0.0029532 0.0059235 0.0034485 0.0024533 0.0000000 0.6613095 0.8331686 0.8293715 1.7524889 0.5237202 2.3872929 
Retriended_virus_F1011C1F1011           1.1784951 1.1784951 1.1803771 1.1784951 1.1775603 1.1797699 1.1784925 1.1813322 1.1805259 1.4166324 1.1677206 1.1784408 1.1794912 1.1794912 1.1791807 1.1802822 1.1810228 1.1779459 1.1773549 1.1739953 1.1756437 0.6767746 0.6635238 0.6654832 0.6631892 0.6632064 0.6600751 0.6631712 0.6613095 0.0000000 0.7053614 0.6965239 1.7049827 0.5141266 2.3377531 
MN567480_Primus_virus                   1.2469832 1.2469832 1.2447108 1.2469832 1.2462338 1.2477086 1.2469827 1.2506051 1.2497180 1.4695817 1.2544228 1.2469561 1.2480546 1.2480546 1.2477334 1.2494000 1.2586459 1.2537034 1.2315088 1.2331480 1.2348732 0.8411251 0.8356596 0.8364660 0.8349554 0.8340318 0.8314609 0.8396843 0.8331686 0.7053614 0.0000000 0.1972596 1.6934274 0.4777772 2.3700694 
OL700129_XiangYun_mono-chu-like_virus_4 1.2724320 1.2724320 1.2701089 1.2724320 1.2721944 1.2737069 1.2728059 1.2732902 1.2759043 1.5464343 1.2799090 1.2724145 1.2735324 1.2735324 1.2732074 1.2749171 1.2755241 1.2714013 1.2307855 1.2324270 1.2344463 0.8459910 0.8336406 0.8356747 0.8329353 0.8322366 0.8294380 0.8334974 0.8293715 0.6965239 0.1972596 0.0000000 1.7225802 0.5250410 2.4397183 
MN661034_Atrato_Rhabdo-like_virus_3     1.6206160 1.6206160 1.6231707 1.6223259 1.6190992 1.6256804 1.6227438 1.6184400 1.6212113 2.0247456 1.5694571 1.6175348 1.6183662 1.6183662 1.6180256 1.6182204 1.6170359 1.6166052 1.5795841 1.5804070 1.5829298 1.7499113 1.7538986 1.7498784 1.7537696 1.7544973 1.7519496 1.7514489 1.7524889 1.7049827 1.6934274 1.7225802 0.0000000 0.5373680 2.4533656 
ON955251_Joutseno_rhabdovirus_1         0.4940925 0.4940925 0.4940925 0.4940925 0.4940925 0.4940925 0.4940925 0.4940925 0.4968265 0.8236103 0.5001031 0.4940925 0.4940925 0.4940925 0.4940925 0.4940925 0.4954571 0.4954571 0.5184694 0.5184694 0.5184694 0.5393908 0.5282033 0.5282033 0.5282033 0.5282033 0.5282033 0.5237202 0.5237202 0.5141266 0.4777772 0.5250410 0.5373680 0.0000000 0.7735680 
NC_031276_Wuhan_Ant_Virus               2.1085777 2.1085777 2.1047336 2.1085777 2.1075475 2.1127485 2.1085903 2.1135457 2.1129585 2.6267838 2.1226660 2.1093678 2.1103335 2.1103335 2.1099798 2.1092343 2.1185094 2.1080787 2.1775699 2.1746766 2.1774152 2.3984638 2.3776813 2.3802069 2.3776304 2.3652742 2.3814556 2.4005624 2.3872929 2.3377531 2.3700694 2.4397183 2.4533656 0.7735680 0.0000000 
