144
Quang_Binh_virus_F1449C1F1466               0.0000000 0.0061715 0.0096826 0.0120191 0.1161262 0.9220973 0.9326888 0.9322983 0.9318031 0.4017244 1.9203512 0.9164114 1.9061593 1.8342612 1.9737861 0.0661109 1.9019280 0.0061325 0.4888873 1.9218140 1.9525973 1.9490607 1.9493610 0.0651350 1.9405086 1.9405086 0.3916192 0.0278438 0.4835777 0.4836746 0.4843416 1.7624461 0.4841762 0.0278551 1.8910881 1.8883853 1.9650522 0.4864878 0.4829155 1.8989128 1.6906763 0.0282967 0.0057502 0.4004138 0.4822222 0.4876317 0.0274672 0.4015131 0.3996229 1.7947521 1.7815506 1.7589642 1.9458065 1.9493604 1.9471872 1.9400843 1.9414530 1.9428878 1.9455671 1.9355627 1.9507483 1.9359289 1.9347249 1.9067161 1.9080611 1.8967809 0.1372413 0.4861837 0.4825705 1.9416317 1.7449355 1.7463944 0.4812420 0.4860349 0.4843591 1.9006232 0.9578218 0.9491956 1.7483294 1.7588210 1.7552467 1.7586417 1.7677088 1.7656943 1.7642936 1.7705400 0.4843591 0.3953337 0.3937900 0.3948388 0.3926214 0.4839157 1.0326731 1.7820953 1.7883172 0.4832789 1.8853467 0.4832666 1.7760923 0.9201311 1.8438456 1.8834147 2.0407326 1.8905425 0.4796679 0.9451579 0.4923958 0.4858746 0.4835242 0.4908766 0.4908443 0.4890904 1.9632000 0.3996026 0.3966277 1.9694545 1.0095431 0.4814284 0.4845147 0.4867261 0.4815598 0.4790509 0.4761951 1.9441553 1.9437757 1.9806055 2.1526207 1.9403909 1.9436288 1.9394649 1.9229744 1.8821891 0.5211210 0.1370104 0.4883188 0.4845545 0.4844221 0.4861742 0.4839824 0.4861742 0.4844221 0.4837361 0.4861449 2.4522846 
Quang_Binh_virus_F1449C1F1449               0.0061715 0.0000000 0.0115597 0.0142552 0.1143226 0.9084862 0.9181568 0.9177995 0.9172940 0.4013467 1.9004220 0.9046021 1.8868513 1.7982001 1.9522345 0.0677354 1.8610403 0.0072313 0.4808018 1.8862306 1.9218420 1.9183724 1.9186715 0.0667686 1.9187262 1.9187262 0.3834102 0.0288320 0.4755863 0.4756759 0.4763336 1.7298241 0.4761882 0.0276504 1.8505237 1.8454225 1.9243890 0.4784534 0.4731357 1.8576603 1.6636300 0.0284853 0.0060909 0.3947991 0.4743897 0.4795636 0.0272654 0.3958851 0.3940315 1.7561977 1.7406667 1.7270085 1.9152621 1.9173450 1.9149868 1.9097296 1.9110757 1.9138882 1.9150642 1.9091690 1.9200499 1.9018119 1.9063168 1.8695667 1.8807366 1.8572540 0.1365324 0.4781582 0.4747279 1.9089561 1.7150479 1.7122840 0.4734185 0.4779962 0.4756759 1.8804766 0.9519348 0.9434330 1.7178349 1.7237292 1.7210773 1.7243650 1.7331212 1.7330108 1.7316567 1.7363580 0.4756759 0.3896649 0.3881517 0.3891824 0.3869984 0.4759182 1.0096755 1.7471580 1.7526274 0.4751231 1.8611834 0.4754128 1.7453993 0.9082357 1.8075035 1.8423045 2.0067316 1.8499590 0.4716917 0.9394498 0.4847608 0.4767567 0.4755462 0.4832540 0.4832309 0.4814883 1.9407321 0.3936517 0.3907329 1.9355321 0.9955144 0.4736115 0.4765025 0.4786907 0.4737364 0.4708573 0.4680415 1.9138512 1.9133637 1.9267547 2.1115379 1.9100328 1.9133761 1.9091380 1.8873606 1.8411220 0.5137342 0.1363027 0.4800883 0.4765403 0.4764112 0.4781383 0.4759838 0.4781383 0.4764112 0.4757345 0.4781021 2.4107627 
Quang_Binh_virus_F1449C1F1110               0.0096826 0.0115597 0.0000000 0.0134932 0.1188351 0.9055752 0.9155794 0.9152276 0.9147197 0.4018139 1.8986646 0.8983415 1.8848562 1.7988620 1.9531377 0.0701386 1.8568997 0.0122500 0.4875127 1.8773352 1.9121657 1.9087050 1.9090047 0.0691714 1.9157766 1.9157766 0.3910005 0.0336731 0.4822607 0.4823556 0.4830158 1.7429157 0.4823028 0.0332849 1.8496128 1.8438392 1.9257699 0.4845415 0.4777026 1.8586030 1.6550065 0.0341347 0.0114848 0.3973224 0.4766876 0.4862699 0.0328987 0.3980933 0.3965487 1.7587088 1.7394590 1.7193329 1.9055066 1.9084766 1.9041854 1.8999047 1.9012483 1.9027752 1.9062349 1.8976972 1.9103851 1.8922358 1.8948597 1.8654110 1.8708158 1.8524952 0.1391401 0.4839497 0.4773639 1.9015328 1.7106565 1.7116400 0.4760516 0.4846906 0.4830331 1.8840706 0.9456800 0.9372236 1.7283904 1.7387329 1.7352140 1.7385387 1.7462257 1.7461211 1.7458957 1.7508762 0.4830331 0.3916195 0.3901019 0.3908536 0.3889480 0.4825950 1.0070241 1.7445042 1.7505559 0.4780626 1.8554592 0.4780507 1.7446973 0.9019502 1.8081983 1.8390288 1.9962613 1.8490477 0.4744966 0.9332579 0.4894867 0.4821464 0.4802340 0.4879808 0.4879522 0.4862126 1.9390890 0.3950018 0.3928949 1.9256555 0.9870985 0.4762419 0.4831868 0.4853770 0.4760333 0.4738891 0.4710666 1.9040027 1.9035335 1.9193432 2.0997056 1.9002078 1.9035423 1.8993317 1.8784623 1.8378483 0.5193694 0.1389125 0.4861906 0.4832260 0.4830952 0.4848294 0.4820621 0.4848294 0.4830952 0.4824161 0.4847991 2.3922941 
Quang_Binh_virus_F1449C1F1108               0.0120191 0.0142552 0.0134932 0.0000000 0.1163757 0.9095404 0.9191137 0.9204544 0.9199530 0.4010010 1.8963873 0.9024083 1.8839365 1.8099534 1.9549997 0.0708818 1.8705644 0.0141667 0.4834066 1.8898075 1.9295667 1.9261621 1.9264604 0.0699168 1.9177721 1.9177721 0.3900835 0.0336450 0.4785713 0.4786630 0.4793196 1.7493202 0.4791679 0.0336648 1.8632427 1.8569381 1.9368048 0.4814347 0.4770706 1.8732794 1.6684233 0.0336906 0.0137850 0.3961007 0.4760610 0.4825498 0.0332789 0.3974696 0.3956177 1.7735905 1.7598116 1.7322640 1.9228884 1.9242087 1.9203850 1.9151161 1.9164626 1.9200924 1.9228193 1.9160039 1.9277668 1.9095409 1.9131460 1.8867021 1.8766557 1.8667621 0.1384730 0.4808484 0.4767337 1.9188511 1.7244546 1.7258909 0.4754273 0.4809822 0.4793365 1.8899256 0.9506575 0.9421882 1.7348313 1.7451539 1.7416403 1.7442441 1.7537347 1.7536342 1.7522624 1.7583889 0.4793365 0.3919266 0.3893569 0.3901066 0.3882053 0.4789032 1.0074966 1.7606408 1.7686267 0.4774291 1.8577965 0.4774173 1.7590453 0.9060248 1.8193070 1.8521071 2.0152647 1.8626873 0.4737323 0.9382194 0.4863227 0.4808371 0.4785265 0.4853690 0.4853436 0.4836077 1.9363268 0.3955404 0.3926203 1.9436221 0.9878910 0.4756174 0.4794889 0.4816709 0.4754096 0.4731279 0.4703179 1.9192480 1.9187506 1.9401812 2.1178047 1.9154190 1.9187651 1.9145211 1.8909382 1.8509199 0.5216455 0.1382456 0.4830710 0.4795272 0.4793978 0.4811224 0.4789687 0.4811224 0.4793978 0.4787222 0.4807112 2.4174954 
Quang_Binh_virus_F1407C2F1407               0.1161262 0.1143226 0.1188351 0.1163757 0.0000000 0.9119652 0.9272193 0.9273346 0.9278618 0.4154991 1.9263439 0.9115392 1.9083989 1.8213882 1.9736328 0.1114797 1.8793683 0.1144864 0.4842097 1.8766691 1.9414664 1.9367864 1.9370831 0.1111214 1.9341046 1.9341046 0.4037305 0.1159774 0.4784377 0.4796018 0.4789002 1.7822877 0.4790799 0.1166956 1.8718793 1.8596569 1.9385513 0.4813526 0.4760921 1.8815284 1.6814660 0.1173314 0.1137242 0.4074514 0.4739679 0.4824269 0.1165319 0.4085018 0.4060896 1.7622073 1.7480425 1.7241430 1.9385566 1.9303281 1.9262690 1.9257180 1.9265894 1.9337548 1.9336089 1.9330422 1.9388722 1.9214140 1.9319930 1.8821052 1.8728336 1.8683135 0.1478940 0.4805069 0.4746462 1.9320427 1.7135304 1.7177479 0.4772927 0.4814044 0.4802775 1.8872304 0.9420129 0.9333819 1.7687964 1.7781294 1.7745876 1.7779687 1.7830351 1.7853229 1.7839413 1.7881308 0.4802775 0.4040123 0.4027350 0.4034958 0.4015784 0.4797511 0.9974852 1.7344910 1.7358427 0.4750216 1.8601242 0.4781915 1.8001024 0.9142542 1.8307308 1.8548489 2.0386708 1.8710751 0.4755462 0.9294721 0.4877423 0.4800153 0.4791799 0.4854253 0.4861638 0.4837341 1.9762492 0.4061449 0.4043613 1.9610807 0.9868854 0.4756603 0.4809449 0.4812446 0.4733165 0.4726078 0.4697857 1.9328189 1.9293509 1.9583214 2.1239471 1.9262637 1.9219612 1.9287197 1.8777886 1.8555057 0.5240282 0.1476387 0.4844054 0.4805157 0.4803720 0.4808608 0.4801474 0.4808608 0.4803720 0.4796944 0.4815053 2.3845221 
Palm_Creek_virus_F1616C2F1616               0.9220973 0.9084862 0.9055752 0.9095404 0.9119652 0.0000000 0.1300316 0.1291837 0.1301058 0.9811330 1.9415929 0.1587407 1.9283009 1.7647399 1.9733832 0.9323920 1.8755660 0.9140178 0.9519687 1.8590892 1.8850584 1.8758155 1.8765250 0.9318913 1.9850646 1.9850646 0.9583200 0.9183551 0.9471362 0.9469982 0.9469982 1.7455549 0.9517019 0.9206940 1.8657225 1.8681961 1.9121033 0.9562201 0.9450949 1.8702882 1.6268537 0.9187066 0.9117996 0.9730807 0.9405132 0.9480919 0.9199622 0.9653750 0.9640625 1.7460276 1.6868315 1.7174558 1.8892104 1.8732787 1.8675493 1.8681243 1.8646183 1.8690181 1.8761194 1.8704601 1.8701088 1.8680980 1.8672168 1.8617814 1.9378859 1.8726466 0.9230347 0.9523049 0.9447086 1.8632042 1.7022870 1.7067154 0.9466115 0.9505389 0.9464567 1.8986174 0.7968666 0.7887101 1.7643619 1.7578482 1.7563851 1.7600533 1.7528314 1.7497368 1.7509272 1.7522375 0.9464567 0.9470993 0.9489882 0.9511837 0.9495743 0.9491678 0.4847467 1.7197767 1.7126834 0.9472669 1.7940871 0.9478938 1.7628646 0.1586749 1.7675912 1.8635397 1.9632905 1.8683130 0.9466064 0.7867393 0.9641208 0.9506696 0.9514479 0.9571349 0.9586870 0.9606699 1.9951097 0.9617516 0.9538542 1.8885390 0.4772906 0.9431420 0.9491853 0.9524742 0.9415417 0.9449692 0.9424968 1.8734026 1.8665651 1.9076566 2.0459427 1.8729769 1.8662813 1.8653585 1.8616618 1.8661079 0.9974450 0.9272128 0.9520201 0.9473410 0.9472799 0.9504989 0.9519654 0.9504989 0.9472799 0.9481167 0.9479606 2.3709976 
Palm_Creek_virus_F1392C1F1551               0.9326888 0.9181568 0.9155794 0.9191137 0.9272193 0.1300316 0.0000000 0.0053252 0.0041808 0.9836585 1.9517641 0.1094626 1.9511088 1.7871769 1.9657265 0.9552546 1.8728312 0.9222358 0.9498827 1.8624248 1.8694613 1.8681840 1.8688913 0.9531786 2.0066372 2.0066372 0.9671730 0.9246041 0.9432119 0.9443622 0.9443622 1.7410987 0.9506633 0.9259806 1.8579738 1.8629326 1.9068912 0.9553485 0.9390989 1.8594776 1.6092984 0.9264159 0.9203843 0.9765548 0.9357689 0.9428614 0.9265384 0.9707203 0.9693996 1.6970212 1.6550660 1.6759422 1.8700017 1.8551982 1.8551248 1.8500784 1.8465942 1.8574818 1.8578148 1.8586224 1.8549434 1.8507795 1.8529702 1.8435411 1.9208219 1.8665020 0.9238341 0.9508485 0.9386800 1.8528815 1.6764805 1.6808865 0.9413514 0.9453282 0.9438229 1.8690027 0.7950093 0.7874126 1.7574831 1.7508711 1.7494073 1.7525052 1.7480124 1.7435363 1.7447268 1.7476785 0.9438229 0.9527071 0.9540604 0.9539971 0.9524148 0.9452380 0.4635922 1.6825641 1.6776711 0.9423526 1.7785437 0.9426240 1.7708576 0.1110742 1.7875054 1.8580488 1.9460140 1.8620245 0.9399535 0.7854578 0.9593165 0.9461978 0.9493310 0.9493461 0.9501033 0.9525009 2.0008677 0.9642612 0.9565248 1.8768110 0.4567996 0.9359734 0.9459484 0.9485318 0.9367896 0.9396252 0.9387950 1.8549563 1.8485248 1.8999282 2.0301433 1.8549049 1.8491232 1.8466434 1.8653507 1.8589249 1.0175728 0.9299340 0.9526605 0.9454337 0.9454433 0.9482642 0.9517356 0.9482642 0.9454433 0.9444842 0.9448018 2.3481344 
Palm_Creek_virus_F1392C1F1392               0.9322983 0.9177995 0.9152276 0.9204544 0.9273346 0.1291837 0.0053252 0.0000000 0.0026577 0.9866103 1.9572562 0.1098324 1.9565995 1.7934857 1.9631900 0.9521026 1.8698622 0.9218722 0.9515735 1.8646613 1.8665129 1.8653944 1.8661002 0.9500330 2.0055417 2.0055417 0.9688052 0.9242354 0.9443663 0.9455172 0.9455172 1.7463127 0.9518324 0.9256087 1.8550431 1.8604030 1.9081244 0.9565262 0.9411109 1.8565123 1.6090154 0.9242653 0.9200245 0.9794834 0.9377696 0.9440146 0.9261654 0.9736292 0.9723028 1.7026357 1.6594732 1.6796662 1.8657572 1.8504880 1.8504096 1.8453833 1.8419088 1.8541815 1.8550463 1.8553230 1.8507461 1.8480228 1.8502086 1.8432107 1.9221126 1.8635546 0.9201023 0.9520172 0.9406906 1.8495939 1.6806081 1.6850139 0.9433703 0.9464858 0.9449766 1.8732483 0.7971957 0.7895818 1.7577910 1.7547586 1.7532916 1.7563989 1.7518937 1.7487578 1.7499528 1.7529127 0.9449766 0.9560277 0.9573860 0.9573243 0.9557372 0.9463959 0.4622753 1.6866727 1.6827643 0.9443755 1.7823576 0.9446474 1.7756060 0.1114470 1.7941285 1.8555322 1.9438805 1.8590838 0.9419708 0.7876237 0.9605039 0.9473572 0.9504969 0.9505153 0.9512729 0.9536759 2.0077968 0.9668335 0.9598603 1.8748624 0.4567027 0.9379753 0.9471068 0.9496965 0.9387942 0.9416392 0.9408068 1.8502438 1.8438331 1.8939959 2.0242215 1.8501974 1.8444290 1.8419581 1.8675902 1.8564073 1.0193786 0.9261894 0.9538340 0.9465913 0.9466008 0.9494286 0.9529065 0.9494286 0.9466008 0.9456404 0.9464782 2.3477723 
Palm_Creek_virus_F1392C1F1225               0.9318031 0.9172940 0.9147197 0.9199530 0.9278618 0.1301058 0.0041808 0.0026577 0.0000000 0.9838662 1.9522183 0.1093608 1.9519513 1.7915653 1.9659990 0.9533703 1.8760930 0.9213735 0.9519953 1.8639353 1.8711240 1.8699935 1.8707018 0.9512971 2.0109268 2.0109268 0.9681230 0.9237388 0.9447906 0.9459405 0.9459405 1.7429815 0.9522543 0.9251129 1.8612184 1.8665958 1.9080796 0.9569464 0.9402482 1.8627582 1.6073886 0.9237680 0.9195240 0.9767573 0.9369111 0.9444388 0.9256703 0.9709184 0.9695967 1.7023446 1.6577494 1.6816975 1.8703732 1.8550263 1.8549527 1.8499035 1.8464173 1.8587505 1.8608847 1.8598912 1.8553041 1.8525676 1.8547614 1.8452509 1.9197635 1.8690586 0.9219005 0.9524388 0.9400172 1.8541439 1.6799250 1.6843361 0.9425051 0.9469090 0.9453999 1.8718497 0.7974396 0.7898252 1.7579481 1.7527666 1.7513010 1.7544039 1.7504497 1.7454224 1.7466148 1.7495701 0.9453999 0.9533654 0.9547204 0.9546574 0.9530734 0.9468194 0.4627749 1.6859969 1.6820859 0.9435088 1.7814981 0.9437805 1.7732086 0.1109733 1.7918952 1.8617067 1.9476024 1.8652735 0.9411060 0.7878672 0.9609236 0.9477802 0.9509190 0.9509386 0.9516957 0.9540981 2.0026164 0.9649336 0.9571880 1.8782647 0.4562737 0.9371164 0.9475298 0.9501190 0.9379343 0.9407758 0.9399442 1.8547841 1.8483490 1.9003699 2.0307916 1.8547329 1.8489477 1.8464983 1.8668648 1.8625817 1.0173639 0.9279974 0.9542555 0.9470145 0.9470239 0.9498513 0.9533279 0.9498513 0.9470239 0.9460640 0.9469013 2.3472633 
NC_040682_Culex_theileri_flavivirus         0.4017244 0.4013467 0.4018139 0.4010010 0.4154991 0.9811330 0.9836585 0.9866103 0.9838662 0.0000000 1.9798428 0.9816954 1.9626305 1.8028639 1.9909215 0.4038952 1.8813024 0.4018133 0.4636213 1.8315980 1.9201359 1.9085131 1.9088104 0.4043758 1.9816002 1.9816002 0.2967736 0.4139020 0.4591909 0.4613177 0.4609851 1.8299521 0.4630510 0.4150334 1.8712401 1.8678725 1.9166003 0.4660362 0.4584265 1.8886407 1.6240181 0.4130402 0.4011696 0.0300377 0.4572156 0.4627512 0.4140385 0.0288630 0.0275873 1.8328038 1.8028185 1.8045330 1.9260473 1.9157910 1.9198215 1.9074295 1.9084248 1.9039159 1.9055230 1.8944982 1.9155141 1.9018226 1.8968987 1.9098066 1.9810878 1.8766837 0.4070553 0.4627521 0.4605748 1.9070799 1.7875549 1.7921873 0.4599156 0.4609517 0.4610372 1.9181347 1.0142441 1.0039947 1.8245987 1.8303950 1.8267700 1.8301636 1.8403293 1.8327500 1.8311453 1.8388884 0.4610372 0.0536536 0.0535314 0.0543457 0.0527070 0.4602826 1.0599912 1.8129385 1.8165754 0.4615172 1.8874989 0.4609645 1.7919595 0.9840153 1.8095551 1.8637738 1.9981885 1.8715440 0.4569053 1.0005038 0.4640393 0.4614803 0.4601876 0.4628559 0.4642636 0.4631172 2.0323192 0.0549551 0.0535497 1.9328681 1.0641952 0.4582517 0.4614706 0.4626682 0.4565787 0.4542814 0.4536149 1.9103085 1.9110374 1.8913345 2.1030165 1.9101835 1.9063799 1.9076264 1.8304198 1.8619051 0.5036710 0.4062432 0.4661683 0.4608891 0.4607662 0.4621545 0.4629035 0.4621545 0.4607662 0.4609520 0.4609991 2.4331142 
NC_034242_Ochlerotatus_caspius_flavivirus   1.9203512 1.9004220 1.8986646 1.8963873 1.9263439 1.9415929 1.9517641 1.9572562 1.9522183 1.9798428 0.0000000 1.9508462 0.0236424 1.9601313 0.3664750 1.9071613 1.5788421 1.9038780 1.9166448 1.5428177 1.5947754 1.5823062 1.5821379 1.9078750 0.3661036 0.3661036 1.9790153 1.8996033 1.9112105 1.9054086 1.9054086 1.9946883 1.9063088 1.9050868 1.5855783 1.5800262 1.5438464 1.9111421 1.9138242 1.5935625 1.9049540 1.9012086 1.9072303 1.9359879 1.8943941 1.9177111 1.9020023 1.9418049 1.9358159 2.1000157 2.0409817 1.9898696 1.5940369 1.5831766 1.5875718 1.5804502 1.5807274 1.5847320 1.5769161 1.5762623 1.5969000 1.5766880 1.5785163 1.9476360 1.5341089 1.5725592 1.9038204 1.9144942 1.9047742 1.5769764 1.9905588 1.9961381 1.9100697 1.9070518 1.9040191 1.4621228 1.8949965 1.8848404 2.0031550 1.9989433 2.0001626 2.0039963 2.0019154 1.9998161 2.0037611 2.0027517 1.9040191 1.9153564 1.9112253 1.9111508 1.9125112 1.9093291 1.8777189 2.0551454 2.0545606 1.8936293 1.4038452 1.9113457 1.9589039 1.9532766 1.9578976 1.5789707 1.6491253 1.5864010 1.9161658 1.8805901 1.9338184 1.9095443 1.9073932 1.9166615 1.9168941 1.9159986 0.0113397 1.9351640 1.9185837 1.5961153 1.8711476 1.8980093 1.9053020 1.9226575 1.8961078 1.9093767 1.9053864 1.5825105 1.5843595 1.5768673 1.6754403 1.5814093 1.5773358 1.5800853 1.5437473 1.5771957 1.9852351 1.8996769 1.9194977 1.9055988 1.9050372 1.9060353 1.9024335 1.9060353 1.9050372 1.9038147 1.9102914 2.4616538 
NC_033694_Palm_Creek_virus                  0.9164114 0.9046021 0.8983415 0.9024083 0.9115392 0.1587407 0.1094626 0.1098324 0.1093608 0.9816954 1.9508462 0.0000000 1.9463073 1.7991732 1.9914777 0.9363406 1.8509654 0.9070624 0.9462127 1.8467229 1.8709513 1.8763149 1.8770259 0.9342835 2.0138916 2.0138916 0.9543434 0.9111007 0.9400496 0.9423653 0.9423653 1.7359001 0.9475653 0.9134297 1.8411040 1.8458714 1.9158203 0.9522375 0.9358210 1.8396285 1.6397156 0.9128891 0.9048438 0.9741073 0.9319509 0.9410034 0.9130100 0.9694021 0.9680833 1.6983536 1.6520975 1.6677481 1.8706918 1.8606354 1.8577630 1.8557460 1.8525981 1.8604403 1.8685163 1.8618464 1.8595666 1.8612290 1.8561764 1.8550812 1.9272848 1.8443465 0.9234698 0.9483776 0.9361336 1.8612503 1.6631066 1.6697699 0.9362628 0.9431045 0.9418278 1.8724083 0.8045402 0.7961897 1.7537579 1.7472698 1.7458098 1.7490086 1.7421488 1.7396977 1.7408831 1.7436655 0.9418278 0.9470361 0.9483849 0.9507383 0.9467399 0.9420707 0.4671316 1.6784815 1.6788646 0.9385132 1.7751638 0.9387844 1.7693385 0.0038226 1.8003344 1.8412655 1.9518556 1.8451198 0.9375874 0.7955824 0.9595238 0.9441946 0.9473892 0.9495747 0.9511240 0.9527227 1.9931076 0.9609683 0.9535460 1.8833812 0.4524390 0.9321540 0.9439465 0.9453533 0.9329674 0.9351115 0.9353356 1.8560214 1.8541882 1.8950091 2.0253203 1.8585277 1.8550191 1.8525960 1.8492998 1.8422099 0.9977262 0.9275399 0.9511892 0.9439177 0.9438575 0.9451859 0.9488078 0.9451859 0.9438575 0.9428999 0.9433948 2.3433946 
NC_030401_Hanko_virus                       1.9061593 1.8868513 1.8848562 1.8839365 1.9083989 1.9283009 1.9511088 1.9565995 1.9519513 1.9626305 0.0236424 1.9463073 0.0000000 1.9624556 0.3643140 1.8854168 1.5808527 1.8905454 1.9081310 1.5410222 1.5921316 1.5790371 1.5788697 1.8872553 0.3605113 0.3605113 1.9695748 1.8834618 1.9051770 1.8969286 1.8969286 1.9854158 1.8978387 1.8889137 1.5875843 1.5820404 1.5332434 1.9026475 1.9056118 1.5951359 1.9175406 1.8850564 1.8938684 1.9192381 1.8862218 1.9092202 1.8856106 1.9240861 1.9181581 2.0828210 2.0299561 1.9731506 1.5913927 1.5805845 1.5823079 1.5778668 1.5784524 1.5843678 1.5759091 1.5726347 1.5942503 1.5741110 1.5748775 1.9386914 1.5330156 1.5741459 1.8926455 1.9068760 1.8965785 1.5785662 1.9797719 1.9853160 1.9018659 1.8985790 1.8955440 1.4561456 1.8997284 1.8895636 1.9899659 1.9859112 1.9871248 1.9909245 1.9880691 1.9905324 1.9922036 1.9934496 1.8955440 1.8946211 1.8905514 1.8904733 1.8918301 1.9008625 1.8744929 2.0416539 2.0412908 1.8884948 1.3988535 1.9031402 1.9525376 1.9487257 1.9607218 1.5809844 1.6491147 1.5884064 1.9080697 1.8853128 1.9261926 1.9021050 1.8999522 1.9115060 1.9117456 1.9132964 0.0270268 1.9152594 1.8993002 1.5936683 1.8673745 1.8898276 1.8968263 1.9141541 1.8879295 1.9011702 1.8971919 1.5799206 1.5817644 1.5741826 1.6722727 1.5788228 1.5747675 1.5773722 1.5419490 1.5792103 1.9752419 1.8909431 1.9118652 1.8971252 1.8965649 1.8992080 1.8939793 1.8992080 1.8965649 1.8953422 1.9018042 2.4551761 
NC_027819_Mercadeo_virus                    1.8342612 1.7982001 1.7988620 1.8099534 1.8213882 1.7647399 1.7871769 1.7934857 1.7915653 1.8028639 1.9601313 1.7991732 1.9624556 0.0000000 1.9382177 1.8069841 1.8929138 1.8105213 1.7556020 1.8985889 1.9303862 1.9267401 1.9265399 1.8082555 1.8616652 1.8616652 1.8011267 1.8091245 1.7400740 1.7425847 1.7427299 0.9846187 1.7451938 1.8150748 1.8933646 1.8922330 1.9070643 1.7511714 1.7560423 1.8776791 0.9875800 1.8136748 1.8039665 1.7607801 1.7446617 1.7417954 1.8124773 1.7680100 1.7609841 2.0031338 1.9753278 1.9933448 1.9269836 1.9101954 1.9111762 1.9025362 1.9006054 1.9117012 1.9378634 1.9241903 1.9244988 1.9240475 1.9253335 1.8794754 1.9820678 1.8820136 1.7987734 1.7482437 1.7512851 1.9106479 1.9795057 1.9840585 1.7535702 1.7417979 1.7425847 1.9922527 1.8981058 1.8887140 0.9961187 0.9834628 0.9852263 0.9839669 0.9857844 0.9794596 0.9804188 0.9826742 1.7425847 1.7596794 1.7579753 1.7601926 1.7587487 1.7396042 1.8090612 2.0099525 2.0197372 1.7486636 1.8946856 1.7573959 0.3975400 1.7990825 0.0051711 1.8880379 2.0116549 1.8945800 1.7447521 1.8843592 1.7565209 1.7450451 1.7439555 1.7542710 1.7556865 1.7552881 1.9803265 1.7697077 1.7595918 1.9285972 1.8198412 1.7479565 1.7466577 1.7483814 1.7462091 1.7430283 1.7467541 1.9072494 1.9044548 1.8934071 2.0376796 1.9018641 1.9022921 1.8997097 1.8997367 1.8861902 1.7757296 1.7987667 1.7481734 1.7435767 1.7418018 1.7477124 1.7460364 1.7477124 1.7418018 1.7422013 1.7480265 2.4851826 
NC_027817_Parramatta_River_virus            1.9737861 1.9522345 1.9531377 1.9549997 1.9736328 1.9733832 1.9657265 1.9631900 1.9659990 1.9909215 0.3664750 1.9914777 0.3643140 1.9382177 0.0000000 1.9547246 1.5484629 1.9551146 1.8491537 1.5544215 1.5806448 1.5825473 1.5823771 1.9498149 0.3920783 0.3920783 1.9632173 1.9500365 1.8425435 1.8366847 1.8378411 1.9506813 1.8419384 1.9533480 1.5458350 1.5430758 1.4833912 1.8446162 1.8594479 1.5515143 1.8937075 1.9482596 1.9540869 1.9532156 1.8358557 1.8467405 1.9489323 1.9554396 1.9523377 2.0697716 1.9819255 1.9727658 1.5783385 1.5748627 1.5802096 1.5711454 1.5715219 1.5761085 1.5760876 1.5728357 1.5792006 1.5700311 1.5746006 1.9448167 1.4826929 1.5363060 1.9506136 1.8543297 1.8432039 1.5654087 1.9682348 1.9680301 1.8483756 1.8362457 1.8352027 1.4412657 1.9112456 1.9008294 1.9650966 1.9665569 1.9647009 1.9673629 1.9573942 1.9534954 1.9572639 1.9587116 1.8352027 1.9279963 1.9279450 1.9275267 1.9292378 1.8399456 1.9385047 2.0035886 1.9974660 1.8354619 1.3965550 1.8513331 1.9979968 1.9912869 1.9455959 1.5403870 1.6436406 1.5488309 1.8521083 1.8941423 1.8581120 1.8471481 1.8436759 1.8482840 1.8460177 1.8479196 0.3678699 1.9470486 1.9377004 1.5870543 1.9110709 1.8385279 1.8393530 1.8518493 1.8375269 1.8482004 1.8436526 1.5735037 1.5721134 1.5804426 1.6752559 1.5733420 1.5699604 1.5702801 1.5534865 1.5409109 1.9581114 1.9549697 1.8576963 1.8379785 1.8374348 1.8419697 1.8389913 1.8419697 1.8374348 1.8362251 1.8423551 2.4107383 
NC_021069_Mosquito_flavivirus               0.0661109 0.0677354 0.0701386 0.0708818 0.1114797 0.9323920 0.9552546 0.9521026 0.9533703 0.4038952 1.9071613 0.9363406 1.8854168 1.8069841 1.9547246 0.0000000 1.9004979 0.0664728 0.4890441 1.9202925 1.9604736 1.9551964 1.9554912 0.0022669 1.9222419 1.9222419 0.3881930 0.0632674 0.4831057 0.4850011 0.4856592 1.7792980 0.4835825 0.0641035 1.8898443 1.8850849 1.9548841 0.4858163 0.4851805 1.8984875 1.6876065 0.0637204 0.0669174 0.3996303 0.4845040 0.4871027 0.0637147 0.4018352 0.3986903 1.7605028 1.7324685 1.7113765 1.9537147 1.9590074 1.9556436 1.9496023 1.9509509 1.9590853 1.9548805 1.9454275 1.9586480 1.9363011 1.9422956 1.8943939 1.8973105 1.8911292 0.1386329 0.4857839 0.4857525 1.9544883 1.7013781 1.7034988 0.4840132 0.4855283 0.4856766 1.8796617 0.9541321 0.9489763 1.7625614 1.7729365 1.7693988 1.7727715 1.7828736 1.7825078 1.7811134 1.7873189 0.4856766 0.3917414 0.3902268 0.3912575 0.3890753 0.4840544 1.0489728 1.7365899 1.7416854 0.4861303 1.8687256 0.4860151 1.7787711 0.9403563 1.8165889 1.8804392 2.0550253 1.8893070 0.4829956 0.9421670 0.4902193 0.4848311 0.4828937 0.4901489 0.4901179 0.4883861 1.9431823 0.3958349 0.3934856 1.9801030 1.0253919 0.4838147 0.4852202 0.4870834 0.4838492 0.4827173 0.4798823 1.9559115 1.9532386 1.9488511 2.1551187 1.9501506 1.9560746 1.9489865 1.9214329 1.8789977 0.5204767 0.1380389 0.4871584 0.4853386 0.4852077 0.4864120 0.4820025 0.4864120 0.4852077 0.4845309 0.4863385 2.3934212 
NC_012932_Aedes_flavivirus                  1.9019280 1.8610403 1.8568997 1.8705644 1.8793683 1.8755660 1.8728312 1.8698622 1.8760930 1.8813024 1.5788421 1.8509654 1.5808527 1.8929138 1.5484629 1.9004979 0.0000000 1.8734136 1.8155587 0.4320857 0.4929708 0.5062669 0.5056007 1.9000098 1.5683199 1.5683199 1.8877960 1.8919709 1.8086584 1.8065695 1.8063924 1.9159904 1.8111395 1.8920773 0.0064483 0.0180523 1.3501679 1.8122627 1.8245702 0.0085025 1.8364410 1.8929743 1.8668970 1.8428773 1.8127086 1.8187482 1.8911225 1.8537972 1.8436766 2.0057624 1.9225754 1.9350010 0.4977131 0.4999656 0.5003361 0.5013766 0.5012380 0.5018707 0.5081131 0.5035536 0.4930924 0.5055213 0.5047223 1.8799849 1.3799912 0.0353848 1.8815386 1.8113263 1.8100539 0.4955914 1.9179699 1.9174537 1.8180967 1.8065778 1.8061518 1.3737171 1.8513911 1.8438985 1.9162806 1.9122857 1.9087769 1.9094125 1.9165360 1.9156075 1.9166252 1.9177179 1.8061518 1.8452964 1.8438006 1.8437147 1.8433446 1.8036365 1.8396387 1.9651117 1.9669673 1.8197544 1.3239550 1.8211094 1.9681918 1.8547957 1.8949699 0.0180393 0.5201915 0.0068297 1.8149694 1.8356077 1.8111586 1.8068254 1.8056809 1.8038960 1.8034082 1.8072150 1.6081571 1.8605778 1.8508133 0.5039296 1.8693857 1.8094334 1.8048450 1.8160426 1.8135907 1.8176813 1.8179043 0.5004351 0.5004974 0.4973335 0.5264274 0.5025934 0.4986227 0.4996872 0.4319063 0.0180447 1.8943643 1.8792627 1.8164130 1.8073551 1.8070151 1.8111359 1.8053587 1.8111359 1.8070151 1.8088561 1.8066213 2.3733100 
NC_012671_Quang_Binh_virus                  0.0061325 0.0072313 0.0122500 0.0141667 0.1144864 0.9140178 0.9222358 0.9218722 0.9213735 0.4018133 1.9038780 0.9070624 1.8905454 1.8105213 1.9551146 0.0664728 1.8734136 0.0000000 0.4799499 1.8928690 1.9240761 1.9205781 1.9208759 0.0655103 1.9195406 1.9195406 0.3868629 0.0286310 0.4749577 0.4748542 0.4755082 1.7358661 0.4747859 0.0274577 1.8628815 1.8565308 1.9325321 0.4770345 0.4734645 1.8701680 1.6670036 0.0282864 0.0052909 0.3957314 0.4728957 0.4789100 0.0270753 0.3968112 0.3949659 1.7639851 1.7463647 1.7279939 1.9174259 1.9210454 1.9172344 1.9119910 1.9133325 1.9146594 1.9172720 1.9113961 1.9222882 1.9040596 1.9085519 1.8832358 1.8871933 1.8707288 0.1339876 0.4771243 0.4731306 1.9134218 1.7151349 1.7165640 0.4718304 0.4773524 0.4755247 1.8826468 0.9497157 0.9412845 1.7195571 1.7297930 1.7263124 1.7295931 1.7407990 1.7390401 1.7376876 1.7437390 0.4755247 0.3908497 0.3893425 0.3903686 0.3881953 0.4752876 1.0140656 1.7481383 1.7558683 0.4739222 1.8655949 0.4738105 1.7608903 0.9106893 1.8198425 1.8517113 2.0107548 1.8623268 0.4703891 0.9373329 0.4840779 0.4768270 0.4741480 0.4825791 0.4825570 0.4810325 1.9441568 0.3950246 0.3921170 1.9377586 0.9951975 0.4721236 0.4756760 0.4780439 0.4722467 0.4697886 0.4669902 1.9161023 1.9156124 1.9354097 2.1134452 1.9122930 1.9156256 1.9114001 1.8939981 1.8505270 0.5145969 0.1337574 0.4790410 0.4757134 0.4755852 0.4771032 0.4749623 0.4771032 0.4755852 0.4749123 0.4772658 2.4131423 
NC_008604_Culex_flavivirus                  0.4888873 0.4808018 0.4875127 0.4834066 0.4842097 0.9519687 0.9498827 0.9515735 0.9519953 0.4636213 1.9166448 0.9462127 1.9081310 1.7556020 1.8491537 0.4890441 1.8155587 0.4799499 0.0000000 1.7624142 1.8377198 1.8464973 1.8459827 0.4881387 1.9411334 1.9411334 0.4678968 0.4950214 0.0087784 0.0045574 0.0049383 1.7687918 0.0095531 0.4944913 1.8048556 1.8008685 1.8710699 0.0114909 0.0347000 1.8157506 1.6500696 0.4925334 0.4777388 0.4554861 0.0326841 0.0103420 0.4945295 0.4527415 0.4517296 1.7422094 1.7156045 1.7191653 1.8432172 1.8458308 1.8448840 1.8419205 1.8392124 1.8495657 1.8408469 1.8403638 1.8419295 1.8396209 1.8357029 1.8711987 1.9001621 1.8068544 0.4659199 0.0103153 0.0367112 1.8440069 1.7118030 1.7126220 0.0343003 0.0076332 0.0049383 1.9127633 0.9580803 0.9485954 1.7708084 1.7727583 1.7689771 1.7712580 1.7697586 1.7708717 1.7727743 1.7726735 0.0049383 0.4389597 0.4379457 0.4388616 0.4372547 0.0099396 1.0199247 1.7286815 1.7394219 0.0375632 1.8381874 0.0351183 1.7342096 0.9488784 1.7619369 1.7962688 1.9307432 1.8063634 0.0330807 0.9441214 0.0200339 0.0083820 0.0076229 0.0161046 0.0172542 0.0172643 1.9398045 0.4468884 0.4424438 1.8562278 1.0240695 0.0367353 0.0045595 0.0107147 0.0322840 0.0310265 0.0325068 1.8470168 1.8440608 1.8383559 2.0056166 1.8419584 1.8417273 1.8452961 1.7613028 1.7976938 0.4529873 0.4668389 0.0110848 0.0049401 0.0045579 0.0068534 0.0076175 0.0068534 0.0045579 0.0053234 0.0018918 2.3510224 
NC_005064_Kamiti_River_virus                1.9218140 1.8862306 1.8773352 1.8898075 1.8766691 1.8590892 1.8624248 1.8646613 1.8639353 1.8315980 1.5428177 1.8467229 1.5410222 1.8985889 1.5544215 1.9202925 0.4320857 1.8928690 1.7624142 0.0000000 0.3336962 0.3413088 0.3407292 1.9213284 1.5117336 1.5117336 1.8514285 1.8909805 1.7571230 1.7565064 1.7563957 1.8916820 1.7613129 1.8946653 0.4341831 0.4296570 1.3541008 1.7638910 1.7763959 0.4335813 1.7863460 1.8959995 1.8871143 1.8067332 1.7601680 1.7588451 1.8931357 1.8112061 1.8021947 1.9778881 1.9419129 1.9729057 0.3367920 0.3311211 0.3339413 0.3345092 0.3332760 0.3397262 0.3378696 0.3376290 0.3353061 0.3363115 0.3376858 1.8811125 1.3774765 0.4385058 1.8762930 1.7610583 1.7586337 0.3387276 1.9590731 1.9639375 1.7661328 1.7560028 1.7573801 1.3482763 1.8144287 1.8073400 1.9009982 1.8953429 1.8919318 1.8929828 1.8940655 1.8943786 1.8957131 1.8934877 1.7573801 1.7985222 1.7954825 1.7959916 1.7950383 1.7523048 1.8249973 2.0090140 1.9981500 1.7598514 1.2798096 1.7682809 1.9303425 1.8639312 1.8962435 0.4282183 0.3471459 0.4348400 1.7601421 1.7983978 1.7645042 1.7546554 1.7554310 1.7592108 1.7598298 1.7628126 1.5842370 1.8108882 1.8017296 0.3396897 1.8420607 1.7561152 1.7546142 1.7628192 1.7617391 1.7628290 1.7627890 0.3320265 0.3337914 0.3387426 0.3579033 0.3342299 0.3314858 0.3360918 0.0003770 0.4279364 1.8803705 1.8725236 1.7669965 1.7571459 1.7568184 1.7606115 1.7555586 1.7606115 1.7568184 1.7547330 1.7537851 2.3431923 
MZ972994_Cell_fusing_agent_virus            1.9525973 1.9218420 1.9121657 1.9295667 1.9414664 1.8850584 1.8694613 1.8665129 1.8711240 1.9201359 1.5947754 1.8709513 1.5921316 1.9303862 1.5806448 1.9604736 0.4929708 1.9240761 1.8377198 0.3336962 0.0000000 0.0236063 0.0232135 1.9586978 1.6159020 1.6159020 1.8852548 1.9225946 1.8278733 1.8325413 1.8324247 1.8899946 1.8316126 1.9207342 0.4893506 0.4880796 1.3663052 1.8345537 1.8420585 0.4924104 1.8045963 1.9221209 1.9202419 1.8895194 1.8322260 1.8291282 1.9207840 1.8963311 1.8860662 1.9585181 1.9055567 1.9293768 0.0154025 0.0307660 0.0329418 0.0303692 0.0295884 0.0228135 0.0252133 0.0299339 0.0060893 0.0243656 0.0279032 1.8931647 1.4163089 0.4927729 1.9254956 1.8309180 1.8246745 0.0239757 1.9299919 1.9307113 1.8344992 1.8288663 1.8314130 1.3764914 1.8658141 1.8524826 1.9121267 1.9044238 1.9020844 1.9016010 1.8949500 1.8909180 1.8920246 1.8955791 1.8314130 1.8559047 1.8580470 1.8567132 1.8570775 1.8229129 1.8686077 1.9299686 1.9372076 1.8286242 1.3307954 1.8361661 1.9347883 1.8818922 1.9309389 0.4874468 0.0276036 0.4914062 1.8323038 1.8527361 1.8398089 1.8244899 1.8284913 1.8238637 1.8244300 1.8264472 1.6314094 1.8822684 1.8678282 0.0223416 1.8728895 1.8276093 1.8297320 1.8326976 1.8338914 1.8326599 1.8320915 0.0307198 0.0303644 0.0256192 0.0295508 0.0299842 0.0303798 0.0307750 0.3335637 0.4865880 1.9234354 1.9219112 1.8380802 1.8325280 1.8320566 1.8342353 1.8308487 1.8342353 1.8320566 1.8315057 1.8286062 2.3415010 
MZ972993_Cell_fusing_agent_virus            1.9490607 1.9183724 1.9087050 1.9261621 1.9367864 1.8758155 1.8681840 1.8653944 1.8699935 1.9085131 1.5823062 1.8763149 1.5790371 1.9267401 1.5825473 1.9551964 0.5062669 1.9205781 1.8464973 0.3413088 0.0236063 0.0000000 0.0003779 1.9534223 1.5981845 1.5981845 1.8907984 1.9193349 1.8360246 1.8412908 1.8411738 1.8876993 1.8395834 1.9174754 0.5020835 0.4991042 1.3728308 1.8418493 1.8473140 0.5053149 1.7994335 1.9188576 1.9160839 1.8775451 1.8374680 1.8372797 1.9175231 1.8840187 1.8738158 1.9374450 1.8879153 1.9145959 0.0271513 0.0272291 0.0293885 0.0268336 0.0264371 0.0181714 0.0131245 0.0196540 0.0231429 0.0138168 0.0176724 1.8799501 1.4113910 0.5002982 1.9239063 1.8385461 1.8299077 0.0184921 1.9041425 1.9052695 1.8397450 1.8370532 1.8401593 1.3736410 1.8622930 1.8490011 1.9110876 1.9044639 1.9021282 1.9000389 1.8945660 1.8886198 1.8897235 1.8932699 1.8401593 1.8458577 1.8479887 1.8466579 1.8470229 1.8310450 1.8656736 1.9177209 1.9244518 1.8338625 1.3283974 1.8417609 1.9316384 1.8872830 1.9272901 0.4984616 0.0134365 0.5030499 1.8386733 1.8492523 1.8461054 1.8326638 1.8375929 1.8320452 1.8326030 1.8346308 1.6222445 1.8720588 1.8577014 0.0035201 1.8689580 1.8325474 1.8384719 1.8408593 1.8391373 1.8387294 1.8381534 0.0276077 0.0268294 0.0204046 0.0278178 0.0264486 0.0276477 0.0264450 0.3411732 0.4968826 1.9309639 1.9203229 1.8456392 1.8412761 1.8408039 1.8420723 1.8390447 1.8420723 1.8408039 1.8402545 1.8373526 2.3425140 
MZ972992_Cell_fusing_agent_virus            1.9493610 1.9186715 1.9090047 1.9264604 1.9370831 1.8765250 1.8688913 1.8661002 1.8707018 1.9088104 1.5821379 1.8770259 1.5788697 1.9265399 1.5823771 1.9554912 0.5056007 1.9208759 1.8459827 0.3407292 0.0232135 0.0003779 0.0000000 1.9537173 1.5980146 1.5980146 1.8904050 1.9196319 1.8355134 1.8407786 1.8406616 1.8876354 1.8390711 1.9177727 0.5014200 0.4984424 1.3724524 1.8413361 1.8467993 0.5046426 1.8000215 1.9191550 1.9163815 1.8778429 1.8369562 1.8367683 1.9178205 1.8843161 1.8741136 1.9372433 1.8877139 1.9143947 0.0267568 0.0268335 0.0289898 0.0264383 0.0260420 0.0177804 0.0127357 0.0192638 0.0227515 0.0134296 0.0172839 1.8794180 1.4112510 0.4996364 1.9242039 1.8380343 1.8293980 0.0181023 1.9039415 1.9050686 1.8392324 1.8365419 1.8396474 1.3737752 1.8624904 1.8491972 1.9110229 1.9043995 1.9020639 1.8999746 1.8945018 1.8885558 1.8896594 1.8932057 1.8396474 1.8461559 1.8482869 1.8469562 1.8473211 1.8305357 1.8663982 1.9175196 1.9242501 1.8333516 1.3288769 1.8412476 1.9314388 1.8879997 1.9270899 0.4978004 0.0130258 0.5023859 1.8381607 1.8494485 1.8458892 1.8321539 1.8370813 1.8315349 1.8320932 1.8341201 1.6220626 1.8723568 1.8579997 0.0031281 1.8696650 1.8323333 1.8379606 1.8403467 1.8386248 1.8385140 1.8379383 0.0272122 0.0264341 0.0197587 0.0273617 0.0260533 0.0272516 0.0260497 0.3405938 0.4962220 1.9312654 1.9206203 1.8451253 1.8407640 1.8402919 1.8415594 1.8385326 1.8415594 1.8402919 1.8397425 1.8368412 2.3422940 
MZ821064_Mosquito_flavivirus                0.0651350 0.0667686 0.0691714 0.0699168 0.1111214 0.9318913 0.9531786 0.9500330 0.9512971 0.4043758 1.9078750 0.9342835 1.8872553 1.8082555 1.9498149 0.0022669 1.9000098 0.0655103 0.4881387 1.9213284 1.9586978 1.9534223 1.9537173 0.0000000 1.9225411 1.9225411 0.3871455 0.0622987 0.4822017 0.4840968 0.4847550 1.7789689 0.4826795 0.0631359 1.8893598 1.8846023 1.9582669 0.4849122 0.4842730 1.8979946 1.6861748 0.0627519 0.0659550 0.4001766 0.4835974 0.4861971 0.0627462 0.4023826 0.3992346 1.7596147 1.7326143 1.7142355 1.9519416 1.9572382 1.9538747 1.9478388 1.9491870 1.9573135 1.9531134 1.9436659 1.9568743 1.9345459 1.9405364 1.8979492 1.8992322 1.8902882 0.1387536 0.4848803 0.4848463 1.9523510 1.7039805 1.7061003 0.4831066 0.4846232 0.4847724 1.8798376 0.9527224 0.9475716 1.7622344 1.7726087 1.7690713 1.7724434 1.7825443 1.7821784 1.7807843 1.7869887 0.4847724 0.3922797 0.3907633 0.3917949 0.3896111 0.4831243 1.0483334 1.7386638 1.7433899 0.4852235 1.8689584 0.4851085 1.7811392 0.9382903 1.8178622 1.8799581 2.0530503 1.8888223 0.4821213 0.9407652 0.4907301 0.4839281 0.4819908 0.4892438 0.4892138 0.4874802 1.9439536 0.3963776 0.3940254 1.9782502 1.0247826 0.4829087 0.4843158 0.4861794 0.4829425 0.4818107 0.4789753 1.9541422 1.9514741 1.9477550 2.1528821 1.9483868 1.9543077 1.9472242 1.9224689 1.8785172 0.5205027 0.1385264 0.4862534 0.4844339 0.4843032 0.4855077 0.4810981 0.4855077 0.4843032 0.4836262 0.4854332 2.3953015 
MZ358857_Aedes_notoscriptus_flavivirus      1.9405086 1.9187262 1.9157766 1.9177721 1.9341046 1.9850646 2.0066372 2.0055417 2.0109268 1.9816002 0.3661036 2.0138916 0.3605113 1.8616652 0.3920783 1.9222419 1.5683199 1.9195406 1.9411334 1.5117336 1.6159020 1.5981845 1.5980146 1.9225411 0.0000000 0.0000010 1.9852190 1.9151594 1.9237619 1.9206247 1.9198866 1.9568184 1.9224465 1.9172945 1.5632792 1.5581699 1.5261781 1.9290319 1.9385271 1.5715831 1.8674440 1.9179618 1.9192296 1.9481772 1.9167304 1.9273485 1.9141711 1.9445649 1.9417055 2.0311106 1.9698274 1.9253815 1.6070116 1.6002871 1.5989669 1.5968642 1.5951116 1.6062038 1.6075395 1.5936912 1.6175513 1.5936902 1.5952738 1.9210336 1.5193544 1.5492666 1.9154465 1.9254346 1.9232211 1.5996717 1.9270300 1.9237598 1.9309556 1.9208139 1.9192176 1.4738888 1.9332489 1.9225904 1.9667390 1.9621788 1.9652370 1.9678788 1.9596658 1.9559714 1.9578572 1.9625739 1.9192176 1.9211085 1.9169803 1.9148076 1.9182620 1.9187389 1.9628094 1.9815746 1.9832581 1.9171376 1.3921579 1.9312073 1.9808067 2.0151758 1.8616249 1.5554875 1.6543947 1.5651946 1.9264174 1.9197673 1.9279577 1.9206508 1.9219416 1.9264121 1.9251346 1.9261778 0.3642136 1.9384986 1.9223904 1.6027656 1.9606203 1.9204957 1.9214382 1.9305734 1.9180619 1.9267609 1.9211946 1.5978494 1.5963027 1.5988759 1.6767458 1.5969857 1.5950847 1.5948445 1.5126429 1.5553905 1.9619004 1.9195461 1.9336658 1.9231160 1.9211650 1.9230737 1.9245676 1.9230737 1.9211650 1.9199346 1.9316322 2.4834917 
MZ358856_Aedes_notoscriptus_flavivirus      1.9405086 1.9187262 1.9157766 1.9177721 1.9341046 1.9850646 2.0066372 2.0055417 2.0109268 1.9816002 0.3661036 2.0138916 0.3605113 1.8616652 0.3920783 1.9222419 1.5683199 1.9195406 1.9411334 1.5117336 1.6159020 1.5981845 1.5980146 1.9225411 0.0000010 0.0000000 1.9852190 1.9151594 1.9237619 1.9206247 1.9198866 1.9568184 1.9224465 1.9172945 1.5632792 1.5581699 1.5261781 1.9290319 1.9385271 1.5715831 1.8674440 1.9179618 1.9192296 1.9481772 1.9167304 1.9273485 1.9141711 1.9445649 1.9417055 2.0311106 1.9698274 1.9253815 1.6070116 1.6002871 1.5989669 1.5968642 1.5951116 1.6062038 1.6075395 1.5936912 1.6175513 1.5936902 1.5952738 1.9210336 1.5193544 1.5492666 1.9154465 1.9254346 1.9232211 1.5996717 1.9270300 1.9237598 1.9309556 1.9208139 1.9192176 1.4738888 1.9332489 1.9225904 1.9667390 1.9621788 1.9652370 1.9678788 1.9596658 1.9559714 1.9578572 1.9625739 1.9192176 1.9211085 1.9169803 1.9148076 1.9182620 1.9187389 1.9628094 1.9815746 1.9832581 1.9171376 1.3921579 1.9312073 1.9808067 2.0151758 1.8616249 1.5554875 1.6543947 1.5651946 1.9264174 1.9197673 1.9279577 1.9206508 1.9219416 1.9264121 1.9251346 1.9261778 0.3642136 1.9384986 1.9223904 1.6027656 1.9606203 1.9204957 1.9214382 1.9305734 1.9180619 1.9267609 1.9211946 1.5978494 1.5963027 1.5988759 1.6767458 1.5969857 1.5950847 1.5948445 1.5126429 1.5553905 1.9619004 1.9195461 1.9336658 1.9231160 1.9211650 1.9230737 1.9245676 1.9230737 1.9211650 1.9199346 1.9316322 2.4834917 
